89.999001 0.000000 0.483600 0.897500 
89.999001 0.900000 0.483313 0.895420 
89.999001 1.800000 0.482473 0.889179 
89.999001 2.700000 0.481149 0.878770 
89.999001 3.600000 0.479510 0.864179 
89.999001 4.500000 0.478073 0.845388 
89.999001 5.400000 0.478319 0.822371 
89.999001 6.300000 0.484718 0.795082 
89.999001 7.200000 0.510950 0.763434 
89.999001 8.099999 0.598906 0.727210 
89.999001 9.000000 0.873627 0.685840 
89.999001 9.900000 1.669497 0.638117 
89.999001 10.799999 3.558708 0.584538 
89.999001 11.700000 5.787912 0.547610 
89.999001 12.599999 4.146903 0.587953 
89.999001 13.500000 1.999657 0.659577 
89.999001 14.400000 1.001965 0.728249 
89.999001 15.299999 0.648967 0.790655 
89.999001 16.199999 0.536432 0.847858 
89.999001 17.100000 0.504384 0.900505 
89.999001 18.000000 0.498565 0.948864 
89.999001 18.900000 0.501211 0.993061 
89.999001 19.799999 0.506513 1.033175 
89.999001 20.699999 0.512490 1.069269 
89.999001 21.599998 0.518423 1.101398 
89.999001 22.500000 0.524021 1.129612 
89.999001 23.400000 0.529132 1.153960 
89.999001 24.299999 0.533636 1.174484 
89.999001 25.199999 0.537448 1.191221 
89.999001 26.099998 0.540500 1.204205 
89.999001 27.000000 0.542729 1.213460 
89.999001 27.900000 0.544090 1.219006 
89.999001 28.799999 0.544535 1.220855 
89.999001 29.699999 0.544062 1.219009 
89.999001 30.599998 0.542682 1.213467 
89.999001 31.500000 0.540433 1.204218 
89.999001 32.399998 0.537363 1.191242 
89.999001 33.299999 0.533528 1.174516 
89.999001 34.200001 0.529019 1.154007 
89.999001 35.099998 0.523889 1.129680 
89.999001 36.000000 0.518250 1.101490 
89.999001 36.899998 0.512213 1.069394 
89.999001 37.799999 0.505935 1.033340 
89.999001 38.700001 0.499749 0.993275 
89.999001 39.599998 0.494452 0.949141 
89.999001 40.500000 0.492314 0.900874 
89.999001 41.399998 0.500112 0.848389 
89.999001 42.299999 0.538656 0.791541 
89.999001 43.199997 0.671881 0.730004 
89.999001 44.099998 1.088780 0.662969 
89.999001 45.000000 2.264347 0.589070 
89.999001 45.899998 4.771496 0.512119 
89.999001 46.799999 6.727133 0.471296 
89.999001 47.699997 4.387132 0.519885 
89.999001 48.599998 2.039495 0.595998 
89.999001 49.500000 1.002907 0.667416 
89.999001 50.399998 0.642717 0.732092 
89.999001 51.299999 0.528798 0.791415 
89.999001 52.199997 0.496392 0.846113 
89.999001 53.099998 0.490359 0.896479 
89.999001 54.000000 0.492799 0.942644 
89.999001 54.899998 0.497871 0.984689 
89.999001 55.799999 0.503622 1.022678 
89.999001 56.699997 0.509358 1.056667 
89.999001 57.599998 0.514797 1.086707 
89.999001 58.500000 0.519783 1.112846 
89.999001 59.399998 0.524237 1.135130 
89.999001 60.299999 0.528061 1.153596 
89.999001 61.199997 0.531178 1.168280 
89.999001 62.099998 0.533553 1.179209 
89.999001 63.000000 0.535113 1.186406 
89.999001 63.899998 0.535854 1.189887 
89.999001 64.799995 0.535750 1.189659 
89.999001 65.699997 0.534812 1.185724 
89.999001 66.599998 0.533053 1.178077 
89.999001 67.500000 0.530500 1.166705 
89.999001 68.400002 0.527221 1.151590 
89.999001 69.299995 0.523274 1.132705 
89.999001 70.199997 0.518726 1.110021 
89.999001 71.099998 0.513656 1.083499 
89.999001 72.000000 0.508181 1.053100 
89.999001 72.900002 0.502466 1.018779 
89.999001 73.799995 0.496890 0.980486 
89.999001 74.699997 0.492360 0.938168 
89.999001 75.599998 0.491503 0.891761 
89.999001 76.500000 0.502133 0.841180 
89.999001 77.400002 0.548036 0.786269 
89.999001 78.299995 0.701453 0.726665 
89.999001 79.199997 1.171366 0.661488 
89.999001 80.099998 2.455230 0.589485 
89.999001 81.000000 4.993988 0.516482 
89.999001 81.900002 6.404518 0.486755 
89.999001 82.799995 3.910168 0.539640 
89.999001 83.699997 1.812877 0.611770 
89.999001 84.599998 0.924086 0.678209 
89.999001 85.500000 0.617735 0.738158 
89.999001 86.399994 0.520822 0.792927 
89.999001 87.299995 0.493370 0.843150 
89.999001 88.199997 0.488501 0.889080 
89.999001 89.099998 0.490897 0.930830 
89.999001 90.000000 0.495518 0.968467 
89.999001 90.899994 0.500651 1.002042 
89.999001 91.799995 0.505672 1.031601 
89.999001 92.699997 0.510345 1.057182 
89.999001 93.599998 0.514512 1.078821 
89.999001 94.500000 0.518080 1.096551 
89.999001 95.399994 0.520984 1.110399 
89.999001 96.299995 0.523165 1.120386 
89.999001 97.199997 0.524558 1.126529 
89.999001 98.099998 0.525130 1.128839 
89.999001 99.000000 0.524874 1.127322 
89.999001 99.899994 0.523788 1.121977 
89.999001 100.799995 0.521885 1.112797 
89.999001 101.699997 0.519208 1.099770 
89.999001 102.599998 0.515809 1.082878 
89.999001 103.500000 0.511774 1.062100 
89.999001 104.399994 0.507197 1.037407 
89.999001 105.299995 0.502188 1.008769 
89.999001 106.199997 0.496982 0.976151 
89.999001 107.099998 0.492076 0.939514 
89.999001 108.000000 0.488765 0.898812 
89.999001 108.899994 0.490797 0.853989 
89.999001 109.799995 0.509404 0.804954 
89.999001 110.699997 0.578690 0.751513 
89.999001 111.599998 0.800903 0.693176 
89.999001 112.500000 1.459527 0.628816 
89.999001 113.399994 3.136480 0.557687 
89.999001 114.299995 5.821014 0.492973 
89.999001 115.199997 5.919015 0.492096 
89.999001 116.099998 3.235026 0.558133 
89.999001 117.000000 1.502307 0.632241 
89.999001 117.899994 0.816453 0.699757 
89.999001 118.799995 0.584940 0.761225 
89.999001 119.699997 0.512975 0.817781 
89.999001 120.599998 0.493891 0.869925 
89.999001 121.500000 0.492138 0.917857 
89.999001 122.399994 0.496026 0.961675 
89.999001 123.299995 0.501662 1.001439 
89.999001 124.199997 0.507702 1.037201 
89.999001 125.099998 0.513606 1.069004 
89.999001 126.000000 0.519165 1.096890 
89.999001 126.899994 0.524209 1.120897 
89.999001 127.799995 0.528633 1.141057 
89.999001 128.699997 0.532342 1.157403 
89.999001 129.599991 0.535250 1.169957 
89.999001 130.500000 0.537291 1.178740 
89.999001 131.399994 0.538418 1.183765 
89.999001 132.300003 0.538616 1.185039 
89.999001 133.199997 0.537889 1.182563 
89.999001 134.099991 0.536248 1.176331 
89.999001 135.000000 0.533755 1.166331 
89.999001 135.899994 0.530456 1.152544 
89.999001 136.800003 0.526433 1.134945 
89.999001 137.699997 0.521782 1.113505 
89.999001 138.599991 0.516588 1.088189 
89.999001 139.500000 0.510959 1.058959 
89.999001 140.399994 0.505038 1.025771 
89.999001 141.300003 0.499092 0.988578 
89.999001 142.199997 0.493776 0.947332 
89.999001 143.099991 0.490878 0.901975 
89.999001 144.000000 0.495679 0.852435 
89.999001 144.899994 0.524267 0.798592 
89.999001 145.800003 0.625977 0.740183 
89.999001 146.699997 0.948183 0.676549 
89.999001 147.599991 1.881622 0.606355 
89.999001 148.500000 4.061838 0.530728 
89.999001 149.399994 6.556475 0.476561 
89.999001 150.300003 5.048538 0.507262 
89.999001 151.199997 2.470187 0.580956 
89.999001 152.099991 1.174851 0.653395 
89.999001 153.000000 0.701766 0.718919 
89.999001 153.899994 0.547479 0.778834 
89.999001 154.800003 0.501340 0.834037 
89.999001 155.699997 0.490640 0.884895 
89.999001 156.599991 0.491471 0.931566 
89.999001 157.500000 0.495987 0.974135 
89.999001 158.399994 0.501551 1.012664 
89.999001 159.300003 0.507256 1.047209 
89.999001 160.199997 0.512720 1.077817 
89.999001 161.099991 0.517780 1.104534 
89.999001 162.000000 0.522331 1.127399 
89.999001 162.899994 0.526274 1.146450 
89.999001 163.800003 0.529553 1.161717 
89.999001 164.699997 0.532106 1.173226 
89.999001 165.599991 0.533874 1.180996 
89.999001 166.500000 0.534821 1.185040 
89.999001 167.399994 0.534936 1.185363 
89.999001 168.300003 0.534220 1.181966 
89.999001 169.199997 0.532681 1.174839 
89.999001 170.099991 0.530324 1.163967 
89.999001 171.000000 0.527229 1.149330 
89.999001 171.899994 0.523434 1.130898 
89.999001 172.799988 0.519010 1.108638 
89.999001 173.699997 0.514051 1.082513 
89.999001 174.599991 0.508658 1.052477 
89.999001 175.500000 0.502978 1.018485 
89.999001 176.399994 0.497324 0.980484 
89.999001 177.299988 0.492473 0.938419 
89.999001 178.199997 0.490642 0.892226 
89.999001 179.099991 0.498449 0.841823 
89.999001 180.000000 0.536155 0.787067 
89.999001 180.899994 0.665987 0.727637 
89.999001 181.799988 1.072005 0.662736 
89.999001 182.699997 2.219050 0.590986 
89.999001 183.599991 4.686462 0.515849 
89.999001 184.500000 6.680858 0.475231 
89.999001 185.399994 4.379062 0.523671 
89.999001 186.299988 2.038217 0.600016 
89.999001 187.199997 1.002785 0.671782 
89.999001 188.099991 0.643085 0.736832 
89.999001 189.000000 0.529462 0.796532 
89.999001 189.899994 0.497264 0.851601 
89.999001 190.799988 0.491395 0.902327 
89.999001 191.699997 0.494001 0.948841 
89.999001 192.599991 0.499244 0.991222 
89.999001 193.500000 0.505178 1.029531 
89.999001 194.399994 0.511101 1.063825 
89.999001 195.299988 0.516724 1.094152 
89.999001 196.199997 0.521913 1.120560 
89.999001 197.099991 0.526568 1.143093 
89.999001 198.000000 0.530590 1.161788 
89.999001 198.899994 0.533893 1.176678 
89.999001 199.799988 0.536430 1.187790 
89.999001 200.699997 0.538147 1.195146 
89.999001 201.599991 0.539012 1.198758 
89.999001 202.500000 0.538985 1.198634 
89.999001 203.399994 0.538070 1.194773 
89.999001 204.299988 0.536313 1.187168 
89.999001 205.199997 0.533735 1.175803 
89.999001 206.099991 0.530407 1.160656 
89.999001 207.000000 0.526371 1.141700 
89.999001 207.899994 0.521706 1.118900 
89.999001 208.799988 0.516555 1.092217 
89.999001 209.699997 0.511068 1.061607 
89.999001 210.599991 0.505639 1.027022 
89.999001 211.500000 0.501209 0.988407 
89.999001 212.399994 0.500424 0.945700 
89.999001 213.299988 0.511171 0.898817 
89.999001 214.199997 0.557349 0.847612 
89.999001 215.099991 0.711062 0.791753 
89.999001 216.000000 1.177602 0.730481 
89.999001 216.899994 2.419833 0.663092 
89.999001 217.799988 4.662458 0.597721 
89.999001 218.699997 5.121762 0.580529 
89.999001 219.599991 2.811178 0.623860 
89.999001 220.500000 1.335475 0.672963 
89.999001 221.399994 0.757429 0.715585 
89.999001 222.299988 0.562295 0.752350 
89.999001 223.199997 0.500542 0.784228 
89.999001 224.099991 0.482538 0.811635 
89.999001 225.000000 0.478491 0.834728 
89.999001 225.899994 0.478662 0.853573 
89.999001 226.799988 0.479867 0.868204 
89.999001 227.699997 0.481044 0.878642 
89.999001 228.599991 0.481831 0.884899 
89.999001 229.500000 0.482105 0.886984 
