162.999008 0.000000 0.498415 0.993771 
162.999008 0.900000 0.498086 0.991746 
162.999008 1.800000 0.497112 0.985668 
162.999008 2.700000 0.495514 0.975529 
162.999008 3.600000 0.493329 0.961314 
162.999008 4.500000 0.490645 0.943006 
162.999008 5.400000 0.487654 0.920581 
162.999008 6.300000 0.484846 0.894009 
162.999008 7.200000 0.483626 0.863254 
162.999008 8.099999 0.488176 0.828264 
162.999008 9.000000 0.511285 0.788947 
162.999008 9.900000 0.592331 0.745093 
162.999008 10.799999 0.849965 0.696167 
162.999008 11.700000 1.608009 0.640996 
162.999008 12.599999 3.460669 0.579722 
162.999008 13.500000 5.877431 0.532567 
162.999008 14.400000 4.578459 0.561989 
162.999008 15.299999 2.251701 0.630870 
162.999008 16.199999 1.097321 0.698295 
162.999008 17.100000 0.678802 0.759197 
162.999008 18.000000 0.543088 0.814682 
162.999008 18.900000 0.502953 0.865513 
162.999008 19.799999 0.494032 0.912003 
162.999008 20.699999 0.495192 0.954291 
162.999008 21.599998 0.499493 0.992455 
162.999008 22.500000 0.504600 1.026554 
162.999008 23.400000 0.509678 1.056636 
162.999008 24.299999 0.514419 1.082748 
162.999008 25.199999 0.518644 1.104928 
162.999008 26.099998 0.522276 1.123212 
162.999008 27.000000 0.525233 1.137631 
162.999008 27.900000 0.527443 1.148208 
162.999008 28.799999 0.528872 1.154963 
162.999008 29.699999 0.529510 1.157909 
162.999008 30.599998 0.529327 1.157050 
162.999008 31.500000 0.528324 1.152384 
162.999008 32.399998 0.526525 1.143903 
162.999008 33.299999 0.523968 1.131591 
162.999008 34.200001 0.520687 1.115429 
162.999008 35.099998 0.516772 1.095390 
162.999008 36.000000 0.512278 1.071442 
162.999008 36.899998 0.507300 1.043547 
162.999008 37.799999 0.501984 1.011663 
162.999008 38.700001 0.496599 0.975745 
162.999008 39.599998 0.491829 0.935742 
162.999008 40.500000 0.489604 0.891598 
162.999008 41.399998 0.495610 0.843237 
162.999008 42.299999 0.527330 0.790533 
162.999008 43.199997 0.638649 0.733204 
162.999008 44.099998 0.990474 0.670540 
162.999008 45.000000 2.003773 0.601174 
162.999008 45.899998 4.306579 0.527018 
162.999008 46.799999 6.619637 0.479504 
162.999008 47.699997 4.661868 0.520224 
162.999008 48.599998 2.210487 0.595574 
162.999008 49.500000 1.069433 0.667637 
162.999008 50.399998 0.665604 0.732895 
162.999008 51.299999 0.536588 0.792697 
162.999008 52.199997 0.499245 0.847827 
162.999008 53.099998 0.491651 0.898604 
162.999008 54.000000 0.493658 0.945166 
162.999008 54.899998 0.498685 0.987596 
162.999008 55.799999 0.504513 1.025957 
162.999008 56.699997 0.510399 1.060302 
162.999008 57.599998 0.515980 1.090683 
162.999008 58.500000 0.521126 1.117146 
162.999008 59.399998 0.525741 1.139735 
162.999008 60.299999 0.529728 1.158487 
162.999008 61.199997 0.533014 1.173436 
162.999008 62.099998 0.535527 1.184608 
162.999008 63.000000 0.537217 1.192024 
162.999008 63.899998 0.538060 1.195701 
162.999008 64.799995 0.538040 1.195643 
162.999008 65.699997 0.537168 1.191851 
162.999008 66.599998 0.535448 1.184318 
162.999008 67.500000 0.532907 1.173028 
162.999008 68.400002 0.529581 1.157961 
162.999008 69.299995 0.525568 1.139091 
162.999008 70.199997 0.520928 1.116383 
162.999008 71.099998 0.515757 1.089800 
162.999008 72.000000 0.510151 1.059298 
162.999008 72.900002 0.504303 1.024832 
162.999008 73.799995 0.498517 0.986351 
162.999008 74.699997 0.493619 0.943799 
162.999008 75.599998 0.491975 0.897114 
162.999008 76.500000 0.500611 0.846210 
162.999008 77.400002 0.541120 0.790942 
162.999008 78.299995 0.679658 0.730977 
162.999008 79.199997 1.110625 0.665492 
162.999008 80.099998 2.314758 0.593165 
162.999008 81.000000 4.820911 0.518457 
162.999008 81.900002 6.555088 0.482412 
162.999008 82.799995 4.112564 0.533149 
162.999008 83.699997 1.901176 0.606792 
162.999008 84.599998 0.952514 0.675105 
162.999008 85.500000 0.626104 0.736808 
162.999008 86.399994 0.523389 0.793245 
162.999008 87.299995 0.494409 0.845083 
162.999008 88.199997 0.489243 0.892587 
162.999008 89.099998 0.491665 0.935878 
162.999008 90.000000 0.496397 0.975026 
162.999008 90.899994 0.501669 1.010090 
162.999008 91.799995 0.506823 1.041116 
162.999008 92.699997 0.511607 1.068150 
162.999008 93.599998 0.515896 1.091232 
162.999008 94.500000 0.519587 1.110398 
162.999008 95.399994 0.522652 1.125681 
162.999008 96.299995 0.524991 1.137104 
162.999008 97.199997 0.526601 1.144688 
162.999008 98.099998 0.527390 1.148447 
162.999008 99.000000 0.527358 1.148387 
162.999008 99.899994 0.526560 1.144506 
162.999008 100.799995 0.524941 1.136800 
162.999008 101.699997 0.522592 1.125254 
162.999008 102.599998 0.519519 1.109850 
162.999008 103.500000 0.515765 1.090561 
162.999008 104.399994 0.511456 1.067356 
162.999008 105.299995 0.506646 1.040200 
162.999008 106.199997 0.501494 1.009052 
162.999008 107.099998 0.496260 0.973867 
162.999008 108.000000 0.491634 0.934597 
162.999008 108.899994 0.489542 0.891183 
162.999008 109.799995 0.495713 0.843552 
162.999008 110.699997 0.527709 0.791579 
162.999008 111.599998 0.639607 0.734980 
162.999008 112.500000 0.992796 0.673047 
162.999008 113.399994 2.008105 0.604429 
162.999008 114.299995 4.303888 0.531158 
162.999008 115.199997 6.555045 0.485081 
162.999008 116.099998 4.537430 0.526699 
162.999008 117.000000 2.143553 0.600748 
162.999008 117.899994 1.044540 0.671113 
162.999008 118.799995 0.657292 0.734720 
162.999008 119.699997 0.533785 0.792913 
162.999008 120.599998 0.498098 0.846451 
162.999008 121.500000 0.490884 0.895638 
162.999008 122.399994 0.492820 0.940608 
162.999008 123.299995 0.497602 0.981440 
162.999008 124.199997 0.503132 1.018195 
162.999008 125.099998 0.508650 1.050924 
162.999008 126.000000 0.513830 1.079675 
162.999008 126.899994 0.518566 1.104491 
162.999008 127.799995 0.522729 1.125413 
162.999008 128.699997 0.526265 1.142473 
162.999008 129.599991 0.529081 1.155702 
162.999008 130.500000 0.531119 1.165122 
162.999008 131.399994 0.532347 1.170751 
162.999008 132.300003 0.532755 1.172598 
162.999008 133.199997 0.532328 1.170666 
162.999008 134.099991 0.531081 1.164954 
162.999008 135.000000 0.529025 1.155449 
162.999008 135.899994 0.526193 1.142135 
162.999008 136.800003 0.522642 1.124989 
162.999008 137.699997 0.518464 1.103982 
162.999008 138.599991 0.513727 1.079078 
162.999008 139.500000 0.508526 1.050241 
162.999008 140.399994 0.502990 1.017425 
162.999008 141.300003 0.497405 0.980585 
162.999008 142.199997 0.492478 0.939666 
162.999008 143.099991 0.490144 0.894612 
162.999008 144.000000 0.496198 0.845343 
162.999008 144.899994 0.528394 0.791733 
162.999008 145.800003 0.641370 0.733494 
162.999008 146.699997 0.998425 0.669909 
162.999008 147.599991 2.025662 0.599605 
162.999008 148.500000 4.350881 0.524622 
162.999008 149.399994 6.653360 0.477003 
162.999008 150.300003 4.672235 0.518025 
162.999008 151.199997 2.213214 0.593570 
162.999008 152.099991 1.070125 0.665776 
162.999008 153.000000 0.665676 0.731159 
162.999008 153.899994 0.536469 0.791081 
162.999008 154.800003 0.499049 0.846331 
162.999008 155.699997 0.491441 0.897225 
162.999008 156.599991 0.493450 0.943904 
162.999008 157.500000 0.498475 0.986450 
162.999008 158.399994 0.504302 1.024927 
162.999008 159.300003 0.510161 1.059387 
162.999008 160.199997 0.515779 1.089883 
162.999008 161.099991 0.520961 1.116462 
162.999008 162.000000 0.525610 1.139165 
162.999008 162.899994 0.529632 1.158030 
162.999008 163.800003 0.532950 1.173091 
162.999008 164.699997 0.535494 1.184375 
162.999008 165.599991 0.537217 1.191903 
162.999008 166.500000 0.538087 1.195689 
162.999008 167.399994 0.538092 1.195741 
162.999008 168.300003 0.537219 1.192059 
162.999008 169.199997 0.535524 1.184638 
162.999008 170.099991 0.533011 1.173461 
162.999008 171.000000 0.529741 1.158507 
162.999008 171.899994 0.525748 1.139751 
162.999008 172.799988 0.521128 1.117158 
162.999008 173.699997 0.515977 1.090690 
162.999008 174.599991 0.510392 1.060305 
162.999008 175.500000 0.504545 1.025955 
162.999008 176.399994 0.498734 0.987590 
162.999008 177.299988 0.493811 0.945155 
162.999008 178.199997 0.492114 0.898586 
162.999008 179.099991 0.500628 0.847800 
162.999008 180.000000 0.540765 0.792653 
162.999008 180.899994 0.678131 0.732814 
162.999008 181.799988 1.105634 0.667466 
162.999008 182.699997 2.300978 0.595297 
162.999008 183.599991 4.793864 0.520698 
162.999008 184.500000 6.529595 0.484424 
162.999008 185.399994 4.094459 0.534650 
162.999008 186.299988 1.893424 0.607570 
162.999008 187.199997 0.949826 0.675132 
162.999008 188.099991 0.625138 0.736091 
162.999008 189.000000 0.522911 0.791787 
162.999008 189.899994 0.494021 0.842884 
162.999008 190.799988 0.488782 0.889645 
162.999008 191.699997 0.491099 0.932189 
162.999008 192.599991 0.495691 0.970587 
162.999008 193.500000 0.500785 1.004894 
162.999008 194.399994 0.505762 1.035157 
162.999008 195.299988 0.510399 1.061419 
162.999008 196.199997 0.514506 1.083720 
162.999008 197.099991 0.518019 1.102091 
162.999008 198.000000 0.520872 1.116562 
162.999008 198.899994 0.523000 1.127158 
162.999008 199.799988 0.524404 1.133894 
162.999008 200.699997 0.525012 1.136783 
162.999008 201.599991 0.524806 1.135829 
162.999008 202.500000 0.523810 1.131031 
162.999008 203.399994 0.522053 1.122380 
162.999008 204.299988 0.519565 1.109861 
162.999008 205.199997 0.516397 1.093453 
162.999008 206.099991 0.512602 1.073130 
162.999008 207.000000 0.508275 1.048859 
162.999008 207.899994 0.503603 1.020604 
162.999008 208.799988 0.498956 0.988322 
162.999008 209.699997 0.495267 0.951967 
162.999008 210.599991 0.495253 0.911481 
162.999008 211.500000 0.507011 0.866784 
162.999008 212.399994 0.555138 0.817726 
162.999008 213.299988 0.714071 0.763960 
162.999008 214.199997 1.196133 0.704668 
162.999008 215.099991 2.481920 0.639006 
162.999008 216.000000 4.817815 0.575052 
162.999008 216.899994 5.361243 0.560228 
162.999008 217.799988 2.958627 0.609979 
162.999008 218.699997 1.392036 0.667007 
162.999008 219.599991 0.776694 0.717603 
162.999008 220.500000 0.569767 0.762277 
162.999008 221.399994 0.504983 0.802042 
162.999008 222.299988 0.486758 0.837335 
162.999008 223.199997 0.483430 0.868329 
162.999008 224.099991 0.484668 0.895101 
162.999008 225.000000 0.487083 0.917694 
162.999008 225.899994 0.489523 0.936140 
162.999008 226.799988 0.491593 0.950462 
162.999008 227.699997 0.493130 0.960679 
162.999008 228.599991 0.494069 0.966804 
162.999008 229.500000 0.494383 0.968845 
