189.999008 0.000000 0.501438 1.012275 
189.999008 0.900000 0.501098 1.010264 
189.999008 1.800000 0.500105 1.004228 
189.999008 2.700000 0.498476 0.994159 
189.999008 3.600000 0.496239 0.980044 
189.999008 4.500000 0.493472 0.961862 
189.999008 5.400000 0.490341 0.939592 
189.999008 6.300000 0.487224 0.913202 
189.999008 7.200000 0.485187 0.882657 
189.999008 8.099999 0.487362 0.847909 
189.999008 9.000000 0.503203 0.808880 
189.999008 9.900000 0.561651 0.765406 
189.999008 10.799999 0.750240 0.717074 
189.999008 11.700000 1.315987 0.662907 
189.999008 12.599999 2.791667 0.602064 
189.999008 13.500000 5.277014 0.545297 
189.999008 14.400000 5.363955 0.546782 
189.999008 15.299999 2.870791 0.609821 
189.999008 16.199999 1.349244 0.678646 
189.999008 17.100000 0.763746 0.741076 
189.999008 18.000000 0.569433 0.797717 
189.999008 18.900000 0.510094 0.849524 
189.999008 19.799999 0.494954 0.896914 
189.999008 20.699999 0.494091 0.940060 
189.999008 21.599998 0.497728 0.979052 
189.999008 22.500000 0.502620 1.013953 
189.999008 23.400000 0.507659 1.044813 
189.999008 24.299999 0.512416 1.071679 
189.999008 25.199999 0.516692 1.094591 
189.999008 26.099998 0.520384 1.113585 
189.999008 27.000000 0.523420 1.128693 
189.999008 27.900000 0.525732 1.139940 
189.999008 28.799999 0.527300 1.147345 
189.999008 29.699999 0.528053 1.150923 
189.999008 30.599998 0.527986 1.150681 
189.999008 31.500000 0.527111 1.146618 
189.999008 32.399998 0.525452 1.138727 
189.999008 33.299999 0.523040 1.126994 
189.999008 34.200001 0.519904 1.111401 
189.999008 35.099998 0.516114 1.091921 
189.999008 36.000000 0.511746 1.068525 
189.999008 36.899998 0.506865 1.041175 
189.999008 37.799999 0.501646 1.009832 
189.999008 38.700001 0.496353 0.974452 
189.999008 39.599998 0.491632 0.934984 
189.999008 40.500000 0.489340 0.891372 
189.999008 41.399998 0.494973 0.843543 
189.999008 42.299999 0.525440 0.791375 
189.999008 43.199997 0.632755 0.734592 
189.999008 44.099998 0.972714 0.672505 
189.999008 45.000000 1.955878 0.603758 
189.999008 45.899998 4.216537 0.529959 
189.999008 46.799999 6.589241 0.481064 
189.999008 47.699997 4.727569 0.519787 
189.999008 48.599998 2.253616 0.594840 
189.999008 49.500000 1.086500 0.666981 
189.999008 50.399998 0.671453 0.732303 
189.999008 51.299999 0.538494 0.792143 
189.999008 52.199997 0.499826 0.847303 
189.999008 53.099998 0.491792 0.898104 
189.999008 54.000000 0.493646 0.944691 
189.999008 54.899998 0.498614 0.987146 
189.999008 55.799999 0.504437 1.025531 
189.999008 56.699997 0.510303 1.059901 
189.999008 57.599998 0.515908 1.090309 
189.999008 58.500000 0.521079 1.116799 
189.999008 59.399998 0.525693 1.139415 
189.999008 60.299999 0.529680 1.158194 
189.999008 61.199997 0.532966 1.173169 
189.999008 62.099998 0.535478 1.184368 
189.999008 63.000000 0.537169 1.191810 
189.999008 63.899998 0.538038 1.195511 
189.999008 64.799995 0.538038 1.195479 
189.999008 65.699997 0.537168 1.191710 
189.999008 66.599998 0.535448 1.184201 
189.999008 67.500000 0.532907 1.172936 
189.999008 68.400002 0.529581 1.157894 
189.999008 69.299995 0.525568 1.139049 
189.999008 70.199997 0.520928 1.116368 
189.999008 71.099998 0.515757 1.089813 
189.999008 72.000000 0.510151 1.059341 
189.999008 72.900002 0.504303 1.024905 
189.999008 73.799995 0.498517 0.986453 
189.999008 74.699997 0.493614 0.943931 
189.999008 75.599998 0.491953 0.897275 
189.999008 76.500000 0.500514 0.846402 
189.999008 77.400002 0.540710 0.791166 
189.999008 78.299995 0.678306 0.731235 
189.999008 79.199997 1.106682 0.665790 
189.999008 80.099998 2.304757 0.593508 
189.999008 81.000000 4.805511 0.518758 
189.999008 81.900002 6.559668 0.482298 
189.999008 82.799995 4.127065 0.532755 
189.999008 83.699997 1.908824 0.606402 
189.999008 84.599998 0.955344 0.674758 
189.999008 85.500000 0.627038 0.736499 
189.999008 86.399994 0.523668 0.792968 
189.999008 87.299995 0.494481 0.844837 
189.999008 88.199997 0.489243 0.892371 
189.999008 89.099998 0.491656 0.935692 
189.999008 90.000000 0.496383 0.974871 
189.999008 90.899994 0.501649 1.009964 
189.999008 91.799995 0.506823 1.041020 
189.999008 92.699997 0.511607 1.068083 
189.999008 93.599998 0.515896 1.091195 
189.999008 94.500000 0.519590 1.110389 
189.999008 95.399994 0.522656 1.125699 
189.999008 96.299995 0.524998 1.137149 
189.999008 97.199997 0.526613 1.144758 
189.999008 98.099998 0.527407 1.148541 
189.999008 99.000000 0.527410 1.148504 
189.999008 99.899994 0.526593 1.144649 
189.999008 100.799995 0.524989 1.136967 
189.999008 101.699997 0.522622 1.125445 
189.999008 102.599998 0.519530 1.110065 
189.999008 103.500000 0.515811 1.090800 
189.999008 104.399994 0.511505 1.067620 
189.999008 105.299995 0.506676 1.040490 
189.999008 106.199997 0.501509 1.009368 
189.999008 107.099998 0.496294 0.974210 
189.999008 108.000000 0.491658 0.934968 
189.999008 108.899994 0.489535 0.891583 
189.999008 109.799995 0.495591 0.843981 
189.999008 110.699997 0.527234 0.792038 
189.999008 111.599998 0.638096 0.735473 
189.999008 112.500000 0.988243 0.673583 
189.999008 113.399994 1.996105 0.605017 
189.999008 114.299995 4.282511 0.531728 
189.999008 115.199997 6.551981 0.485192 
189.999008 116.099998 4.558374 0.526273 
189.999008 117.000000 2.156497 0.600265 
189.999008 117.899994 1.049554 0.670668 
189.999008 118.799995 0.658986 0.734307 
189.999008 119.699997 0.534295 0.792523 
189.999008 120.599998 0.498225 0.846080 
189.999008 121.500000 0.490885 0.895285 
189.999008 122.399994 0.492793 0.940273 
189.999008 123.299995 0.497573 0.981122 
189.999008 124.199997 0.503102 1.017893 
189.999008 125.099998 0.508598 1.050638 
189.999008 126.000000 0.513782 1.079404 
189.999008 126.899994 0.518517 1.104236 
189.999008 127.799995 0.522680 1.125172 
189.999008 128.699997 0.526203 1.142247 
189.999008 129.599991 0.529003 1.155489 
189.999008 130.500000 0.531059 1.164923 
189.999008 131.399994 0.532294 1.170565 
189.999008 132.300003 0.532715 1.172425 
189.999008 133.199997 0.532287 1.170506 
189.999008 134.099991 0.531030 1.164807 
189.999008 135.000000 0.528951 1.155316 
189.999008 135.899994 0.526148 1.142016 
189.999008 136.800003 0.522620 1.124883 
189.999008 137.699997 0.518463 1.103889 
189.999008 138.599991 0.513722 1.079000 
189.999008 139.500000 0.508515 1.050174 
189.999008 140.399994 0.502984 1.017369 
189.999008 141.300003 0.497405 0.980538 
189.999008 142.199997 0.492478 0.939628 
189.999008 143.099991 0.490144 0.894580 
189.999008 144.000000 0.496196 0.845317 
189.999008 144.899994 0.528357 0.791712 
189.999008 145.800003 0.641290 0.733477 
189.999008 146.699997 0.998235 0.669895 
189.999008 147.599991 2.025256 0.599595 
189.999008 148.500000 4.350575 0.524611 
189.999008 149.399994 6.654054 0.476983 
189.999008 150.300003 4.672776 0.518014 
189.999008 151.199997 2.213416 0.593580 
189.999008 152.099991 1.070162 0.665809 
189.999008 153.000000 0.665685 0.731215 
189.999008 153.899994 0.536474 0.791158 
189.999008 154.800003 0.499071 0.846429 
189.999008 155.699997 0.491476 0.897346 
189.999008 156.599991 0.493473 0.944046 
189.999008 157.500000 0.498499 0.986614 
189.999008 158.399994 0.504326 1.025112 
189.999008 159.300003 0.510206 1.059596 
189.999008 160.199997 0.515818 1.090116 
189.999008 161.099991 0.520996 1.116719 
189.999008 162.000000 0.525643 1.139450 
189.999008 162.899994 0.529661 1.158345 
189.999008 163.800003 0.532966 1.173438 
189.999008 164.699997 0.535511 1.184757 
189.999008 165.599991 0.537236 1.192321 
189.999008 166.500000 0.538140 1.196146 
189.999008 167.399994 0.538183 1.196239 
189.999008 168.300003 0.537313 1.192601 
189.999008 169.199997 0.535620 1.185225 
189.999008 170.099991 0.533107 1.174096 
189.999008 171.000000 0.529847 1.159195 
189.999008 171.899994 0.525863 1.140494 
189.999008 172.799988 0.521251 1.117958 
189.999008 173.699997 0.516108 1.091550 
189.999008 174.599991 0.510530 1.061229 
189.999008 175.500000 0.504690 1.026946 
189.999008 176.399994 0.498918 0.988649 
189.999008 177.299988 0.494080 0.946284 
189.999008 178.199997 0.492599 0.899786 
189.999008 179.099991 0.501731 0.849071 
189.999008 180.000000 0.543718 0.793992 
189.999008 180.899994 0.686574 0.734208 
189.999008 181.799988 1.129499 0.668888 
189.999008 182.699997 2.358891 0.596758 
189.999008 183.599991 4.867981 0.522861 
189.999008 184.500000 6.431902 0.489790 
189.999008 185.399994 3.935064 0.541314 
189.999008 186.299988 1.814963 0.612790 
189.999008 187.199997 0.921476 0.678570 
189.999008 188.099991 0.615741 0.737826 
189.999008 189.000000 0.519746 0.791869 
189.999008 189.899994 0.492729 0.841331 
189.999008 190.799988 0.487943 0.886461 
189.999008 191.699997 0.490213 0.927373 
189.999008 192.599991 0.494584 0.964135 
189.999008 193.500000 0.499411 0.996798 
189.999008 194.399994 0.504068 1.025406 
189.999008 195.299988 0.508307 1.049999 
189.999008 196.199997 0.512016 1.070612 
189.999008 197.099991 0.515131 1.087277 
189.999008 198.000000 0.517570 1.100019 
189.999008 198.899994 0.519294 1.108857 
189.999008 199.799988 0.520280 1.113807 
189.999008 200.699997 0.520494 1.114876 
189.999008 201.599991 0.519955 1.112065 
189.999008 202.500000 0.518632 1.105369 
189.999008 203.399994 0.516584 1.094778 
189.999008 204.299988 0.513840 1.080273 
189.999008 205.199997 0.510469 1.061831 
189.999008 206.099991 0.506534 1.039425 
189.999008 207.000000 0.502167 1.013020 
189.999008 207.899994 0.497644 0.982579 
189.999008 208.799988 0.493606 0.948058 
189.999008 209.699997 0.491914 0.909406 
189.999008 210.599991 0.498031 0.866555 
189.999008 211.500000 0.528662 0.819388 
189.999008 212.399994 0.634889 0.767648 
189.999008 213.299988 0.968025 0.710696 
189.999008 214.199997 1.917751 0.647372 
189.999008 215.099991 4.028103 0.580027 
189.999008 216.000000 5.907815 0.539785 
189.999008 216.899994 3.787702 0.579282 
189.999008 217.799988 1.782958 0.639953 
189.999008 218.699997 0.915825 0.695449 
189.999008 219.599991 0.614811 0.744551 
189.999008 220.500000 0.518758 0.788469 
189.999008 221.399994 0.490633 0.827809 
189.999008 222.299988 0.484410 0.862808 
189.999008 223.199997 0.485068 0.893568 
189.999008 224.099991 0.487681 0.920142 
189.999008 225.000000 0.490604 0.942569 
189.999008 225.899994 0.493260 0.960879 
189.999008 226.799988 0.495432 0.975096 
189.999008 227.699997 0.497028 0.985237 
189.999008 228.599991 0.498006 0.991316 
189.999008 229.500000 0.498332 0.993341 
