423.999023 0.000000 0.506502 1.040973 
423.999023 0.900000 0.506145 1.038978 
423.999023 1.800000 0.505127 1.032991 
423.999023 2.700000 0.503411 1.023003 
423.999023 3.600000 0.501067 1.008999 
423.999023 4.500000 0.498154 0.990961 
423.999023 5.400000 0.494748 0.968862 
423.999023 6.300000 0.491076 0.942674 
423.999023 7.200000 0.487670 0.912362 
423.999023 8.099999 0.486016 0.877883 
423.999023 9.000000 0.490519 0.839179 
423.999023 9.900000 0.514701 0.796152 
423.999023 10.799999 0.600145 0.748581 
423.999023 11.700000 0.872190 0.695903 
423.999023 12.599999 1.671055 0.636919 
423.999023 13.500000 3.602265 0.572042 
423.999023 14.400000 6.014162 0.523430 
423.999023 15.299999 4.572716 0.553978 
423.999023 16.199999 2.230896 0.622476 
423.999023 17.100000 1.086926 0.688960 
423.999023 18.000000 0.674077 0.748833 
423.999023 18.900000 0.540334 0.803273 
423.999023 19.799999 0.500744 0.853048 
423.999023 20.699999 0.491848 0.898472 
423.999023 21.599998 0.492836 0.939680 
423.999023 22.500000 0.496871 0.976749 
423.999023 23.400000 0.501654 1.009733 
423.999023 24.299999 0.506388 1.038680 
423.999023 25.199999 0.510785 1.063632 
423.999023 26.099998 0.514665 1.084625 
423.999023 27.000000 0.517936 1.101691 
423.999023 27.900000 0.520519 1.114857 
423.999023 28.799999 0.522378 1.124146 
423.999023 29.699999 0.523490 1.129571 
423.999023 30.599998 0.523782 1.131144 
423.999023 31.500000 0.523307 1.128867 
423.999023 32.399998 0.522044 1.122737 
423.999023 33.299999 0.520058 1.112743 
423.999023 34.200001 0.517348 1.098870 
423.999023 35.099998 0.513970 1.081094 
423.999023 36.000000 0.509981 1.059388 
423.999023 36.899998 0.505464 1.033718 
423.999023 37.799999 0.500588 1.004049 
423.999023 38.700001 0.495567 0.970336 
423.999023 39.599998 0.491005 0.932532 
423.999023 40.500000 0.488592 0.890585 
423.999023 41.399998 0.493289 0.844424 
423.999023 42.299999 0.520362 0.793935 
423.999023 43.199997 0.616952 0.738866 
423.999023 44.099998 0.924803 0.678581 
423.999023 45.000000 1.824708 0.611764 
423.999023 45.899998 3.958718 0.539280 
423.999023 46.799999 6.466799 0.487017 
423.999023 47.699997 4.904878 0.519747 
423.999023 48.599998 2.377748 0.593764 
423.999023 49.500000 1.136305 0.666080 
423.999023 50.399998 0.688630 0.731560 
423.999023 51.299999 0.544152 0.791486 
423.999023 52.199997 0.501661 0.846699 
423.999023 53.099998 0.492359 0.897543 
423.999023 54.000000 0.493797 0.944167 
423.999023 54.899998 0.498629 0.986657 
423.999023 55.799999 0.504407 1.025074 
423.999023 56.699997 0.510255 1.059475 
423.999023 57.599998 0.515840 1.089911 
423.999023 58.500000 0.520992 1.116428 
423.999023 59.399998 0.525612 1.139070 
423.999023 60.299999 0.529605 1.157875 
423.999023 61.199997 0.532876 1.172875 
423.999023 62.099998 0.535423 1.184098 
423.999023 63.000000 0.537149 1.191566 
423.999023 63.899998 0.537990 1.195292 
423.999023 64.799995 0.537990 1.195283 
423.999023 65.699997 0.537119 1.191539 
423.999023 66.599998 0.535419 1.184054 
423.999023 67.500000 0.532899 1.172812 
423.999023 68.400002 0.529579 1.157791 
423.999023 69.299995 0.525583 1.138967 
423.999023 70.199997 0.520960 1.116304 
423.999023 71.099998 0.515805 1.089765 
423.999023 72.000000 0.510217 1.059308 
423.999023 72.900002 0.504360 1.024884 
423.999023 73.799995 0.498552 0.986445 
423.999023 74.699997 0.493638 0.943934 
423.999023 75.599998 0.491946 0.897291 
423.999023 76.500000 0.500466 0.846429 
423.999023 77.400002 0.540609 0.791206 
423.999023 78.299995 0.678013 0.731287 
423.999023 79.199997 1.105783 0.665856 
423.999023 80.099998 2.302497 0.593588 
423.999023 81.000000 4.802185 0.518834 
423.999023 81.900002 6.560217 0.482292 
423.999023 82.799995 4.130125 0.532686 
423.999023 83.699997 1.910425 0.606333 
423.999023 84.599998 0.955944 0.674696 
423.999023 85.500000 0.627218 0.736442 
423.999023 86.399994 0.523716 0.792915 
423.999023 87.299995 0.494494 0.844786 
423.999023 88.199997 0.489243 0.892323 
423.999023 89.099998 0.491647 0.935646 
423.999023 90.000000 0.496373 0.974827 
423.999023 90.899994 0.501641 1.009923 
423.999023 91.799995 0.506823 1.040983 
423.999023 92.699997 0.511607 1.068053 
423.999023 93.599998 0.515896 1.091171 
423.999023 94.500000 0.519590 1.110371 
423.999023 95.399994 0.522656 1.125686 
423.999023 96.299995 0.524998 1.137139 
423.999023 97.199997 0.526613 1.144753 
423.999023 98.099998 0.527407 1.148539 
423.999023 99.000000 0.527410 1.148504 
423.999023 99.899994 0.526593 1.144649 
423.999023 100.799995 0.524989 1.136967 
423.999023 101.699997 0.522622 1.125445 
423.999023 102.599998 0.519530 1.110065 
423.999023 103.500000 0.515811 1.090800 
423.999023 104.399994 0.511505 1.067620 
423.999023 105.299995 0.506676 1.040490 
423.999023 106.199997 0.501509 1.009368 
423.999023 107.099998 0.496294 0.974210 
423.999023 108.000000 0.491658 0.934968 
423.999023 108.899994 0.489535 0.891583 
423.999023 109.799995 0.495591 0.843982 
423.999023 110.699997 0.527234 0.792039 
423.999023 111.599998 0.638096 0.735474 
423.999023 112.500000 0.988243 0.673584 
423.999023 113.399994 1.996105 0.605018 
423.999023 114.299995 4.282511 0.531731 
423.999023 115.199997 6.551981 0.485196 
423.999023 116.099998 4.558374 0.526279 
423.999023 117.000000 2.156497 0.600275 
423.999023 117.899994 1.049554 0.670683 
423.999023 118.799995 0.658986 0.734325 
423.999023 119.699997 0.534295 0.792546 
423.999023 120.599998 0.498225 0.846110 
423.999023 121.500000 0.490885 0.895322 
423.999023 122.399994 0.492793 0.940318 
423.999023 123.299995 0.497574 0.981177 
423.999023 124.199997 0.503102 1.017959 
423.999023 125.099998 0.508598 1.050715 
423.999023 126.000000 0.513782 1.079494 
423.999023 126.899994 0.518517 1.104341 
423.999023 127.799995 0.522680 1.125294 
423.999023 128.699997 0.526203 1.142388 
423.999023 129.599991 0.529003 1.155650 
423.999023 130.500000 0.531059 1.165105 
423.999023 131.399994 0.532294 1.170768 
423.999023 132.300003 0.532722 1.172650 
423.999023 133.199997 0.532302 1.170756 
423.999023 134.099991 0.531061 1.165081 
423.999023 135.000000 0.529000 1.155614 
423.999023 135.899994 0.526195 1.142339 
423.999023 136.800003 0.522666 1.125232 
423.999023 137.699997 0.518509 1.104263 
423.999023 138.599991 0.513774 1.079399 
423.999023 139.500000 0.508571 1.050601 
423.999023 140.399994 0.503051 1.017823 
423.999023 141.300003 0.497493 0.981019 
423.999023 142.199997 0.492623 0.940138 
423.999023 143.099991 0.490437 0.895118 
423.999023 144.000000 0.496950 0.845884 
423.999023 144.899994 0.530524 0.792304 
423.999023 145.800003 0.647677 0.734085 
423.999023 146.699997 1.016757 0.670492 
423.999023 147.599991 2.072964 0.600163 
423.999023 148.500000 4.427896 0.525538 
423.999023 149.399994 6.618409 0.480336 
423.999023 150.300003 4.513716 0.523612 
423.999023 151.199997 2.123061 0.598193 
423.999023 152.099991 1.035910 0.668822 
423.999023 153.000000 0.654117 0.732681 
423.999023 153.899994 0.532578 0.791134 
423.999023 154.800003 0.497573 0.844935 
423.999023 155.699997 0.490596 0.894386 
423.999023 156.599991 0.492627 0.939620 
423.999023 157.500000 0.497480 0.980717 
423.999023 158.399994 0.503054 1.017736 
423.999023 159.300003 0.508611 1.050731 
423.999023 160.199997 0.513830 1.079748 
423.999023 161.099991 0.518614 1.104830 
423.999023 162.000000 0.522854 1.126017 
423.999023 162.899994 0.526442 1.143344 
423.999023 163.800003 0.529330 1.156841 
423.999023 164.699997 0.531434 1.166532 
423.999023 165.599991 0.532723 1.172434 
423.999023 166.500000 0.533200 1.174557 
423.999023 167.399994 0.532834 1.172906 
423.999023 168.300003 0.531646 1.167478 
423.999023 169.199997 0.529643 1.158261 
423.999023 170.099991 0.526858 1.145241 
423.999023 171.000000 0.523353 1.128395 
423.999023 171.899994 0.519220 1.107693 
423.999023 172.799988 0.514500 1.083100 
423.999023 173.699997 0.509313 1.054579 
423.999023 174.599991 0.503802 1.022085 
423.999023 175.500000 0.498273 0.985571 
423.999023 176.399994 0.493444 0.944984 
423.999023 177.299988 0.491408 0.900265 
423.999023 178.199997 0.498339 0.851336 
423.999023 179.099991 0.533159 0.798063 
423.999023 180.000000 0.654026 0.740150 
423.999023 180.899994 1.033443 0.676855 
423.999023 181.799988 2.111957 0.606861 
423.999023 182.699997 4.470478 0.533131 
423.999023 183.599991 6.477919 0.491128 
423.999023 184.500000 4.241827 0.535916 
423.999023 185.399994 1.980879 0.607080 
423.999023 186.299988 0.983399 0.673477 
423.999023 187.199997 0.636343 0.733208 
423.999023 188.099991 0.526192 0.787616 
423.999023 189.000000 0.494525 0.837399 
423.999023 189.899994 0.488217 0.882834 
423.999023 190.799988 0.489993 0.924043 
423.999023 191.699997 0.494217 0.961095 
423.999023 192.599991 0.498997 0.994044 
423.999023 193.500000 0.503664 1.022934 
423.999023 194.399994 0.507939 1.047805 
423.999023 195.299988 0.511699 1.068691 
423.999023 196.199997 0.514850 1.085624 
423.999023 197.099991 0.517350 1.098628 
423.999023 198.000000 0.519135 1.107724 
423.999023 198.899994 0.520168 1.112926 
423.999023 199.799988 0.520442 1.114241 
423.999023 200.699997 0.519929 1.111671 
423.999023 201.599991 0.518678 1.105211 
423.999023 202.500000 0.516684 1.094850 
423.999023 203.399994 0.513982 1.080570 
423.999023 204.299988 0.510651 1.062350 
423.999023 205.199997 0.506728 1.040159 
423.999023 206.099991 0.502370 1.013965 
423.999023 207.000000 0.497782 0.983730 
423.999023 207.899994 0.493510 0.949408 
423.999023 208.799988 0.491068 0.910951 
423.999023 209.699997 0.494933 0.868294 
423.999023 210.599991 0.518786 0.821333 
423.999023 211.500000 0.604772 0.769844 
423.999023 212.399994 0.879839 0.713273 
423.999023 213.299988 1.687395 0.650471 
423.999023 214.199997 3.624857 0.582153 
423.999023 215.099991 5.955574 0.531632 
423.999023 216.000000 4.397899 0.560379 
423.999023 216.899994 2.134918 0.623225 
423.999023 217.799988 1.051212 0.683146 
423.999023 218.699997 0.661067 0.736420 
423.999023 219.599991 0.534126 0.784276 
423.999023 220.500000 0.495962 0.827462 
423.999023 221.399994 0.486742 0.866276 
423.999023 222.299988 0.486773 0.900846 
423.999023 223.199997 0.489585 0.931236 
423.999023 224.099991 0.493010 0.957492 
423.999023 225.000000 0.496290 0.979648 
423.999023 225.899994 0.499140 0.997736 
423.999023 226.799988 0.501435 1.011778 
423.999023 227.699997 0.503103 1.021794 
423.999023 228.599991 0.504137 1.027798 
423.999023 229.500000 0.504471 1.029798 
