33.999001 0.000000 0.918627 1.505721 
33.999001 0.900000 0.921910 1.505288 
33.999001 1.800000 0.931755 1.504017 
33.999001 2.700000 0.947954 1.502000 
33.999001 3.600000 0.969932 1.499393 
33.999001 4.500000 0.996398 1.496416 
33.999001 5.400000 1.025007 1.493350 
33.999001 6.300000 1.052295 1.490516 
33.999001 7.200000 1.074071 1.488236 
33.999001 8.099999 1.086549 1.486778 
33.999001 9.000000 1.087667 1.486300 
33.999001 9.900000 1.077909 1.486810 
33.999001 10.799999 1.060045 1.488180 
33.999001 11.700000 1.037987 1.490183 
33.999001 12.599999 1.015468 1.492553 
33.999001 13.500000 0.995286 1.495029 
33.999001 14.400000 0.979083 1.497394 
33.999001 15.299999 0.967544 1.499480 
33.999001 16.199999 0.960694 1.501176 
33.999001 17.100000 0.958163 1.502421 
33.999001 18.000000 0.959363 1.503201 
33.999001 18.900000 0.963582 1.503534 
33.999001 19.799999 0.970029 1.503475 
33.999001 20.699999 0.977879 1.503094 
33.999001 21.599998 0.986285 1.502480 
33.999001 22.500000 0.994451 1.501725 
33.999001 23.400000 1.001693 1.500920 
33.999001 24.299999 1.007503 1.500144 
33.999001 25.199999 1.011543 1.499459 
33.999001 26.099998 1.013759 1.498909 
33.999001 27.000000 1.014305 1.498516 
33.999001 27.900000 1.013479 1.498283 
33.999001 28.799999 1.011664 1.498196 
33.999001 29.699999 1.009280 1.498232 
33.999001 30.599998 1.006677 1.498363 
33.999001 31.500000 1.004171 1.498558 
33.999001 32.399998 1.001961 1.498788 
33.999001 33.299999 1.000144 1.499030 
33.999001 34.200001 0.998769 1.499262 
33.999001 35.099998 0.997840 1.499473 
33.999001 36.000000 0.997331 1.499652 
33.999001 36.899998 0.997166 1.499794 
33.999001 37.799999 0.997262 1.499901 
33.999001 38.700001 0.997533 1.499974 
33.999001 39.599998 0.997934 1.500017 
33.999001 40.500000 0.998384 1.500036 
33.999001 41.399998 0.998864 1.500036 
33.999001 42.299999 0.999299 1.500024 
33.999001 43.199997 0.999679 1.500002 
33.999001 44.099998 0.999988 1.499978 
33.999001 45.000000 1.000235 1.499954 
33.999001 45.899998 1.000385 1.499932 
33.999001 46.799999 1.000456 1.499914 
33.999001 47.699997 1.000475 1.499898 
33.999001 48.599998 1.000474 1.499887 
33.999001 49.500000 1.000460 1.499879 
33.999001 50.399998 1.000417 1.499874 
33.999001 51.299999 1.000278 1.499872 
33.999001 52.199997 1.000228 1.499872 
33.999001 53.099998 1.000210 1.499873 
33.999001 54.000000 1.000195 1.499875 
33.999001 54.899998 1.000186 1.499877 
33.999001 55.799999 1.000181 1.499879 
33.999001 56.699997 1.000181 1.499881 
33.999001 57.599998 1.000144 1.499883 
33.999001 58.500000 1.000141 1.499885 
33.999001 59.399998 1.000139 1.499887 
33.999001 60.299999 1.000138 1.499889 
33.999001 61.199997 1.000137 1.499891 
33.999001 62.099998 1.000137 1.499892 
33.999001 63.000000 1.000136 1.499895 
33.999001 63.899998 1.000137 1.499897 
33.999001 64.799995 1.000136 1.499899 
33.999001 65.699997 1.000136 1.499901 
33.999001 66.599998 1.000136 1.499903 
33.999001 67.500000 1.000135 1.499905 
33.999001 68.400002 1.000135 1.499907 
33.999001 69.299995 1.000135 1.499909 
33.999001 70.199997 1.000136 1.499911 
33.999001 71.099998 1.000136 1.499912 
33.999001 72.000000 1.000136 1.499914 
33.999001 72.900002 1.000136 1.499916 
33.999001 73.799995 1.000136 1.499918 
33.999001 74.699997 1.000136 1.499920 
33.999001 75.599998 1.000136 1.499922 
33.999001 76.500000 1.000136 1.499924 
33.999001 77.400002 1.000136 1.499926 
33.999001 78.299995 1.000136 1.499928 
33.999001 79.199997 1.000137 1.499930 
33.999001 80.099998 1.000137 1.499932 
33.999001 81.000000 1.000137 1.499933 
33.999001 81.900002 1.000137 1.499934 
33.999001 82.799995 1.000136 1.499935 
33.999001 83.699997 1.000136 1.499937 
33.999001 84.599998 1.000135 1.499937 
33.999001 85.500000 1.000135 1.499939 
33.999001 86.399994 1.000136 1.499940 
33.999001 87.299995 1.000136 1.499942 
33.999001 88.199997 1.000136 1.499943 
33.999001 89.099998 1.000136 1.499945 
33.999001 90.000000 1.000136 1.499946 
33.999001 90.899994 1.000136 1.499948 
33.999001 91.799995 1.000136 1.499950 
33.999001 92.699997 1.000135 1.499952 
33.999001 93.599998 1.000135 1.499953 
33.999001 94.500000 1.000136 1.499956 
33.999001 95.399994 1.000136 1.499958 
33.999001 96.299995 1.000136 1.499960 
33.999001 97.199997 1.000136 1.499962 
33.999001 98.099998 1.000136 1.499963 
33.999001 99.000000 1.000136 1.499963 
33.999001 99.899994 1.000136 1.499963 
33.999001 100.799995 1.000136 1.499963 
33.999001 101.699997 1.000136 1.499963 
33.999001 102.599998 1.000135 1.499963 
33.999001 103.500000 1.000136 1.499963 
33.999001 104.399994 1.000136 1.499963 
33.999001 105.299995 1.000136 1.499963 
33.999001 106.199997 1.000136 1.499963 
33.999001 107.099998 1.000136 1.499963 
33.999001 108.000000 1.000136 1.499963 
33.999001 108.899994 1.000136 1.499963 
33.999001 109.799995 1.000136 1.499963 
33.999001 110.699997 1.000136 1.499963 
33.999001 111.599998 1.000136 1.499963 
33.999001 112.500000 1.000136 1.499963 
33.999001 113.399994 1.000136 1.499963 
33.999001 114.299995 1.000136 1.499963 
33.999001 115.199997 1.000136 1.499963 
33.999001 116.099998 1.000136 1.499963 
33.999001 117.000000 1.000136 1.499963 
33.999001 117.899994 1.000136 1.499963 
33.999001 118.799995 1.000135 1.499963 
33.999001 119.699997 1.000135 1.499963 
33.999001 120.599998 1.000135 1.499963 
33.999001 121.500000 1.000135 1.499963 
33.999001 122.399994 1.000135 1.499963 
33.999001 123.299995 1.000136 1.499963 
33.999001 124.199997 1.000136 1.499963 
33.999001 125.099998 1.000136 1.499963 
33.999001 126.000000 1.000136 1.499963 
33.999001 126.899994 1.000136 1.499963 
33.999001 127.799995 1.000136 1.499963 
33.999001 128.699997 1.000136 1.499963 
33.999001 129.599991 1.000136 1.499963 
33.999001 130.500000 1.000136 1.499963 
33.999001 131.399994 1.000136 1.499963 
33.999001 132.300003 1.000136 1.499963 
33.999001 133.199997 1.000137 1.499963 
33.999001 134.099991 1.000137 1.499963 
33.999001 135.000000 1.000137 1.499963 
33.999001 135.899994 1.000136 1.499963 
33.999001 136.800003 1.000136 1.499963 
33.999001 137.699997 1.000136 1.499963 
33.999001 138.599991 1.000136 1.499963 
33.999001 139.500000 1.000136 1.499963 
33.999001 140.399994 1.000136 1.499963 
33.999001 141.300003 1.000136 1.499963 
33.999001 142.199997 1.000136 1.499963 
33.999001 143.099991 1.000136 1.499963 
33.999001 144.000000 1.000136 1.499963 
33.999001 144.899994 1.000136 1.499963 
33.999001 145.800003 1.000136 1.499963 
33.999001 146.699997 1.000135 1.499963 
33.999001 147.599991 1.000135 1.499963 
33.999001 148.500000 1.000135 1.499963 
33.999001 149.399994 1.000135 1.499963 
33.999001 150.300003 1.000135 1.499963 
33.999001 151.199997 1.000136 1.499963 
33.999001 152.099991 1.000136 1.499963 
33.999001 153.000000 1.000136 1.499963 
33.999001 153.899994 1.000136 1.499963 
33.999001 154.800003 1.000136 1.499963 
33.999001 155.699997 1.000136 1.499963 
33.999001 156.599991 1.000136 1.499963 
33.999001 157.500000 1.000136 1.499963 
33.999001 158.399994 1.000136 1.499963 
33.999001 159.300003 1.000136 1.499963 
33.999001 160.199997 1.000136 1.499963 
33.999001 161.099991 1.000136 1.499963 
33.999001 162.000000 1.000136 1.499963 
33.999001 162.899994 1.000136 1.499963 
33.999001 163.800003 1.000136 1.499963 
33.999001 164.699997 1.000136 1.499963 
33.999001 165.599991 1.000136 1.499963 
33.999001 166.500000 1.000136 1.499963 
33.999001 167.399994 1.000136 1.499963 
33.999001 168.300003 1.000136 1.499963 
33.999001 169.199997 1.000136 1.499963 
33.999001 170.099991 1.000136 1.499963 
33.999001 171.000000 1.000137 1.499962 
33.999001 171.899994 1.000137 1.499962 
33.999001 172.799988 1.000137 1.499962 
33.999001 173.699997 1.000137 1.499961 
33.999001 174.599991 1.000137 1.499959 
33.999001 175.500000 1.000136 1.499956 
33.999001 176.399994 1.000135 1.499954 
33.999001 177.299988 1.000135 1.499952 
33.999001 178.199997 1.000135 1.499950 
33.999001 179.099991 1.000135 1.499948 
33.999001 180.000000 1.000135 1.499946 
33.999001 180.899994 1.000135 1.499944 
33.999001 181.799988 1.000134 1.499942 
33.999001 182.699997 1.000134 1.499940 
33.999001 183.599991 1.000134 1.499937 
33.999001 184.500000 1.000133 1.499935 
33.999001 185.399994 1.000133 1.499933 
33.999001 186.299988 1.000133 1.499931 
33.999001 187.199997 1.000133 1.499929 
33.999001 188.099991 1.000120 1.499927 
33.999001 189.000000 1.000047 1.499925 
33.999001 189.899994 0.999920 1.499921 
33.999001 190.799988 0.999747 1.499916 
33.999001 191.699997 0.999526 1.499905 
33.999001 192.599991 0.999261 1.499889 
33.999001 193.500000 0.999036 1.499862 
33.999001 194.399994 0.998859 1.499820 
33.999001 195.299988 0.998807 1.499763 
33.999001 196.199997 0.998923 1.499688 
33.999001 197.099991 0.999288 1.499596 
33.999001 198.000000 0.999945 1.499492 
33.999001 198.899994 1.000904 1.499382 
33.999001 199.799988 1.002128 1.499275 
33.999001 200.699997 1.003469 1.499187 
33.999001 201.599991 1.004882 1.499133 
33.999001 202.500000 1.006178 1.499128 
33.999001 203.399994 1.007104 1.499190 
33.999001 204.299988 1.007413 1.499329 
33.999001 205.199997 1.006878 1.499552 
33.999001 206.099991 1.005362 1.499854 
33.999001 207.000000 1.002782 1.500220 
33.999001 207.899994 0.999247 1.500621 
33.999001 208.799988 0.994961 1.501020 
33.999001 209.699997 0.990319 1.501368 
33.999001 210.599991 0.985805 1.501614 
33.999001 211.500000 0.981989 1.501706 
33.999001 212.399994 0.979473 1.501600 
33.999001 213.299988 0.978805 1.501265 
33.999001 214.199997 0.980442 1.500691 
33.999001 215.099991 0.984673 1.499889 
33.999001 216.000000 0.991541 1.498902 
33.999001 216.899994 1.000746 1.497802 
33.999001 217.799988 1.011571 1.496687 
33.999001 218.699997 1.022774 1.495678 
33.999001 219.599991 1.032789 1.494905 
33.999001 220.500000 1.039822 1.494486 
33.999001 221.399994 1.042314 1.494508 
33.999001 222.299988 1.039396 1.495004 
33.999001 223.199997 1.031175 1.495941 
33.999001 224.099991 1.018771 1.497223 
33.999001 225.000000 1.003983 1.498707 
33.999001 225.899994 0.988822 1.500223 
33.999001 226.799988 0.975154 1.501604 
33.999001 227.699997 0.964426 1.502705 
33.999001 228.599991 0.957619 1.503412 
33.999001 229.500000 0.955284 1.503655 
