376.999023 0.000000 0.506502 1.040973 
376.999023 0.900000 0.506145 1.038978 
376.999023 1.800000 0.505127 1.032991 
376.999023 2.700000 0.503411 1.023003 
376.999023 3.600000 0.501067 1.008999 
376.999023 4.500000 0.498154 0.990961 
376.999023 5.400000 0.494748 0.968862 
376.999023 6.300000 0.491076 0.942674 
376.999023 7.200000 0.487670 0.912362 
376.999023 8.099999 0.486016 0.877883 
376.999023 9.000000 0.490519 0.839179 
376.999023 9.900000 0.514701 0.796152 
376.999023 10.799999 0.600145 0.748581 
376.999023 11.700000 0.872190 0.695903 
376.999023 12.599999 1.671055 0.636919 
376.999023 13.500000 3.602265 0.572042 
376.999023 14.400000 6.014162 0.523430 
376.999023 15.299999 4.572716 0.553978 
376.999023 16.199999 2.230896 0.622476 
376.999023 17.100000 1.086926 0.688960 
376.999023 18.000000 0.674077 0.748833 
376.999023 18.900000 0.540334 0.803273 
376.999023 19.799999 0.500744 0.853048 
376.999023 20.699999 0.491848 0.898472 
376.999023 21.599998 0.492836 0.939680 
376.999023 22.500000 0.496871 0.976749 
376.999023 23.400000 0.501654 1.009733 
376.999023 24.299999 0.506388 1.038680 
376.999023 25.199999 0.510785 1.063632 
376.999023 26.099998 0.514665 1.084625 
376.999023 27.000000 0.517936 1.101691 
376.999023 27.900000 0.520519 1.114857 
376.999023 28.799999 0.522378 1.124146 
376.999023 29.699999 0.523490 1.129571 
376.999023 30.599998 0.523782 1.131144 
376.999023 31.500000 0.523307 1.128867 
376.999023 32.399998 0.522044 1.122737 
376.999023 33.299999 0.520058 1.112743 
376.999023 34.200001 0.517348 1.098870 
376.999023 35.099998 0.513970 1.081094 
376.999023 36.000000 0.509981 1.059388 
376.999023 36.899998 0.505464 1.033718 
376.999023 37.799999 0.500588 1.004049 
376.999023 38.700001 0.495567 0.970336 
376.999023 39.599998 0.491005 0.932532 
376.999023 40.500000 0.488592 0.890585 
376.999023 41.399998 0.493289 0.844424 
376.999023 42.299999 0.520362 0.793935 
376.999023 43.199997 0.616952 0.738866 
376.999023 44.099998 0.924803 0.678581 
376.999023 45.000000 1.824708 0.611764 
376.999023 45.899998 3.958718 0.539280 
376.999023 46.799999 6.466799 0.487017 
376.999023 47.699997 4.904878 0.519747 
376.999023 48.599998 2.377748 0.593764 
376.999023 49.500000 1.136305 0.666080 
376.999023 50.399998 0.688630 0.731560 
376.999023 51.299999 0.544152 0.791486 
376.999023 52.199997 0.501661 0.846699 
376.999023 53.099998 0.492359 0.897543 
376.999023 54.000000 0.493797 0.944167 
376.999023 54.899998 0.498629 0.986657 
376.999023 55.799999 0.504407 1.025074 
376.999023 56.699997 0.510255 1.059475 
376.999023 57.599998 0.515840 1.089911 
376.999023 58.500000 0.520992 1.116428 
376.999023 59.399998 0.525612 1.139070 
376.999023 60.299999 0.529605 1.157875 
376.999023 61.199997 0.532876 1.172875 
376.999023 62.099998 0.535423 1.184098 
376.999023 63.000000 0.537149 1.191566 
376.999023 63.899998 0.537990 1.195292 
376.999023 64.799995 0.537990 1.195283 
376.999023 65.699997 0.537119 1.191539 
376.999023 66.599998 0.535419 1.184054 
376.999023 67.500000 0.532899 1.172812 
376.999023 68.400002 0.529579 1.157791 
376.999023 69.299995 0.525583 1.138967 
376.999023 70.199997 0.520960 1.116304 
376.999023 71.099998 0.515805 1.089765 
376.999023 72.000000 0.510217 1.059308 
376.999023 72.900002 0.504360 1.024884 
376.999023 73.799995 0.498552 0.986445 
376.999023 74.699997 0.493638 0.943934 
376.999023 75.599998 0.491946 0.897291 
376.999023 76.500000 0.500466 0.846429 
376.999023 77.400002 0.540609 0.791206 
376.999023 78.299995 0.678013 0.731287 
376.999023 79.199997 1.105783 0.665856 
376.999023 80.099998 2.302497 0.593588 
376.999023 81.000000 4.802185 0.518834 
376.999023 81.900002 6.560217 0.482292 
376.999023 82.799995 4.130125 0.532686 
376.999023 83.699997 1.910425 0.606333 
376.999023 84.599998 0.955944 0.674696 
376.999023 85.500000 0.627218 0.736442 
376.999023 86.399994 0.523716 0.792915 
376.999023 87.299995 0.494494 0.844786 
376.999023 88.199997 0.489243 0.892323 
376.999023 89.099998 0.491647 0.935646 
376.999023 90.000000 0.496373 0.974827 
376.999023 90.899994 0.501641 1.009923 
376.999023 91.799995 0.506823 1.040983 
376.999023 92.699997 0.511607 1.068053 
376.999023 93.599998 0.515896 1.091171 
376.999023 94.500000 0.519590 1.110371 
376.999023 95.399994 0.522656 1.125686 
376.999023 96.299995 0.524998 1.137139 
376.999023 97.199997 0.526613 1.144753 
376.999023 98.099998 0.527407 1.148539 
376.999023 99.000000 0.527410 1.148504 
376.999023 99.899994 0.526593 1.144649 
376.999023 100.799995 0.524989 1.136967 
376.999023 101.699997 0.522622 1.125445 
376.999023 102.599998 0.519530 1.110065 
376.999023 103.500000 0.515811 1.090800 
376.999023 104.399994 0.511505 1.067620 
376.999023 105.299995 0.506676 1.040490 
376.999023 106.199997 0.501509 1.009368 
376.999023 107.099998 0.496294 0.974210 
376.999023 108.000000 0.491658 0.934968 
376.999023 108.899994 0.489535 0.891583 
376.999023 109.799995 0.495591 0.843981 
376.999023 110.699997 0.527234 0.792038 
376.999023 111.599998 0.638096 0.735473 
376.999023 112.500000 0.988243 0.673583 
376.999023 113.399994 1.996105 0.605017 
376.999023 114.299995 4.282511 0.531728 
376.999023 115.199997 6.551981 0.485192 
376.999023 116.099998 4.558374 0.526273 
376.999023 117.000000 2.156497 0.600265 
376.999023 117.899994 1.049554 0.670668 
376.999023 118.799995 0.658986 0.734307 
376.999023 119.699997 0.534295 0.792523 
376.999023 120.599998 0.498225 0.846080 
376.999023 121.500000 0.490885 0.895285 
376.999023 122.399994 0.492793 0.940273 
376.999023 123.299995 0.497573 0.981122 
376.999023 124.199997 0.503102 1.017893 
376.999023 125.099998 0.508598 1.050638 
376.999023 126.000000 0.513782 1.079404 
376.999023 126.899994 0.518517 1.104236 
376.999023 127.799995 0.522680 1.125172 
376.999023 128.699997 0.526203 1.142248 
376.999023 129.599991 0.529003 1.155493 
376.999023 130.500000 0.531059 1.164931 
376.999023 131.399994 0.532294 1.170579 
376.999023 132.300003 0.532715 1.172448 
376.999023 133.199997 0.532287 1.170540 
376.999023 134.099991 0.531030 1.164851 
376.999023 135.000000 0.528951 1.155373 
376.999023 135.899994 0.526148 1.142088 
376.999023 136.800003 0.522620 1.124971 
376.999023 137.699997 0.518463 1.103996 
376.999023 138.599991 0.513722 1.079125 
376.999023 139.500000 0.508515 1.050321 
376.999023 140.399994 0.502984 1.017539 
376.999023 141.300003 0.497408 0.980731 
376.999023 142.199997 0.492502 0.939846 
376.999023 143.099991 0.490204 0.894825 
376.999023 144.000000 0.496331 0.845590 
376.999023 144.899994 0.528747 0.792012 
376.999023 145.800003 0.642417 0.733805 
376.999023 146.699997 1.001472 0.670247 
376.999023 147.599991 2.033484 0.599970 
376.999023 148.500000 4.363071 0.525084 
376.999023 149.399994 6.643601 0.477933 
376.999023 150.300003 4.637276 0.519378 
376.999023 151.199997 2.193400 0.594651 
376.999023 152.099991 1.062600 0.666448 
376.999023 153.000000 0.663130 0.731434 
376.999023 153.899994 0.535612 0.790969 
376.999023 154.800003 0.498721 0.845836 
376.999023 155.699997 0.491248 0.896347 
376.999023 156.599991 0.493237 0.942641 
376.999023 157.500000 0.498208 0.984800 
376.999023 158.399994 0.503972 1.022886 
376.999023 159.300003 0.509771 1.056952 
376.999023 160.199997 0.515268 1.087048 
376.999023 161.099991 0.520330 1.113221 
376.999023 162.000000 0.524848 1.135512 
376.999023 162.899994 0.528746 1.153959 
376.999023 163.800003 0.531940 1.168595 
376.999023 164.699997 0.534367 1.179446 
376.999023 165.599991 0.535965 1.186530 
376.999023 166.500000 0.536735 1.189864 
376.999023 167.399994 0.536643 1.189452 
376.999023 168.300003 0.535689 1.185292 
376.999023 169.199997 0.533905 1.177377 
376.999023 170.099991 0.531301 1.165691 
376.999023 171.000000 0.527971 1.150214 
376.999023 171.899994 0.523936 1.130918 
376.999023 172.799988 0.519285 1.107768 
376.999023 173.699997 0.514136 1.080726 
376.999023 174.599991 0.508563 1.049749 
376.999023 175.500000 0.502791 1.014789 
376.999023 176.399994 0.497259 0.975797 
376.999023 177.299988 0.493148 0.932714 
376.999023 178.199997 0.493845 0.885474 
376.999023 179.099991 0.509614 0.833980 
376.999023 180.000000 0.571991 0.778045 
376.999023 180.899994 0.776906 0.717219 
376.999023 181.799988 1.396044 0.650458 
376.999023 182.699997 3.010541 0.577004 
376.999023 183.599991 5.692397 0.509295 
376.999023 184.500000 5.822358 0.505277 
376.999023 185.399994 3.133952 0.568363 
376.999023 186.299988 1.448508 0.638556 
376.999023 187.199997 0.793799 0.702011 
376.999023 188.099991 0.575647 0.759411 
376.999023 189.000000 0.508496 0.811859 
376.999023 189.899994 0.490729 0.859834 
376.999023 190.799988 0.488871 0.903528 
376.999023 191.699997 0.492044 0.943034 
376.999023 192.599991 0.496639 0.978415 
376.999023 193.500000 0.501426 1.009720 
376.999023 194.399994 0.505970 1.036992 
376.999023 195.299988 0.510067 1.060269 
376.999023 196.199997 0.513618 1.079586 
376.999023 197.099991 0.516535 1.094972 
376.999023 198.000000 0.518757 1.106452 
376.999023 198.899994 0.520255 1.114042 
376.999023 199.799988 0.520981 1.117756 
376.999023 200.699997 0.520949 1.117600 
376.999023 201.599991 0.520157 1.113572 
376.999023 202.500000 0.518610 1.105667 
376.999023 203.399994 0.516334 1.093870 
376.999023 204.299988 0.513389 1.078164 
376.999023 205.199997 0.509816 1.058523 
376.999023 206.099991 0.505712 1.034916 
376.999023 207.000000 0.501240 1.007309 
376.999023 207.899994 0.496765 0.975662 
376.999023 208.799988 0.493180 0.939930 
376.999023 209.699997 0.493048 0.900058 
376.999023 210.599991 0.504045 0.855967 
376.999023 211.500000 0.549560 0.807514 
376.999023 212.399994 0.700380 0.754359 
376.999023 213.299988 1.159884 0.695692 
376.999023 214.199997 2.400726 0.630516 
376.999023 215.099991 4.753219 0.565597 
376.999023 216.000000 5.615978 0.546027 
376.999023 216.899994 3.176847 0.596852 
376.999023 217.799988 1.482770 0.657820 
376.999023 218.699997 0.807394 0.712493 
376.999023 219.599991 0.579803 0.761120 
376.999023 220.500000 0.508688 0.804778 
376.999023 221.399994 0.488802 0.843943 
376.999023 222.299988 0.485331 0.878804 
376.999023 223.199997 0.486948 0.909446 
376.999023 224.099991 0.489936 0.935919 
376.999023 225.000000 0.493018 0.958260 
376.999023 225.899994 0.495767 0.976499 
376.999023 226.799988 0.497996 0.990659 
376.999023 227.699997 0.499622 1.000759 
376.999023 228.599991 0.500597 1.006814 
376.999023 229.500000 0.500936 1.008831 
