235.999008 0.000000 0.506115 1.038799 
235.999008 0.900000 0.505758 1.036803 
235.999008 1.800000 0.504714 1.030812 
235.999008 2.700000 0.503015 1.020816 
235.999008 3.600000 0.500681 1.006802 
235.999008 4.500000 0.497784 0.988751 
235.999008 5.400000 0.494406 0.966638 
235.999008 6.300000 0.490761 0.940433 
235.999008 7.200000 0.487404 0.910101 
235.999008 8.099999 0.485868 0.875600 
235.999008 9.000000 0.490745 0.836870 
235.999008 9.900000 0.516049 0.793812 
235.999008 10.799999 0.604938 0.746198 
235.999008 11.700000 0.887180 0.693448 
235.999008 12.599999 1.712685 0.634343 
235.999008 13.500000 3.686469 0.569505 
235.999008 14.400000 6.052906 0.522464 
235.999008 15.299999 4.476769 0.555776 
235.999008 16.199999 2.166833 0.624631 
235.999008 17.100000 1.061443 0.690912 
235.999008 18.000000 0.665366 0.750603 
235.999008 18.900000 0.537581 0.804902 
235.999008 19.799999 0.499967 0.854555 
235.999008 20.699999 0.491722 0.899863 
235.999008 21.599998 0.492917 0.940958 
235.999008 22.500000 0.497010 0.977916 
235.999008 23.400000 0.501829 1.010792 
235.999008 24.299999 0.506581 1.039632 
235.999008 25.199999 0.510954 1.064477 
235.999008 26.099998 0.514796 1.085364 
235.999008 27.000000 0.518033 1.102326 
235.999008 27.900000 0.520594 1.115390 
235.999008 28.799999 0.522430 1.124578 
235.999008 29.699999 0.523525 1.129904 
235.999008 30.599998 0.523830 1.131377 
235.999008 31.500000 0.523347 1.128997 
235.999008 32.399998 0.522090 1.122764 
235.999008 33.299999 0.520081 1.112665 
235.999008 34.200001 0.517348 1.098685 
235.999008 35.099998 0.513966 1.080801 
235.999008 36.000000 0.509956 1.058987 
235.999008 36.899998 0.505415 1.033208 
235.999008 37.799999 0.500508 1.003427 
235.999008 38.700001 0.495473 0.969601 
235.999008 39.599998 0.490923 0.931684 
235.999008 40.500000 0.488568 0.889622 
235.999008 41.399998 0.493507 0.843344 
235.999008 42.299999 0.521343 0.792736 
235.999008 43.199997 0.620199 0.737539 
235.999008 44.099998 0.934814 0.677106 
235.999008 45.000000 1.852236 0.610112 
235.999008 45.899998 4.013129 0.537572 
235.999008 46.799999 6.490421 0.486254 
235.999008 47.699997 4.852517 0.520569 
235.999008 48.599998 2.342021 0.594833 
235.999008 49.500000 1.122081 0.667066 
235.999008 50.399998 0.683804 0.732472 
235.999008 51.299999 0.542623 0.792345 
235.999008 52.199997 0.501211 0.847515 
235.999008 53.099998 0.492287 0.898320 
235.999008 54.000000 0.493852 0.944907 
235.999008 54.899998 0.498725 0.987360 
235.999008 55.799999 0.504516 1.025742 
235.999008 56.699997 0.510366 1.060109 
235.999008 57.599998 0.515950 1.090511 
235.999008 58.500000 0.521099 1.116996 
235.999008 59.399998 0.525718 1.139606 
235.999008 60.299999 0.529716 1.158378 
235.999008 61.199997 0.532999 1.173347 
235.999008 62.099998 0.535533 1.184540 
235.999008 63.000000 0.537247 1.191977 
235.999008 63.899998 0.538087 1.195673 
235.999008 64.799995 0.538086 1.195634 
235.999008 65.699997 0.537216 1.191862 
235.999008 66.599998 0.535475 1.184348 
235.999008 67.500000 0.532914 1.173078 
235.999008 68.400002 0.529627 1.158032 
235.999008 69.299995 0.525616 1.139181 
235.999008 70.199997 0.520976 1.116493 
235.999008 71.099998 0.515805 1.089929 
235.999008 72.000000 0.510219 1.059447 
235.999008 72.900002 0.504360 1.024999 
235.999008 73.799995 0.498552 0.986534 
235.999008 74.699997 0.493638 0.943998 
235.999008 75.599998 0.491953 0.897327 
235.999008 76.500000 0.500511 0.846438 
235.999008 77.400002 0.540693 0.791186 
235.999008 78.299995 0.678255 0.731238 
235.999008 79.199997 1.106502 0.665777 
235.999008 80.099998 2.304358 0.593477 
235.999008 81.000000 4.805227 0.518706 
235.999008 81.900002 6.560989 0.482206 
235.999008 82.799995 4.128965 0.532642 
235.999008 83.699997 1.909693 0.606297 
235.999008 84.599998 0.955646 0.674663 
235.999008 85.500000 0.627129 0.736413 
235.999008 86.399994 0.523689 0.792890 
235.999008 87.299995 0.494487 0.844767 
235.999008 88.199997 0.489243 0.892308 
235.999008 89.099998 0.491647 0.935636 
235.999008 90.000000 0.496373 0.974821 
235.999008 90.899994 0.501641 1.009921 
235.999008 91.799995 0.506823 1.040983 
235.999008 92.699997 0.511607 1.068053 
235.999008 93.599998 0.515896 1.091171 
235.999008 94.500000 0.519590 1.110371 
235.999008 95.399994 0.522656 1.125686 
235.999008 96.299995 0.524998 1.137139 
235.999008 97.199997 0.526613 1.144753 
235.999008 98.099998 0.527407 1.148539 
235.999008 99.000000 0.527410 1.148504 
235.999008 99.899994 0.526593 1.144649 
235.999008 100.799995 0.524989 1.136967 
235.999008 101.699997 0.522622 1.125445 
235.999008 102.599998 0.519530 1.110065 
235.999008 103.500000 0.515811 1.090800 
235.999008 104.399994 0.511505 1.067620 
235.999008 105.299995 0.506676 1.040490 
235.999008 106.199997 0.501509 1.009368 
235.999008 107.099998 0.496294 0.974210 
235.999008 108.000000 0.491658 0.934968 
235.999008 108.899994 0.489535 0.891583 
235.999008 109.799995 0.495591 0.843981 
235.999008 110.699997 0.527234 0.792038 
235.999008 111.599998 0.638096 0.735473 
235.999008 112.500000 0.988243 0.673583 
235.999008 113.399994 1.996105 0.605017 
235.999008 114.299995 4.282511 0.531728 
235.999008 115.199997 6.551981 0.485192 
235.999008 116.099998 4.558374 0.526273 
235.999008 117.000000 2.156497 0.600265 
235.999008 117.899994 1.049554 0.670668 
235.999008 118.799995 0.658986 0.734307 
235.999008 119.699997 0.534295 0.792523 
235.999008 120.599998 0.498225 0.846080 
235.999008 121.500000 0.490885 0.895285 
235.999008 122.399994 0.492793 0.940273 
235.999008 123.299995 0.497573 0.981122 
235.999008 124.199997 0.503102 1.017893 
235.999008 125.099998 0.508598 1.050638 
235.999008 126.000000 0.513782 1.079404 
235.999008 126.899994 0.518517 1.104236 
235.999008 127.799995 0.522680 1.125172 
235.999008 128.699997 0.526203 1.142247 
235.999008 129.599991 0.529003 1.155489 
235.999008 130.500000 0.531059 1.164923 
235.999008 131.399994 0.532294 1.170565 
235.999008 132.300003 0.532715 1.172425 
235.999008 133.199997 0.532287 1.170506 
235.999008 134.099991 0.531030 1.164807 
235.999008 135.000000 0.528951 1.155316 
235.999008 135.899994 0.526148 1.142016 
235.999008 136.800003 0.522620 1.124883 
235.999008 137.699997 0.518463 1.103889 
235.999008 138.599991 0.513722 1.079001 
235.999008 139.500000 0.508515 1.050177 
235.999008 140.399994 0.502984 1.017377 
235.999008 141.300003 0.497405 0.980551 
235.999008 142.199997 0.492478 0.939647 
235.999008 143.099991 0.490144 0.894607 
235.999008 144.000000 0.496196 0.845353 
235.999008 144.899994 0.528346 0.791757 
235.999008 145.800003 0.641262 0.733533 
235.999008 146.699997 0.998108 0.669963 
235.999008 147.599991 2.024847 0.599675 
235.999008 148.500000 4.349299 0.524704 
235.999008 149.399994 6.652508 0.477070 
235.999008 150.300003 4.672173 0.518067 
235.999008 151.199997 2.213289 0.593592 
235.999008 152.099991 1.070125 0.665778 
235.999008 153.000000 0.665678 0.731141 
235.999008 153.899994 0.536474 0.791041 
235.999008 154.800003 0.499071 0.846268 
235.999008 155.699997 0.491463 0.897138 
235.999008 156.599991 0.493454 0.943791 
235.999008 157.500000 0.498474 0.986311 
235.999008 158.399994 0.504310 1.024759 
235.999008 159.300003 0.510197 1.059190 
235.999008 160.199997 0.515763 1.089654 
235.999008 161.099991 0.520934 1.116199 
235.999008 162.000000 0.525573 1.138867 
235.999008 162.899994 0.529583 1.157697 
235.999008 163.800003 0.532869 1.172722 
235.999008 164.699997 0.535405 1.183969 
235.999008 165.599991 0.537121 1.191460 
235.999008 166.500000 0.537990 1.195208 
235.999008 167.399994 0.537990 1.195222 
235.999008 168.300003 0.537119 1.191501 
235.999008 169.199997 0.535420 1.184038 
235.999008 170.099991 0.532900 1.172818 
235.999008 171.000000 0.529611 1.157821 
235.999008 171.899994 0.525613 1.139019 
235.999008 172.799988 0.520988 1.116378 
235.999008 173.699997 0.515831 1.089861 
235.999008 174.599991 0.510240 1.059425 
235.999008 175.500000 0.504400 1.025023 
235.999008 176.399994 0.498680 0.986604 
235.999008 177.299988 0.493979 0.944113 
235.999008 178.199997 0.492917 0.897486 
235.999008 179.099991 0.503320 0.846636 
235.999008 180.000000 0.549142 0.791408 
235.999008 180.899994 0.703580 0.731441 
235.999008 181.799988 1.179353 0.665860 
235.999008 182.699997 2.483040 0.593455 
235.999008 183.599991 5.042729 0.520512 
235.999008 184.500000 6.331552 0.493048 
235.999008 185.399994 3.751516 0.547459 
235.999008 186.299988 1.725311 0.618596 
235.999008 187.199997 0.889348 0.683690 
235.999008 188.099991 0.605418 0.742363 
235.999008 189.000000 0.516696 0.795885 
235.999008 189.899994 0.492039 0.844852 
235.999008 190.799988 0.487976 0.889498 
235.999008 191.699997 0.490452 0.929931 
235.999008 192.599991 0.494850 0.966219 
235.999008 193.500000 0.499621 0.998411 
235.999008 194.399994 0.504209 1.026552 
235.999008 195.299988 0.508369 1.050682 
235.999008 196.199997 0.511998 1.070836 
235.999008 197.099991 0.515000 1.087043 
235.999008 198.000000 0.517356 1.099331 
235.999008 198.899994 0.519004 1.107716 
235.999008 199.799988 0.519916 1.112213 
235.999008 200.699997 0.520061 1.112829 
235.999008 201.599991 0.519415 1.109566 
235.999008 202.500000 0.518009 1.102416 
235.999008 203.399994 0.515878 1.091370 
235.999008 204.299988 0.513061 1.076409 
235.999008 205.199997 0.509628 1.057509 
235.999008 206.099991 0.505663 1.034642 
235.999008 207.000000 0.501308 1.007773 
235.999008 207.899994 0.496850 0.976864 
235.999008 208.799988 0.493130 0.941872 
235.999008 209.699997 0.492388 0.902743 
235.999008 210.599991 0.501394 0.859404 
235.999008 211.500000 0.540683 0.811724 
235.999008 212.399994 0.672568 0.759397 
235.999008 213.299988 1.078064 0.701682 
235.999008 214.199997 2.196033 0.637476 
235.999008 215.099991 4.462016 0.571488 
235.999008 216.000000 5.769623 0.543149 
235.999008 216.899994 3.403270 0.590186 
235.999008 217.799988 1.586773 0.651170 
235.999008 218.699997 0.843705 0.706158 
235.999008 219.599991 0.591196 0.754971 
235.999008 220.500000 0.511826 0.798739 
235.999008 221.399994 0.489274 0.837985 
235.999008 222.299988 0.484928 0.872912 
235.999008 223.199997 0.486247 0.903611 
235.999008 224.099991 0.489110 0.930132 
235.999008 225.000000 0.492142 0.952514 
235.999008 225.899994 0.494865 0.970786 
235.999008 226.799988 0.497081 0.984973 
235.999008 227.699997 0.498695 0.995092 
235.999008 228.599991 0.499681 1.001158 
235.999008 229.500000 0.500000 1.003179 
