39.999001 0.000000 0.718032 1.405311 
39.999001 0.900000 0.721337 1.403507 
39.999001 1.800000 0.732410 1.398096 
39.999001 2.700000 0.755054 1.389085 
39.999001 3.600000 0.797108 1.376510 
39.999001 4.500000 0.872904 1.360486 
39.999001 5.400000 1.006046 1.341347 
39.999001 6.300000 1.226820 1.319999 
39.999001 7.200000 1.544775 1.298762 
39.999001 8.099999 1.872050 1.282667 
39.999001 9.000000 1.988641 1.278933 
39.999001 9.900000 1.789863 1.290663 
39.999001 10.799999 1.458771 1.312886 
39.999001 11.700000 1.179389 1.338912 
39.999001 12.599999 0.997044 1.364738 
39.999001 13.500000 0.891139 1.388615 
39.999001 14.400000 0.833796 1.409886 
39.999001 15.299999 0.805480 1.428355 
39.999001 16.199999 0.794695 1.444018 
39.999001 17.100000 0.795132 1.456963 
39.999001 18.000000 0.803500 1.467325 
39.999001 18.900000 0.818195 1.475273 
39.999001 19.799999 0.838531 1.481005 
39.999001 20.699999 0.864195 1.484753 
39.999001 21.599998 0.894803 1.486788 
39.999001 22.500000 0.929448 1.487430 
39.999001 23.400000 0.966298 1.487048 
39.999001 24.299999 1.002399 1.486052 
39.999001 25.199999 1.033954 1.484867 
39.999001 26.099998 1.057197 1.483884 
39.999001 27.000000 1.069603 1.483404 
39.999001 27.900000 1.070812 1.483599 
39.999001 28.799999 1.062677 1.484493 
39.999001 29.699999 1.048434 1.485992 
39.999001 30.599998 1.031528 1.487932 
39.999001 31.500000 1.014838 1.490118 
39.999001 32.399998 1.000215 1.492368 
39.999001 33.299999 0.988625 1.494533 
39.999001 34.200001 0.980368 1.496497 
39.999001 35.099998 0.975296 1.498186 
39.999001 36.000000 0.973022 1.499560 
39.999001 36.899998 0.973050 1.500607 
39.999001 37.799999 0.974856 1.501338 
39.999001 38.700001 0.977916 1.501784 
39.999001 39.599998 0.981752 1.501983 
39.999001 40.500000 0.985936 1.501984 
39.999001 41.399998 0.990104 1.501836 
39.999001 42.299999 0.993983 1.501586 
39.999001 43.199997 0.997352 1.501279 
39.999001 44.099998 1.000076 1.500951 
39.999001 45.000000 1.002098 1.500634 
39.999001 45.899998 1.003441 1.500348 
39.999001 46.799999 1.004153 1.500105 
39.999001 47.699997 1.004361 1.499913 
39.999001 48.599998 1.004155 1.499772 
39.999001 49.500000 1.003655 1.499678 
39.999001 50.399998 1.003010 1.499624 
39.999001 51.299999 1.002271 1.499601 
39.999001 52.199997 1.001606 1.499601 
39.999001 53.099998 1.001044 1.499615 
39.999001 54.000000 1.000620 1.499638 
39.999001 54.899998 1.000309 1.499663 
39.999001 55.799999 1.000133 1.499687 
39.999001 56.699997 1.000083 1.499709 
39.999001 57.599998 1.000080 1.499728 
39.999001 58.500000 1.000108 1.499745 
39.999001 59.399998 1.000133 1.499759 
39.999001 60.299999 1.000133 1.499773 
39.999001 61.199997 1.000133 1.499785 
39.999001 62.099998 1.000133 1.499797 
39.999001 63.000000 1.000133 1.499807 
39.999001 63.899998 1.000133 1.499817 
39.999001 64.799995 1.000133 1.499826 
39.999001 65.699997 1.000133 1.499833 
39.999001 66.599998 1.000133 1.499840 
39.999001 67.500000 1.000133 1.499846 
39.999001 68.400002 1.000133 1.499851 
39.999001 69.299995 1.000133 1.499855 
39.999001 70.199997 1.000133 1.499858 
39.999001 71.099998 1.000133 1.499860 
39.999001 72.000000 1.000133 1.499861 
39.999001 72.900002 1.000133 1.499861 
39.999001 73.799995 1.000133 1.499861 
39.999001 74.699997 1.000133 1.499861 
39.999001 75.599998 1.000133 1.499861 
39.999001 76.500000 1.000133 1.499861 
39.999001 77.400002 1.000133 1.499861 
39.999001 78.299995 1.000133 1.499861 
39.999001 79.199997 1.000133 1.499861 
39.999001 80.099998 1.000133 1.499861 
39.999001 81.000000 1.000133 1.499861 
39.999001 81.900002 1.000133 1.499861 
39.999001 82.799995 1.000133 1.499861 
39.999001 83.699997 1.000133 1.499861 
39.999001 84.599998 1.000133 1.499861 
39.999001 85.500000 1.000133 1.499861 
39.999001 86.399994 1.000133 1.499861 
39.999001 87.299995 1.000133 1.499861 
39.999001 88.199997 1.000133 1.499861 
39.999001 89.099998 1.000133 1.499861 
39.999001 90.000000 1.000133 1.499861 
39.999001 90.899994 1.000133 1.499861 
39.999001 91.799995 1.000133 1.499861 
39.999001 92.699997 1.000133 1.499861 
39.999001 93.599998 1.000133 1.499861 
39.999001 94.500000 1.000133 1.499861 
39.999001 95.399994 1.000133 1.499861 
39.999001 96.299995 1.000133 1.499861 
39.999001 97.199997 1.000133 1.499861 
39.999001 98.099998 1.000133 1.499861 
39.999001 99.000000 1.000133 1.499861 
39.999001 99.899994 1.000133 1.499861 
39.999001 100.799995 1.000133 1.499861 
39.999001 101.699997 1.000133 1.499861 
39.999001 102.599998 1.000133 1.499861 
39.999001 103.500000 1.000133 1.499861 
39.999001 104.399994 1.000133 1.499861 
39.999001 105.299995 1.000133 1.499861 
39.999001 106.199997 1.000133 1.499861 
39.999001 107.099998 1.000133 1.499861 
39.999001 108.000000 1.000133 1.499861 
39.999001 108.899994 1.000133 1.499861 
39.999001 109.799995 1.000133 1.499861 
39.999001 110.699997 1.000133 1.499861 
39.999001 111.599998 1.000133 1.499861 
39.999001 112.500000 1.000133 1.499861 
39.999001 113.399994 1.000133 1.499861 
39.999001 114.299995 1.000133 1.499861 
39.999001 115.199997 1.000133 1.499861 
39.999001 116.099998 1.000133 1.499861 
39.999001 117.000000 1.000133 1.499861 
39.999001 117.899994 1.000133 1.499861 
39.999001 118.799995 1.000133 1.499861 
39.999001 119.699997 1.000133 1.499861 
39.999001 120.599998 1.000133 1.499861 
39.999001 121.500000 1.000133 1.499861 
39.999001 122.399994 1.000133 1.499861 
39.999001 123.299995 1.000133 1.499861 
39.999001 124.199997 1.000133 1.499861 
39.999001 125.099998 1.000133 1.499861 
39.999001 126.000000 1.000133 1.499861 
39.999001 126.899994 1.000133 1.499861 
39.999001 127.799995 1.000133 1.499861 
39.999001 128.699997 1.000133 1.499861 
39.999001 129.599991 1.000133 1.499861 
39.999001 130.500000 1.000133 1.499861 
39.999001 131.399994 1.000133 1.499861 
39.999001 132.300003 1.000133 1.499861 
39.999001 133.199997 1.000133 1.499861 
39.999001 134.099991 1.000133 1.499861 
39.999001 135.000000 1.000133 1.499861 
39.999001 135.899994 1.000133 1.499861 
39.999001 136.800003 1.000133 1.499861 
39.999001 137.699997 1.000133 1.499861 
39.999001 138.599991 1.000133 1.499861 
39.999001 139.500000 1.000133 1.499861 
39.999001 140.399994 1.000133 1.499861 
39.999001 141.300003 1.000133 1.499861 
39.999001 142.199997 1.000133 1.499861 
39.999001 143.099991 1.000133 1.499861 
39.999001 144.000000 1.000133 1.499861 
39.999001 144.899994 1.000133 1.499861 
39.999001 145.800003 1.000133 1.499861 
39.999001 146.699997 1.000133 1.499861 
39.999001 147.599991 1.000133 1.499861 
39.999001 148.500000 1.000133 1.499861 
39.999001 149.399994 1.000133 1.499861 
39.999001 150.300003 1.000133 1.499861 
39.999001 151.199997 1.000133 1.499861 
39.999001 152.099991 1.000133 1.499861 
39.999001 153.000000 1.000133 1.499861 
39.999001 153.899994 1.000133 1.499862 
39.999001 154.800003 1.000133 1.499863 
39.999001 155.699997 1.000134 1.499863 
39.999001 156.599991 1.000181 1.499865 
39.999001 157.500000 1.000181 1.499866 
39.999001 158.399994 1.000181 1.499867 
39.999001 159.300003 1.000181 1.499868 
39.999001 160.199997 1.000181 1.499870 
39.999001 161.099991 1.000181 1.499873 
39.999001 162.000000 1.000181 1.499875 
39.999001 162.899994 1.000181 1.499877 
39.999001 163.800003 1.000181 1.499879 
39.999001 164.699997 1.000181 1.499881 
39.999001 165.599991 1.000181 1.499883 
39.999001 166.500000 1.000181 1.499885 
39.999001 167.399994 1.000181 1.499887 
39.999001 168.300003 1.000181 1.499889 
39.999001 169.199997 1.000181 1.499892 
39.999001 170.099991 1.000181 1.499893 
39.999001 171.000000 1.000181 1.499896 
39.999001 171.899994 1.000181 1.499898 
39.999001 172.799988 1.000181 1.499900 
39.999001 173.699997 1.000181 1.499902 
39.999001 174.599991 1.000181 1.499906 
39.999001 175.500000 1.000181 1.499909 
39.999001 176.399994 1.000181 1.499914 
39.999001 177.299988 1.000181 1.499920 
39.999001 178.199997 1.000229 1.499929 
39.999001 179.099991 1.000314 1.499938 
39.999001 180.000000 1.000418 1.499951 
39.999001 180.899994 1.000580 1.499967 
39.999001 181.799988 1.000747 1.499990 
39.999001 182.699997 1.000934 1.500021 
39.999001 183.599991 1.001085 1.500065 
39.999001 184.500000 1.001139 1.500123 
39.999001 185.399994 1.001090 1.500196 
39.999001 186.299988 1.000886 1.500283 
39.999001 187.199997 1.000386 1.500385 
39.999001 188.099991 0.999588 1.500496 
39.999001 189.000000 0.998390 1.500607 
39.999001 189.899994 0.996815 1.500705 
39.999001 190.799988 0.994918 1.500773 
39.999001 191.699997 0.992858 1.500788 
39.999001 192.599991 0.990842 1.500724 
39.999001 193.500000 0.989142 1.500559 
39.999001 194.399994 0.988101 1.500270 
39.999001 195.299988 0.988089 1.499839 
39.999001 196.199997 0.989460 1.499265 
39.999001 197.099991 0.992506 1.498556 
39.999001 198.000000 0.997396 1.497741 
39.999001 198.899994 1.004102 1.496871 
39.999001 199.799988 1.012305 1.496015 
39.999001 200.699997 1.021326 1.495267 
39.999001 201.599991 1.030054 1.494729 
39.999001 202.500000 1.037029 1.494506 
39.999001 203.399994 1.040586 1.494686 
39.999001 204.299988 1.039246 1.495315 
39.999001 205.199997 1.032124 1.496382 
39.999001 206.099991 1.019248 1.497807 
39.999001 207.000000 1.001604 1.499439 
39.999001 207.899994 0.980947 1.501076 
39.999001 208.799988 0.959309 1.502485 
39.999001 209.699997 0.938696 1.503431 
39.999001 210.599991 0.920827 1.503694 
39.999001 211.500000 0.907118 1.503085 
39.999001 212.399994 0.898810 1.501457 
39.999001 213.299988 0.897182 1.498711 
39.999001 214.199997 0.903791 1.494804 
39.999001 215.099991 0.920626 1.489763 
39.999001 216.000000 0.950093 1.483706 
39.999001 216.899994 0.994466 1.476879 
39.999001 217.799988 1.054347 1.469705 
39.999001 218.699997 1.125724 1.462839 
39.999001 219.599991 1.196488 1.457174 
39.999001 220.500000 1.246328 1.453711 
39.999001 221.399994 1.255203 1.453225 
39.999001 222.299988 1.217412 1.455861 
39.999001 223.199997 1.146563 1.461018 
39.999001 224.099991 1.064925 1.467652 
39.999001 225.000000 0.990113 1.474698 
39.999001 225.899994 0.930434 1.481309 
39.999001 226.799988 0.887279 1.486902 
39.999001 227.699997 0.858909 1.491107 
39.999001 228.599991 0.843012 1.493705 
39.999001 229.500000 0.837904 1.494583 
