64.999001 0.000000 0.478016 0.856140 
64.999001 0.900000 0.477763 0.854030 
64.999001 1.800000 0.477085 0.847695 
64.999001 2.700000 0.476188 0.837130 
64.999001 3.600000 0.475742 0.822319 
64.999001 4.500000 0.477752 0.803237 
64.999001 5.400000 0.488225 0.779837 
64.999001 6.300000 0.525360 0.752013 
64.999001 7.200000 0.643942 0.719490 
64.999001 8.099999 1.002102 0.681562 
64.999001 9.000000 1.988786 0.637009 
64.999001 9.900000 4.062457 0.588706 
64.999001 10.799999 5.569318 0.569547 
64.999001 11.700000 3.399577 0.624878 
64.999001 12.599999 1.602389 0.697248 
64.999001 13.500000 0.856265 0.764588 
64.999001 14.400000 0.603098 0.826006 
64.999001 15.299999 0.524876 0.882473 
64.999001 16.199999 0.504312 0.934479 
64.999001 17.100000 0.502453 0.982232 
64.999001 18.000000 0.506596 1.025840 
64.999001 18.900000 0.512568 1.065380 
64.999001 19.799999 0.518937 1.100916 
64.999001 20.699999 0.525162 1.132509 
64.999001 21.599998 0.531008 1.160213 
64.999001 22.500000 0.536318 1.184081 
64.999001 23.400000 0.540999 1.204158 
64.999001 24.299999 0.544954 1.220487 
64.999001 25.199999 0.548090 1.233103 
64.999001 26.099998 0.550341 1.242035 
64.999001 27.000000 0.551674 1.247304 
64.999001 27.900000 0.552040 1.248924 
64.999001 28.799999 0.551442 1.246900 
64.999001 29.699999 0.549908 1.241232 
64.999001 30.599998 0.547454 1.231908 
64.999001 31.500000 0.544128 1.218911 
64.999001 32.399998 0.540046 1.202215 
64.999001 33.299999 0.535244 1.181789 
64.999001 34.200001 0.529817 1.157597 
64.999001 35.099998 0.523859 1.129595 
64.999001 36.000000 0.517468 1.097737 
64.999001 36.899998 0.510793 1.061972 
64.999001 37.799999 0.504019 1.022247 
64.999001 38.700001 0.497487 0.978506 
64.999001 39.599998 0.492204 0.930688 
64.999001 40.500000 0.490956 0.878724 
64.999001 41.399998 0.502125 0.822520 
64.999001 42.299999 0.551362 0.761907 
64.999001 43.199997 0.717013 0.696486 
64.999001 44.099998 1.226851 0.625271 
64.999001 45.000000 2.626065 0.546797 
64.999001 45.899998 5.423423 0.466976 
64.999001 46.799999 7.238962 0.432000 
64.999001 47.699997 4.776924 0.490468 
64.999001 48.599998 2.218589 0.581226 
64.999001 49.500000 1.067429 0.668181 
64.999001 50.399998 0.666411 0.748318 
64.999001 51.299999 0.540604 0.823033 
64.999001 52.199997 0.506095 0.893112 
64.999001 53.099998 0.501407 0.958877 
64.999001 54.000000 0.506650 1.020487 
64.999001 54.899998 0.515388 1.078048 
64.999001 55.799999 0.525526 1.131652 
64.999001 56.699997 0.536329 1.181387 
64.999001 57.599998 0.547566 1.227345 
64.999001 58.500000 0.559142 1.269617 
64.999001 59.399998 0.570982 1.308298 
64.999001 60.299999 0.583081 1.343483 
64.999001 61.199997 0.595419 1.375270 
64.999001 62.099998 0.607954 1.403759 
64.999001 63.000000 0.620676 1.429051 
64.999001 63.899998 0.633566 1.451249 
64.999001 64.799995 0.646607 1.470455 
64.999001 65.699997 0.659848 1.486772 
64.999001 66.599998 0.673363 1.500302 
64.999001 67.500000 0.687317 1.511147 
64.999001 68.400002 0.701988 1.519409 
64.999001 69.299995 0.717807 1.525192 
64.999001 70.199997 0.735386 1.528602 
64.999001 71.099998 0.755548 1.529756 
64.999001 72.000000 0.779318 1.528782 
64.999001 72.900002 0.807865 1.525837 
64.999001 73.799995 0.842327 1.521115 
64.999001 74.699997 0.883495 1.514868 
64.999001 75.599998 0.931278 1.507424 
64.999001 76.500000 0.984045 1.499206 
64.999001 77.400002 1.038116 1.490731 
64.999001 78.299995 1.087917 1.482585 
64.999001 79.199997 1.127253 1.475349 
64.999001 80.099998 1.151414 1.469508 
64.999001 81.000000 1.159006 1.465354 
64.999001 81.900002 1.152222 1.462958 
64.999001 82.799995 1.135500 1.462192 
64.999001 83.699997 1.113651 1.462805 
64.999001 84.599998 1.090546 1.464498 
64.999001 85.500000 1.068633 1.466977 
64.999001 86.399994 1.049151 1.469985 
64.999001 87.299995 1.032483 1.473308 
64.999001 88.199997 1.018549 1.476778 
64.999001 89.099998 1.007066 1.480265 
64.999001 90.000000 0.997693 1.483670 
64.999001 90.899994 0.990122 1.486919 
64.999001 91.799995 0.984097 1.489955 
64.999001 92.699997 0.979426 1.492740 
64.999001 93.599998 0.975969 1.495247 
64.999001 94.500000 0.973624 1.497459 
64.999001 95.399994 0.972304 1.499368 
64.999001 96.299995 0.971926 1.500977 
64.999001 97.199997 0.972403 1.502295 
64.999001 98.099998 0.973618 1.503336 
64.999001 99.000000 0.975460 1.504124 
64.999001 99.899994 0.977741 1.504683 
64.999001 100.799995 0.980330 1.505044 
64.999001 101.699997 0.983062 1.505238 
64.999001 102.599998 0.985767 1.505296 
64.999001 103.500000 0.988312 1.505249 
64.999001 104.399994 0.990604 1.505125 
64.999001 105.299995 0.992553 1.504948 
64.999001 106.199997 0.994120 1.504738 
64.999001 107.099998 0.995302 1.504510 
64.999001 108.000000 0.996126 1.504275 
64.999001 108.899994 0.996647 1.504039 
64.999001 109.799995 0.996926 1.503806 
64.999001 110.699997 0.997053 1.503576 
64.999001 111.599998 0.997086 1.503349 
64.999001 112.500000 0.997070 1.503120 
64.999001 113.399994 0.997043 1.502889 
64.999001 114.299995 0.997049 1.502652 
64.999001 115.199997 0.997102 1.502408 
64.999001 116.099998 0.997205 1.502156 
64.999001 117.000000 0.997358 1.501893 
64.999001 117.899994 0.997563 1.501621 
64.999001 118.799995 0.997816 1.501341 
64.999001 119.699997 0.998116 1.501052 
64.999001 120.599998 0.998453 1.500757 
64.999001 121.500000 0.998748 1.500458 
64.999001 122.399994 0.998945 1.500157 
64.999001 123.299995 0.998997 1.499856 
64.999001 124.199997 0.998858 1.499551 
64.999001 125.099998 0.998524 1.499240 
64.999001 126.000000 0.998011 1.498917 
64.999001 126.899994 0.997351 1.498573 
64.999001 127.799995 0.996603 1.498199 
64.999001 128.699997 0.995859 1.497783 
64.999001 129.599991 0.995172 1.497314 
64.999001 130.500000 0.994631 1.496779 
64.999001 131.399994 0.994303 1.496168 
64.999001 132.300003 0.994265 1.495471 
64.999001 133.199997 0.994609 1.494682 
64.999001 134.099991 0.995423 1.493797 
64.999001 135.000000 0.996785 1.492818 
64.999001 135.899994 0.998730 1.491750 
64.999001 136.800003 1.001261 1.490606 
64.999001 137.699997 1.004332 1.489403 
64.999001 138.599991 1.007895 1.488165 
64.999001 139.500000 1.011881 1.486920 
64.999001 140.399994 1.016220 1.485701 
64.999001 141.300003 1.020904 1.484547 
64.999001 142.199997 1.025943 1.483500 
64.999001 143.099991 1.031402 1.482606 
64.999001 144.000000 1.037329 1.481919 
64.999001 144.899994 1.043735 1.481501 
64.999001 145.800003 1.050548 1.481425 
64.999001 146.699997 1.057530 1.481769 
64.999001 147.599991 1.064233 1.482624 
64.999001 148.500000 1.069909 1.484080 
64.999001 149.399994 1.073516 1.486222 
64.999001 150.300003 1.073728 1.489119 
64.999001 151.199997 1.069123 1.492799 
64.999001 152.099991 1.058421 1.497236 
64.999001 153.000000 1.040845 1.502328 
64.999001 153.899994 1.016415 1.507893 
64.999001 154.800003 0.986083 1.513669 
64.999001 155.699997 0.951590 1.519338 
64.999001 156.599991 0.915077 1.524548 
64.999001 157.500000 0.878622 1.528947 
64.999001 158.399994 0.843873 1.532204 
64.999001 159.300003 0.811877 1.534022 
64.999001 160.199997 0.783093 1.534148 
64.999001 161.099991 0.757517 1.532362 
64.999001 162.000000 0.734856 1.528479 
64.999001 162.899994 0.714660 1.522341 
64.999001 163.800003 0.696451 1.513803 
64.999001 164.699997 0.679781 1.502739 
64.999001 165.599991 0.664268 1.489026 
64.999001 166.500000 0.649615 1.472551 
64.999001 167.399994 0.635598 1.453204 
64.999001 168.300003 0.622067 1.430875 
64.999001 169.199997 0.608923 1.405459 
64.999001 170.099991 0.596115 1.376851 
64.999001 171.000000 0.583612 1.344948 
64.999001 171.899994 0.571402 1.309649 
64.999001 172.799988 0.559480 1.270854 
64.999001 173.699997 0.547872 1.228468 
64.999001 174.599991 0.536602 1.182394 
64.999001 175.500000 0.525765 1.132539 
64.999001 176.399994 0.515621 1.078813 
64.999001 177.299988 0.506883 1.021126 
64.999001 178.199997 0.501751 0.959384 
64.999001 179.099991 0.506865 0.893481 
64.999001 180.000000 0.542763 0.823257 
64.999001 180.899994 0.673055 0.748380 
64.999001 181.799988 1.087803 0.668049 
64.999001 182.699997 2.274015 0.580882 
64.999001 183.599991 4.873344 0.490391 
64.999001 184.500000 7.220740 0.434658 
64.999001 185.399994 5.230288 0.472792 
64.999001 186.299988 2.502960 0.551703 
64.999001 187.199997 1.178184 0.628219 
64.999001 188.099991 0.700258 0.697505 
64.999001 189.000000 0.545625 0.761071 
64.999001 189.899994 0.499873 0.819858 
64.999001 190.799988 0.489654 0.874244 
64.999001 191.699997 0.490989 0.924390 
64.999001 192.599991 0.496045 0.970386 
64.999001 193.500000 0.502204 1.012298 
64.999001 194.399994 0.508549 1.050184 
64.999001 195.299988 0.514695 1.084098 
64.999001 196.199997 0.520503 1.114089 
64.999001 197.099991 0.525863 1.140206 
64.999001 198.000000 0.530663 1.162490 
64.999001 198.899994 0.534802 1.180981 
64.999001 199.799988 0.538217 1.195711 
64.999001 200.699997 0.540841 1.206707 
64.999001 201.599991 0.542632 1.213991 
64.999001 202.500000 0.543535 1.217575 
64.999001 203.399994 0.543538 1.217466 
64.999001 204.299988 0.542624 1.213663 
64.999001 205.199997 0.540818 1.206156 
64.999001 206.099991 0.538188 1.194932 
64.999001 207.000000 0.534756 1.179966 
64.999001 207.899994 0.530604 1.161229 
64.999001 208.799988 0.525825 1.138686 
64.999001 209.699997 0.520516 1.112297 
64.999001 210.599991 0.514868 1.082016 
64.999001 211.500000 0.509176 1.047793 
64.999001 212.399994 0.504267 1.009574 
64.999001 213.299988 0.502329 0.967297 
64.999001 214.199997 0.509872 0.920883 
64.999001 215.099991 0.546508 0.870201 
64.999001 216.000000 0.671422 0.814974 
64.999001 216.899994 1.055236 0.754553 
64.999001 217.799988 2.105481 0.688105 
64.999001 218.699997 4.189399 0.620766 
64.999001 219.599991 5.217900 0.590510 
64.999001 220.500000 3.000099 0.626408 
64.999001 221.399994 1.423070 0.671506 
64.999001 222.299988 0.788033 0.710354 
64.999001 223.199997 0.571448 0.743222 
64.999001 224.099991 0.502211 0.771134 
64.999001 225.000000 0.481420 0.794539 
64.999001 225.899994 0.476089 0.813605 
64.999001 226.799988 0.475456 0.828399 
64.999001 227.699997 0.476002 0.838950 
64.999001 228.599991 0.476569 0.845276 
64.999001 229.500000 0.476783 0.847383 
