356.999023 0.000000 0.506502 1.040973 
356.999023 0.900000 0.506145 1.038978 
356.999023 1.800000 0.505127 1.032991 
356.999023 2.700000 0.503411 1.023003 
356.999023 3.600000 0.501067 1.008999 
356.999023 4.500000 0.498154 0.990961 
356.999023 5.400000 0.494748 0.968862 
356.999023 6.300000 0.491076 0.942674 
356.999023 7.200000 0.487670 0.912362 
356.999023 8.099999 0.486016 0.877883 
356.999023 9.000000 0.490519 0.839179 
356.999023 9.900000 0.514701 0.796152 
356.999023 10.799999 0.600145 0.748581 
356.999023 11.700000 0.872190 0.695903 
356.999023 12.599999 1.671055 0.636919 
356.999023 13.500000 3.602265 0.572042 
356.999023 14.400000 6.014162 0.523430 
356.999023 15.299999 4.572716 0.553978 
356.999023 16.199999 2.230896 0.622476 
356.999023 17.100000 1.086926 0.688960 
356.999023 18.000000 0.674077 0.748833 
356.999023 18.900000 0.540334 0.803273 
356.999023 19.799999 0.500744 0.853048 
356.999023 20.699999 0.491848 0.898472 
356.999023 21.599998 0.492836 0.939680 
356.999023 22.500000 0.496871 0.976749 
356.999023 23.400000 0.501654 1.009733 
356.999023 24.299999 0.506388 1.038680 
356.999023 25.199999 0.510785 1.063632 
356.999023 26.099998 0.514665 1.084625 
356.999023 27.000000 0.517936 1.101691 
356.999023 27.900000 0.520519 1.114857 
356.999023 28.799999 0.522378 1.124146 
356.999023 29.699999 0.523490 1.129571 
356.999023 30.599998 0.523782 1.131144 
356.999023 31.500000 0.523307 1.128867 
356.999023 32.399998 0.522044 1.122737 
356.999023 33.299999 0.520058 1.112743 
356.999023 34.200001 0.517348 1.098870 
356.999023 35.099998 0.513970 1.081094 
356.999023 36.000000 0.509981 1.059388 
356.999023 36.899998 0.505464 1.033718 
356.999023 37.799999 0.500588 1.004049 
356.999023 38.700001 0.495567 0.970336 
356.999023 39.599998 0.491005 0.932532 
356.999023 40.500000 0.488592 0.890585 
356.999023 41.399998 0.493289 0.844424 
356.999023 42.299999 0.520362 0.793935 
356.999023 43.199997 0.616952 0.738866 
356.999023 44.099998 0.924803 0.678581 
356.999023 45.000000 1.824708 0.611764 
356.999023 45.899998 3.958718 0.539280 
356.999023 46.799999 6.466799 0.487017 
356.999023 47.699997 4.904878 0.519747 
356.999023 48.599998 2.377748 0.593764 
356.999023 49.500000 1.136305 0.666080 
356.999023 50.399998 0.688630 0.731560 
356.999023 51.299999 0.544152 0.791486 
356.999023 52.199997 0.501661 0.846699 
356.999023 53.099998 0.492359 0.897543 
356.999023 54.000000 0.493797 0.944167 
356.999023 54.899998 0.498629 0.986657 
356.999023 55.799999 0.504407 1.025074 
356.999023 56.699997 0.510255 1.059475 
356.999023 57.599998 0.515840 1.089911 
356.999023 58.500000 0.520992 1.116428 
356.999023 59.399998 0.525612 1.139070 
356.999023 60.299999 0.529605 1.157875 
356.999023 61.199997 0.532876 1.172875 
356.999023 62.099998 0.535423 1.184098 
356.999023 63.000000 0.537149 1.191566 
356.999023 63.899998 0.537990 1.195292 
356.999023 64.799995 0.537990 1.195283 
356.999023 65.699997 0.537119 1.191539 
356.999023 66.599998 0.535419 1.184054 
356.999023 67.500000 0.532899 1.172812 
356.999023 68.400002 0.529579 1.157791 
356.999023 69.299995 0.525583 1.138967 
356.999023 70.199997 0.520960 1.116304 
356.999023 71.099998 0.515805 1.089765 
356.999023 72.000000 0.510217 1.059308 
356.999023 72.900002 0.504360 1.024884 
356.999023 73.799995 0.498552 0.986445 
356.999023 74.699997 0.493638 0.943934 
356.999023 75.599998 0.491946 0.897291 
356.999023 76.500000 0.500466 0.846429 
356.999023 77.400002 0.540609 0.791206 
356.999023 78.299995 0.678013 0.731287 
356.999023 79.199997 1.105783 0.665856 
356.999023 80.099998 2.302497 0.593588 
356.999023 81.000000 4.802185 0.518834 
356.999023 81.900002 6.560217 0.482292 
356.999023 82.799995 4.130125 0.532686 
356.999023 83.699997 1.910425 0.606333 
356.999023 84.599998 0.955944 0.674696 
356.999023 85.500000 0.627218 0.736442 
356.999023 86.399994 0.523716 0.792915 
356.999023 87.299995 0.494494 0.844786 
356.999023 88.199997 0.489243 0.892323 
356.999023 89.099998 0.491647 0.935646 
356.999023 90.000000 0.496373 0.974827 
356.999023 90.899994 0.501641 1.009923 
356.999023 91.799995 0.506823 1.040983 
356.999023 92.699997 0.511607 1.068053 
356.999023 93.599998 0.515896 1.091171 
356.999023 94.500000 0.519590 1.110371 
356.999023 95.399994 0.522656 1.125686 
356.999023 96.299995 0.524998 1.137139 
356.999023 97.199997 0.526613 1.144753 
356.999023 98.099998 0.527407 1.148539 
356.999023 99.000000 0.527410 1.148504 
356.999023 99.899994 0.526593 1.144649 
356.999023 100.799995 0.524989 1.136967 
356.999023 101.699997 0.522622 1.125445 
356.999023 102.599998 0.519530 1.110065 
356.999023 103.500000 0.515811 1.090800 
356.999023 104.399994 0.511505 1.067620 
356.999023 105.299995 0.506676 1.040490 
356.999023 106.199997 0.501509 1.009368 
356.999023 107.099998 0.496294 0.974210 
356.999023 108.000000 0.491658 0.934968 
356.999023 108.899994 0.489535 0.891583 
356.999023 109.799995 0.495591 0.843981 
356.999023 110.699997 0.527234 0.792038 
356.999023 111.599998 0.638096 0.735473 
356.999023 112.500000 0.988243 0.673583 
356.999023 113.399994 1.996105 0.605017 
356.999023 114.299995 4.282511 0.531728 
356.999023 115.199997 6.551981 0.485192 
356.999023 116.099998 4.558374 0.526273 
356.999023 117.000000 2.156497 0.600265 
356.999023 117.899994 1.049554 0.670668 
356.999023 118.799995 0.658986 0.734307 
356.999023 119.699997 0.534295 0.792523 
356.999023 120.599998 0.498225 0.846080 
356.999023 121.500000 0.490885 0.895285 
356.999023 122.399994 0.492793 0.940273 
356.999023 123.299995 0.497573 0.981122 
356.999023 124.199997 0.503102 1.017893 
356.999023 125.099998 0.508598 1.050638 
356.999023 126.000000 0.513782 1.079404 
356.999023 126.899994 0.518517 1.104236 
356.999023 127.799995 0.522680 1.125172 
356.999023 128.699997 0.526203 1.142247 
356.999023 129.599991 0.529003 1.155491 
356.999023 130.500000 0.531059 1.164927 
356.999023 131.399994 0.532294 1.170574 
356.999023 132.300003 0.532715 1.172440 
356.999023 133.199997 0.532287 1.170530 
356.999023 134.099991 0.531030 1.164841 
356.999023 135.000000 0.528951 1.155361 
356.999023 135.899994 0.526148 1.142074 
356.999023 136.800003 0.522620 1.124955 
356.999023 137.699997 0.518463 1.103978 
356.999023 138.599991 0.513722 1.079105 
356.999023 139.500000 0.508515 1.050297 
356.999023 140.399994 0.502984 1.017512 
356.999023 141.300003 0.497405 0.980701 
356.999023 142.199997 0.492479 0.939811 
356.999023 143.099991 0.490163 0.894785 
356.999023 144.000000 0.496258 0.845546 
356.999023 144.899994 0.528545 0.791964 
356.999023 145.800003 0.641807 0.733754 
356.999023 146.699997 0.999648 0.670195 
356.999023 147.599991 2.028721 0.599919 
356.999023 148.500000 4.355362 0.524996 
356.999023 149.399994 6.647087 0.477603 
356.999023 150.300003 4.653154 0.518823 
356.999023 151.199997 2.202471 0.594196 
356.999023 152.099991 1.066030 0.666158 
356.999023 153.000000 0.664284 0.731303 
356.999023 153.899994 0.535986 0.790993 
356.999023 154.800003 0.498874 0.846012 
356.999023 155.699997 0.491338 0.896676 
356.999023 156.599991 0.493331 0.943123 
356.999023 157.500000 0.498327 0.985436 
356.999023 158.399994 0.504120 1.023677 
356.999023 159.300003 0.509961 1.057898 
356.999023 160.199997 0.515492 1.088152 
356.999023 161.099991 0.520590 1.114485 
356.999023 162.000000 0.525156 1.136939 
356.999023 162.899994 0.529094 1.155553 
356.999023 163.800003 0.532338 1.170357 
356.999023 164.699997 0.534802 1.181380 
356.999023 165.599991 0.536444 1.188642 
356.999023 166.500000 0.537265 1.192157 
356.999023 167.399994 0.537216 1.191931 
356.999023 168.300003 0.536298 1.187962 
356.999023 169.199997 0.534553 1.180245 
356.999023 170.099991 0.531983 1.168763 
356.999023 171.000000 0.528661 1.153496 
356.999023 171.899994 0.524649 1.134417 
356.999023 172.799988 0.520010 1.111492 
356.999023 173.699997 0.514849 1.084682 
356.999023 174.599991 0.509281 1.053945 
356.999023 175.500000 0.503482 1.019234 
356.999023 176.399994 0.497877 0.980497 
356.999023 177.299988 0.493518 0.937679 
356.999023 178.199997 0.493478 0.890713 
356.999023 179.099991 0.506974 0.839508 
356.999023 180.000000 0.562321 0.783890 
356.999023 180.899994 0.745650 0.723447 
356.999023 181.799988 1.303500 0.657203 
356.999023 182.699997 2.787884 0.584168 
356.999023 183.599991 5.436812 0.514018 
356.999023 184.500000 6.051836 0.500217 
356.999023 185.399994 3.374903 0.560214 
356.999023 186.299988 1.552786 0.630834 
356.999023 187.199997 0.829302 0.694914 
356.999023 188.099991 0.586607 0.752794 
356.999023 189.000000 0.511466 0.805647 
356.999023 189.899994 0.491167 0.853995 
356.999023 190.799988 0.488500 0.898047 
356.999023 191.699997 0.491408 0.937900 
356.999023 192.599991 0.495932 0.973620 
356.999023 193.500000 0.500722 1.005255 
356.999023 194.399994 0.505270 1.032850 
356.999023 195.299988 0.509383 1.056443 
356.999023 196.199997 0.512959 1.076069 
356.999023 197.099991 0.515910 1.091758 
356.999023 198.000000 0.518179 1.103532 
356.999023 198.899994 0.519723 1.111412 
356.999023 199.799988 0.520505 1.115410 
356.999023 200.699997 0.520530 1.115534 
356.999023 201.599991 0.519774 1.111782 
356.999023 202.500000 0.518294 1.104149 
356.999023 203.399994 0.516077 1.092623 
356.999023 204.299988 0.513183 1.077185 
356.999023 205.199997 0.509662 1.057810 
356.999023 206.099991 0.505609 1.034469 
356.999023 207.000000 0.501206 1.007128 
356.999023 207.899994 0.496754 0.975748 
356.999023 208.799988 0.493131 0.940282 
356.999023 209.699997 0.492844 0.900677 
356.999023 210.599991 0.503291 0.856856 
356.999023 211.500000 0.547038 0.808678 
356.999023 212.399994 0.692427 0.755814 
356.999023 213.299988 1.136359 0.697473 
356.999023 214.199997 2.341868 0.632624 
356.999023 215.099991 4.671099 0.567418 
356.999023 216.000000 5.660968 0.545368 
356.999023 216.899994 3.237433 0.595205 
356.999023 217.799988 1.510022 0.656183 
356.999023 218.699997 0.816824 0.710938 
356.999023 219.599991 0.582746 0.759614 
356.999023 220.500000 0.509499 0.803300 
356.999023 221.399994 0.488931 0.842486 
356.999023 222.299988 0.485236 0.877364 
356.999023 223.199997 0.486778 0.908021 
356.999023 224.099991 0.489727 0.934506 
356.999023 225.000000 0.492796 0.956857 
356.999023 225.899994 0.495549 0.975105 
356.999023 226.799988 0.497778 0.989271 
356.999023 227.699997 0.499411 0.999376 
356.999023 228.599991 0.500393 1.005433 
356.999023 229.500000 0.500712 1.007451 
