304.999023 0.000000 0.506502 1.040973 
304.999023 0.900000 0.506145 1.038978 
304.999023 1.800000 0.505127 1.032991 
304.999023 2.700000 0.503411 1.023003 
304.999023 3.600000 0.501067 1.008999 
304.999023 4.500000 0.498154 0.990961 
304.999023 5.400000 0.494748 0.968862 
304.999023 6.300000 0.491076 0.942674 
304.999023 7.200000 0.487670 0.912362 
304.999023 8.099999 0.486016 0.877883 
304.999023 9.000000 0.490519 0.839179 
304.999023 9.900000 0.514701 0.796152 
304.999023 10.799999 0.600145 0.748581 
304.999023 11.700000 0.872190 0.695903 
304.999023 12.599999 1.671055 0.636919 
304.999023 13.500000 3.602265 0.572042 
304.999023 14.400000 6.014162 0.523430 
304.999023 15.299999 4.572716 0.553978 
304.999023 16.199999 2.230896 0.622476 
304.999023 17.100000 1.086926 0.688960 
304.999023 18.000000 0.674077 0.748833 
304.999023 18.900000 0.540334 0.803273 
304.999023 19.799999 0.500744 0.853048 
304.999023 20.699999 0.491848 0.898472 
304.999023 21.599998 0.492836 0.939680 
304.999023 22.500000 0.496871 0.976749 
304.999023 23.400000 0.501654 1.009733 
304.999023 24.299999 0.506388 1.038680 
304.999023 25.199999 0.510785 1.063632 
304.999023 26.099998 0.514665 1.084625 
304.999023 27.000000 0.517936 1.101691 
304.999023 27.900000 0.520519 1.114857 
304.999023 28.799999 0.522378 1.124146 
304.999023 29.699999 0.523490 1.129571 
304.999023 30.599998 0.523782 1.131144 
304.999023 31.500000 0.523307 1.128867 
304.999023 32.399998 0.522044 1.122737 
304.999023 33.299999 0.520058 1.112743 
304.999023 34.200001 0.517348 1.098870 
304.999023 35.099998 0.513970 1.081094 
304.999023 36.000000 0.509981 1.059388 
304.999023 36.899998 0.505464 1.033718 
304.999023 37.799999 0.500588 1.004049 
304.999023 38.700001 0.495567 0.970336 
304.999023 39.599998 0.491005 0.932532 
304.999023 40.500000 0.488592 0.890585 
304.999023 41.399998 0.493289 0.844424 
304.999023 42.299999 0.520362 0.793935 
304.999023 43.199997 0.616952 0.738866 
304.999023 44.099998 0.924803 0.678581 
304.999023 45.000000 1.824708 0.611764 
304.999023 45.899998 3.958718 0.539280 
304.999023 46.799999 6.466799 0.487017 
304.999023 47.699997 4.904878 0.519747 
304.999023 48.599998 2.377748 0.593764 
304.999023 49.500000 1.136305 0.666080 
304.999023 50.399998 0.688630 0.731560 
304.999023 51.299999 0.544152 0.791486 
304.999023 52.199997 0.501661 0.846699 
304.999023 53.099998 0.492359 0.897543 
304.999023 54.000000 0.493797 0.944167 
304.999023 54.899998 0.498629 0.986657 
304.999023 55.799999 0.504407 1.025074 
304.999023 56.699997 0.510255 1.059475 
304.999023 57.599998 0.515840 1.089911 
304.999023 58.500000 0.520992 1.116428 
304.999023 59.399998 0.525612 1.139070 
304.999023 60.299999 0.529605 1.157875 
304.999023 61.199997 0.532876 1.172875 
304.999023 62.099998 0.535423 1.184098 
304.999023 63.000000 0.537149 1.191566 
304.999023 63.899998 0.537990 1.195292 
304.999023 64.799995 0.537990 1.195283 
304.999023 65.699997 0.537119 1.191539 
304.999023 66.599998 0.535419 1.184054 
304.999023 67.500000 0.532899 1.172812 
304.999023 68.400002 0.529579 1.157791 
304.999023 69.299995 0.525583 1.138967 
304.999023 70.199997 0.520960 1.116304 
304.999023 71.099998 0.515805 1.089765 
304.999023 72.000000 0.510217 1.059308 
304.999023 72.900002 0.504360 1.024884 
304.999023 73.799995 0.498552 0.986445 
304.999023 74.699997 0.493638 0.943934 
304.999023 75.599998 0.491946 0.897291 
304.999023 76.500000 0.500466 0.846429 
304.999023 77.400002 0.540609 0.791206 
304.999023 78.299995 0.678013 0.731287 
304.999023 79.199997 1.105783 0.665856 
304.999023 80.099998 2.302497 0.593588 
304.999023 81.000000 4.802185 0.518834 
304.999023 81.900002 6.560217 0.482292 
304.999023 82.799995 4.130125 0.532686 
304.999023 83.699997 1.910425 0.606333 
304.999023 84.599998 0.955944 0.674696 
304.999023 85.500000 0.627218 0.736442 
304.999023 86.399994 0.523716 0.792915 
304.999023 87.299995 0.494494 0.844786 
304.999023 88.199997 0.489243 0.892323 
304.999023 89.099998 0.491647 0.935646 
304.999023 90.000000 0.496373 0.974827 
304.999023 90.899994 0.501641 1.009923 
304.999023 91.799995 0.506823 1.040983 
304.999023 92.699997 0.511607 1.068053 
304.999023 93.599998 0.515896 1.091171 
304.999023 94.500000 0.519590 1.110371 
304.999023 95.399994 0.522656 1.125686 
304.999023 96.299995 0.524998 1.137139 
304.999023 97.199997 0.526613 1.144753 
304.999023 98.099998 0.527407 1.148539 
304.999023 99.000000 0.527410 1.148504 
304.999023 99.899994 0.526593 1.144649 
304.999023 100.799995 0.524989 1.136967 
304.999023 101.699997 0.522622 1.125445 
304.999023 102.599998 0.519530 1.110065 
304.999023 103.500000 0.515811 1.090800 
304.999023 104.399994 0.511505 1.067620 
304.999023 105.299995 0.506676 1.040490 
304.999023 106.199997 0.501509 1.009368 
304.999023 107.099998 0.496294 0.974210 
304.999023 108.000000 0.491658 0.934968 
304.999023 108.899994 0.489535 0.891583 
304.999023 109.799995 0.495591 0.843981 
304.999023 110.699997 0.527234 0.792038 
304.999023 111.599998 0.638096 0.735473 
304.999023 112.500000 0.988243 0.673583 
304.999023 113.399994 1.996105 0.605017 
304.999023 114.299995 4.282511 0.531728 
304.999023 115.199997 6.551981 0.485192 
304.999023 116.099998 4.558374 0.526273 
304.999023 117.000000 2.156497 0.600265 
304.999023 117.899994 1.049554 0.670668 
304.999023 118.799995 0.658986 0.734307 
304.999023 119.699997 0.534295 0.792523 
304.999023 120.599998 0.498225 0.846080 
304.999023 121.500000 0.490885 0.895285 
304.999023 122.399994 0.492793 0.940273 
304.999023 123.299995 0.497573 0.981122 
304.999023 124.199997 0.503102 1.017893 
304.999023 125.099998 0.508598 1.050638 
304.999023 126.000000 0.513782 1.079404 
304.999023 126.899994 0.518517 1.104236 
304.999023 127.799995 0.522680 1.125172 
304.999023 128.699997 0.526203 1.142247 
304.999023 129.599991 0.529003 1.155489 
304.999023 130.500000 0.531059 1.164923 
304.999023 131.399994 0.532294 1.170565 
304.999023 132.300003 0.532715 1.172428 
304.999023 133.199997 0.532287 1.170513 
304.999023 134.099991 0.531030 1.164819 
304.999023 135.000000 0.528951 1.155335 
304.999023 135.899994 0.526148 1.142043 
304.999023 136.800003 0.522620 1.124921 
304.999023 137.699997 0.518463 1.103940 
304.999023 138.599991 0.513722 1.079063 
304.999023 139.500000 0.508515 1.050251 
304.999023 140.399994 0.502984 1.017463 
304.999023 141.300003 0.497405 0.980649 
304.999023 142.199997 0.492478 0.939758 
304.999023 143.099991 0.490148 0.894731 
304.999023 144.000000 0.496196 0.845489 
304.999023 144.899994 0.528346 0.791906 
304.999023 145.800003 0.641241 0.733695 
304.999023 146.699997 0.998010 0.670139 
304.999023 147.599991 2.024460 0.599866 
304.999023 148.500000 4.348208 0.524912 
304.999023 149.399994 6.649801 0.477300 
304.999023 150.300003 4.668138 0.518297 
304.999023 151.199997 2.211034 0.593754 
304.999023 152.099991 1.069264 0.665859 
304.999023 153.000000 0.665385 0.731142 
304.999023 153.899994 0.536372 0.790964 
304.999023 154.800003 0.499015 0.846112 
304.999023 155.699997 0.491416 0.896904 
304.999023 156.599991 0.493400 0.943479 
304.999023 157.500000 0.498403 0.985921 
304.999023 158.399994 0.504224 1.024290 
304.999023 159.300003 0.510097 1.058641 
304.999023 160.199997 0.515667 1.089026 
304.999023 161.099991 0.520804 1.115491 
304.999023 162.000000 0.525411 1.138077 
304.999023 162.899994 0.529390 1.156826 
304.999023 163.800003 0.532659 1.171767 
304.999023 164.699997 0.535163 1.182929 
304.999023 165.599991 0.536845 1.190333 
304.999023 166.500000 0.537676 1.193992 
304.999023 167.399994 0.537657 1.193914 
304.999023 168.300003 0.536803 1.190098 
304.999023 169.199997 0.535075 1.182537 
304.999023 170.099991 0.532527 1.171217 
304.999023 171.000000 0.529241 1.156117 
304.999023 171.899994 0.525239 1.137208 
304.999023 172.799988 0.520611 1.114457 
304.999023 173.699997 0.515453 1.087826 
304.999023 174.599991 0.509870 1.057273 
304.999023 175.500000 0.504046 1.022750 
304.999023 176.399994 0.498366 0.984207 
304.999023 177.299988 0.493808 0.941589 
304.999023 178.199997 0.493146 0.894831 
304.999023 179.099991 0.504772 0.843844 
304.999023 180.000000 0.554391 0.788465 
304.999023 180.899994 0.720275 0.728314 
304.999023 181.799988 1.228526 0.662473 
304.999023 182.699997 2.604547 0.589808 
304.999023 183.599991 5.205962 0.517896 
304.999023 184.500000 6.226905 0.495883 
304.999023 185.399994 3.593698 0.552748 
304.999023 186.299988 1.651314 0.623690 
304.999023 187.199997 0.863342 0.688350 
304.999023 188.099991 0.597214 0.746679 
304.999023 189.000000 0.514393 0.799910 
304.999023 189.899994 0.491621 0.848608 
304.999023 190.799988 0.488178 0.892994 
304.999023 191.699997 0.490838 0.933174 
304.999023 192.599991 0.495285 0.969212 
304.999023 193.500000 0.500049 1.001158 
304.999023 194.399994 0.504604 1.029058 
304.999023 195.299988 0.508766 1.052950 
304.999023 196.199997 0.512385 1.072868 
304.999023 197.099991 0.515375 1.088843 
304.999023 198.000000 0.517686 1.100901 
304.999023 198.899994 0.519272 1.109060 
304.999023 199.799988 0.520110 1.113335 
304.999023 200.699997 0.520206 1.113730 
304.999023 201.599991 0.519510 1.110248 
304.999023 202.500000 0.518069 1.102882 
304.999023 203.399994 0.515903 1.091621 
304.999023 204.299988 0.513066 1.076445 
304.999023 205.199997 0.509601 1.057332 
304.999023 206.099991 0.505595 1.034253 
304.999023 207.000000 0.501211 1.007172 
304.999023 207.899994 0.496767 0.976050 
304.999023 208.799988 0.493107 0.940843 
304.999023 209.699997 0.492606 0.901499 
304.999023 210.599991 0.502402 0.857940 
304.999023 211.500000 0.544120 0.810032 
304.999023 212.399994 0.683317 0.757455 
304.999023 213.299988 1.109552 0.699442 
304.999023 214.199997 2.274786 0.634925 
304.999023 215.099991 4.575861 0.569378 
304.999023 216.000000 5.711509 0.544463 
304.999023 216.899994 3.310500 0.593085 
304.999023 217.799988 1.543435 0.654070 
304.999023 218.699997 0.828470 0.708928 
304.999023 219.599991 0.586405 0.757664 
304.999023 220.500000 0.510515 0.801386 
304.999023 221.399994 0.489093 0.840599 
304.999023 222.299988 0.485112 0.875498 
304.999023 223.199997 0.486562 0.906173 
304.999023 224.099991 0.489483 0.932675 
304.999023 225.000000 0.492529 0.955041 
304.999023 225.899994 0.495261 0.973299 
304.999023 226.799988 0.497485 0.987475 
304.999023 227.699997 0.499122 0.997587 
304.999023 228.599991 0.500106 1.003649 
304.999023 229.500000 0.500423 1.005669 
