268.999023 0.000000 0.506429 1.040607 
268.999023 0.900000 0.506076 1.038612 
268.999023 1.800000 0.505031 1.032625 
268.999023 2.700000 0.503329 1.022636 
268.999023 3.600000 0.500983 1.008631 
268.999023 4.500000 0.498083 0.990591 
268.999023 5.400000 0.494688 0.968491 
268.999023 6.300000 0.491027 0.942302 
268.999023 7.200000 0.487628 0.911986 
268.999023 8.099999 0.485991 0.877503 
268.999023 9.000000 0.490558 0.838795 
268.999023 9.900000 0.514897 0.795763 
268.999023 10.799999 0.600898 0.748184 
268.999023 11.700000 0.874629 0.695494 
268.999023 12.599999 1.677875 0.636490 
268.999023 13.500000 3.616159 0.571618 
268.999023 14.400000 6.021015 0.523261 
268.999023 15.299999 4.556775 0.554275 
268.999023 16.199999 2.219947 0.622836 
268.999023 17.100000 1.082564 0.689284 
268.999023 18.000000 0.672587 0.749125 
268.999023 18.900000 0.539894 0.803540 
268.999023 19.799999 0.500628 0.853293 
268.999023 20.699999 0.491827 0.898695 
268.999023 21.599998 0.492849 0.939883 
268.999023 22.500000 0.496890 0.976931 
268.999023 23.400000 0.501687 1.009896 
268.999023 24.299999 0.506436 1.038824 
268.999023 25.199999 0.510827 1.063756 
268.999023 26.099998 0.514685 1.084728 
268.999023 27.000000 0.517936 1.101775 
268.999023 27.900000 0.520521 1.114923 
268.999023 28.799999 0.522382 1.124194 
268.999023 29.699999 0.523493 1.129601 
268.999023 30.599998 0.523785 1.131154 
268.999023 31.500000 0.523307 1.128858 
268.999023 32.399998 0.522044 1.122707 
268.999023 33.299999 0.520058 1.112693 
268.999023 34.200001 0.517348 1.098798 
268.999023 35.099998 0.513968 1.081000 
268.999023 36.000000 0.509960 1.059272 
268.999023 36.899998 0.505464 1.033581 
268.999023 37.799999 0.500583 1.003887 
268.999023 38.700001 0.495549 0.970151 
268.999023 39.599998 0.490991 0.932324 
268.999023 40.500000 0.488581 0.890353 
268.999023 41.399998 0.493337 0.844167 
268.999023 42.299999 0.520599 0.793653 
268.999023 43.199997 0.617677 0.738557 
268.999023 44.099998 0.927033 0.678241 
268.999023 45.000000 1.830831 0.611386 
268.999023 45.899998 3.970845 0.538890 
268.999023 46.799999 6.472209 0.486836 
268.999023 47.699997 4.893467 0.519919 
268.999023 48.599998 2.369883 0.593995 
268.999023 49.500000 1.133186 0.666296 
268.999023 50.399998 0.687572 0.731762 
268.999023 51.299999 0.543821 0.791678 
268.999023 52.199997 0.501579 0.846883 
268.999023 53.099998 0.492359 0.897719 
268.999023 54.000000 0.493823 0.944336 
268.999023 54.899998 0.498654 0.986818 
268.999023 55.799999 0.504427 1.025229 
268.999023 56.699997 0.510277 1.059623 
268.999023 57.599998 0.515859 1.090052 
268.999023 58.500000 0.521007 1.116564 
268.999023 59.399998 0.525621 1.139198 
268.999023 60.299999 0.529631 1.157996 
268.999023 61.199997 0.532939 1.172989 
268.999023 62.099998 0.535465 1.184205 
268.999023 63.000000 0.537169 1.191665 
268.999023 63.899998 0.538038 1.195383 
268.999023 64.799995 0.538038 1.195366 
268.999023 65.699997 0.537161 1.191613 
268.999023 66.599998 0.535446 1.184119 
268.999023 67.500000 0.532911 1.172868 
268.999023 68.400002 0.529626 1.157839 
268.999023 69.299995 0.525616 1.139005 
268.999023 70.199997 0.520976 1.116334 
268.999023 71.099998 0.515805 1.089786 
268.999023 72.000000 0.510219 1.059319 
268.999023 72.900002 0.504360 1.024886 
268.999023 73.799995 0.498552 0.986437 
268.999023 74.699997 0.493638 0.943915 
268.999023 75.599998 0.491953 0.897259 
268.999023 76.500000 0.500490 0.846384 
268.999023 77.400002 0.540671 0.791146 
268.999023 78.299995 0.678220 0.731212 
268.999023 79.199997 1.106370 0.665763 
268.999023 80.099998 2.304088 0.593476 
268.999023 81.000000 4.804890 0.518712 
268.999023 81.900002 6.560917 0.482212 
268.999023 82.799995 4.128965 0.532647 
268.999023 83.699997 1.909693 0.606301 
268.999023 84.599998 0.955646 0.674666 
268.999023 85.500000 0.627129 0.736415 
268.999023 86.399994 0.523689 0.792891 
268.999023 87.299995 0.494487 0.844767 
268.999023 88.199997 0.489243 0.892308 
268.999023 89.099998 0.491647 0.935636 
268.999023 90.000000 0.496373 0.974821 
268.999023 90.899994 0.501641 1.009921 
268.999023 91.799995 0.506823 1.040983 
268.999023 92.699997 0.511607 1.068053 
268.999023 93.599998 0.515896 1.091171 
268.999023 94.500000 0.519590 1.110371 
268.999023 95.399994 0.522656 1.125686 
268.999023 96.299995 0.524998 1.137139 
268.999023 97.199997 0.526613 1.144753 
268.999023 98.099998 0.527407 1.148539 
268.999023 99.000000 0.527410 1.148504 
268.999023 99.899994 0.526593 1.144649 
268.999023 100.799995 0.524989 1.136967 
268.999023 101.699997 0.522622 1.125445 
268.999023 102.599998 0.519530 1.110065 
268.999023 103.500000 0.515811 1.090800 
268.999023 104.399994 0.511505 1.067620 
268.999023 105.299995 0.506676 1.040490 
268.999023 106.199997 0.501509 1.009368 
268.999023 107.099998 0.496294 0.974210 
268.999023 108.000000 0.491658 0.934968 
268.999023 108.899994 0.489535 0.891583 
268.999023 109.799995 0.495591 0.843981 
268.999023 110.699997 0.527234 0.792038 
268.999023 111.599998 0.638096 0.735473 
268.999023 112.500000 0.988243 0.673583 
268.999023 113.399994 1.996105 0.605017 
268.999023 114.299995 4.282511 0.531728 
268.999023 115.199997 6.551981 0.485192 
268.999023 116.099998 4.558374 0.526273 
268.999023 117.000000 2.156497 0.600265 
268.999023 117.899994 1.049554 0.670668 
268.999023 118.799995 0.658986 0.734307 
268.999023 119.699997 0.534295 0.792523 
268.999023 120.599998 0.498225 0.846080 
268.999023 121.500000 0.490885 0.895285 
268.999023 122.399994 0.492793 0.940273 
268.999023 123.299995 0.497573 0.981122 
268.999023 124.199997 0.503102 1.017893 
268.999023 125.099998 0.508598 1.050638 
268.999023 126.000000 0.513782 1.079404 
268.999023 126.899994 0.518517 1.104236 
268.999023 127.799995 0.522680 1.125172 
268.999023 128.699997 0.526203 1.142247 
268.999023 129.599991 0.529003 1.155489 
268.999023 130.500000 0.531059 1.164923 
268.999023 131.399994 0.532294 1.170565 
268.999023 132.300003 0.532715 1.172425 
268.999023 133.199997 0.532287 1.170508 
268.999023 134.099991 0.531030 1.164810 
268.999023 135.000000 0.528951 1.155323 
268.999023 135.899994 0.526148 1.142027 
268.999023 136.800003 0.522620 1.124902 
268.999023 137.699997 0.518463 1.103916 
268.999023 138.599991 0.513722 1.079035 
268.999023 139.500000 0.508515 1.050221 
268.999023 140.399994 0.502984 1.017430 
268.999023 141.300003 0.497405 0.980614 
268.999023 142.199997 0.492478 0.939720 
268.999023 143.099991 0.490144 0.894690 
268.999023 144.000000 0.496196 0.845447 
268.999023 144.899994 0.528346 0.791861 
268.999023 145.800003 0.641241 0.733648 
268.999023 146.699997 0.998007 0.670089 
268.999023 147.599991 2.024460 0.599814 
268.999023 148.500000 4.348256 0.524857 
268.999023 149.399994 6.650574 0.477234 
268.999023 150.300003 4.669766 0.518228 
268.999023 151.199997 2.211954 0.593714 
268.999023 152.099991 1.069628 0.665856 
268.999023 153.000000 0.665499 0.731176 
268.999023 153.899994 0.536421 0.791035 
268.999023 154.800003 0.499047 0.846221 
268.999023 155.699997 0.491441 0.897051 
268.999023 156.599991 0.493432 0.943665 
268.999023 157.500000 0.498447 0.986145 
268.999023 158.399994 0.504275 1.024554 
268.999023 159.300003 0.510152 1.058945 
268.999023 160.199997 0.515736 1.089369 
268.999023 161.099991 0.520886 1.115875 
268.999023 162.000000 0.525500 1.138503 
268.999023 162.899994 0.529487 1.157293 
268.999023 163.800003 0.532773 1.172277 
268.999023 164.699997 0.535285 1.183483 
268.999023 165.599991 0.536976 1.190932 
268.999023 166.500000 0.537845 1.194637 
268.999023 167.399994 0.537845 1.194607 
268.999023 168.300003 0.536974 1.190841 
268.999023 169.199997 0.535258 1.183331 
268.999023 170.099991 0.532721 1.172063 
268.999023 171.000000 0.529434 1.157017 
268.999023 171.899994 0.525438 1.138165 
268.999023 172.799988 0.520815 1.115472 
268.999023 173.699997 0.515660 1.088901 
268.999023 174.599991 0.510074 1.058410 
268.999023 175.500000 0.504246 1.023951 
268.999023 176.399994 0.498534 0.985475 
268.999023 177.299988 0.493904 0.942925 
268.999023 178.199997 0.493031 0.896237 
268.999023 179.099991 0.504015 0.845323 
268.999023 180.000000 0.551622 0.790025 
268.999023 180.899994 0.711460 0.729972 
268.999023 181.799988 1.202557 0.664269 
268.999023 182.699997 2.540462 0.591739 
268.999023 183.599991 5.120952 0.519268 
268.999023 184.500000 6.283428 0.494379 
268.999023 185.399994 3.675412 0.549993 
268.999023 186.299988 1.689288 0.621038 
268.999023 187.199997 0.876638 0.685919 
268.999023 188.099991 0.601390 0.744421 
268.999023 189.000000 0.515552 0.797798 
268.999023 189.899994 0.491824 0.846631 
268.999023 190.799988 0.488062 0.891147 
268.999023 191.699997 0.490626 0.931454 
268.999023 192.599991 0.495048 0.967617 
268.999023 193.500000 0.499828 0.999686 
268.999023 194.399994 0.504406 1.027708 
268.999023 195.299988 0.508562 1.051720 
268.999023 196.199997 0.512186 1.071757 
268.999023 197.099991 0.515182 1.087849 
268.999023 198.000000 0.517513 1.100022 
268.999023 198.899994 0.519119 1.108294 
268.999023 199.799988 0.519999 1.112680 
268.999023 200.699997 0.520101 1.113187 
268.999023 201.599991 0.519423 1.109814 
268.999023 202.500000 0.518010 1.102556 
268.999023 203.399994 0.515873 1.091402 
268.999023 204.299988 0.513052 1.076334 
268.999023 205.199997 0.509618 1.057327 
268.999023 206.099991 0.505654 1.034352 
268.999023 207.000000 0.501260 1.007375 
268.999023 207.899994 0.496802 0.976357 
268.999023 208.799988 0.493107 0.941255 
268.999023 209.699997 0.492509 0.902015 
268.999023 210.599991 0.501964 0.858563 
268.999023 211.500000 0.542617 0.810764 
268.999023 212.399994 0.678620 0.758306 
268.999023 213.299988 1.095758 0.700433 
268.999023 214.199997 2.240282 0.636061 
268.999023 215.099991 4.526312 0.570323 
268.999023 216.000000 5.737227 0.543915 
268.999023 216.899994 3.350116 0.591865 
268.999023 217.799988 1.561788 0.652849 
268.999023 218.699997 0.834894 0.707761 
268.999023 219.599991 0.588419 0.756528 
268.999023 220.500000 0.511059 0.800268 
268.999023 221.399994 0.489166 0.839494 
268.999023 222.299988 0.485038 0.874404 
268.999023 223.199997 0.486428 0.905088 
268.999023 224.099991 0.489321 0.931597 
268.999023 225.000000 0.492365 0.953969 
268.999023 225.899994 0.495092 0.972233 
268.999023 226.799988 0.497312 0.986413 
268.999023 227.699997 0.498932 0.996527 
268.999023 228.599991 0.499907 1.002590 
268.999023 229.500000 0.500229 1.004610 
