0.220000 0.000000 1.699599 1.521566 
0.220000 0.900000 1.699582 1.521566 
0.220000 1.800000 1.699588 1.521567 
0.220000 2.700000 1.699589 1.521568 
0.220000 3.600000 1.699591 1.521569 
0.220000 4.500000 1.699592 1.521570 
0.220000 5.400000 1.699592 1.521571 
0.220000 6.300000 1.699593 1.521572 
0.220000 7.200000 1.699593 1.521572 
0.220000 8.099999 1.699593 1.521572 
0.220000 9.000000 1.699593 1.521572 
0.220000 9.900000 1.699593 1.521572 
0.220000 10.799999 1.699593 1.521572 
0.220000 11.700000 1.699593 1.521572 
0.220000 12.599999 1.699593 1.521572 
0.220000 13.500000 1.699593 1.521572 
0.220000 14.400000 1.699593 1.521572 
0.220000 15.299999 1.699593 1.521572 
0.220000 16.199999 1.699593 1.521572 
0.220000 17.100000 1.699593 1.521572 
0.220000 18.000000 1.699593 1.521572 
0.220000 18.900000 1.699593 1.521572 
0.220000 19.799999 1.699593 1.521572 
0.220000 20.699999 1.699593 1.521572 
0.220000 21.599998 1.699593 1.521572 
0.220000 22.500000 1.699593 1.521572 
0.220000 23.400000 1.699593 1.521572 
0.220000 24.299999 1.699593 1.521572 
0.220000 25.199999 1.699593 1.521572 
0.220000 26.099998 1.699593 1.521572 
0.220000 27.000000 1.699593 1.521572 
0.220000 27.900000 1.699593 1.521572 
0.220000 28.799999 1.699593 1.521572 
0.220000 29.699999 1.699593 1.521572 
0.220000 30.599998 1.699593 1.521572 
0.220000 31.500000 1.699593 1.521572 
0.220000 32.399998 1.699593 1.521572 
0.220000 33.299999 1.699593 1.521572 
0.220000 34.200001 1.699593 1.521572 
0.220000 35.099998 1.699593 1.521572 
0.220000 36.000000 1.699593 1.521572 
0.220000 36.899998 1.699593 1.521572 
0.220000 37.799999 1.699593 1.521572 
0.220000 38.700001 1.699593 1.521572 
0.220000 39.599998 1.699593 1.521572 
0.220000 40.500000 1.699593 1.521572 
0.220000 41.399998 1.699593 1.521572 
0.220000 42.299999 1.699593 1.521572 
0.220000 43.199997 1.699593 1.521572 
0.220000 44.099998 1.699593 1.521572 
0.220000 45.000000 1.699593 1.521572 
0.220000 45.899998 1.699593 1.521572 
0.220000 46.799999 1.699593 1.521572 
0.220000 47.699997 1.699593 1.521572 
0.220000 48.599998 1.699593 1.521572 
0.220000 49.500000 1.699593 1.521572 
0.220000 50.399998 1.699593 1.521572 
0.220000 51.299999 1.699593 1.521572 
0.220000 52.199997 1.699593 1.521572 
0.220000 53.099998 1.699593 1.521572 
0.220000 54.000000 1.699593 1.521572 
0.220000 54.899998 1.699593 1.521572 
0.220000 55.799999 1.699593 1.521572 
0.220000 56.699997 1.699593 1.521572 
0.220000 57.599998 1.699593 1.521572 
0.220000 58.500000 1.699593 1.521572 
0.220000 59.399998 1.699593 1.521572 
0.220000 60.299999 1.699593 1.521572 
0.220000 61.199997 1.699593 1.521572 
0.220000 62.099998 1.699593 1.521572 
0.220000 63.000000 1.699593 1.521572 
0.220000 63.899998 1.699593 1.521572 
0.220000 64.799995 1.699593 1.521572 
0.220000 65.699997 1.699593 1.521572 
0.220000 66.599998 1.699593 1.521572 
0.220000 67.500000 1.699593 1.521572 
0.220000 68.400002 1.699593 1.521572 
0.220000 69.299995 1.699593 1.521572 
0.220000 70.199997 1.699593 1.521572 
0.220000 71.099998 1.699593 1.521572 
0.220000 72.000000 1.699593 1.521572 
0.220000 72.900002 1.699593 1.521572 
0.220000 73.799995 1.699593 1.521572 
0.220000 74.699997 1.699593 1.521572 
0.220000 75.599998 1.699593 1.521572 
0.220000 76.500000 1.699593 1.521572 
0.220000 77.400002 1.699593 1.521572 
0.220000 78.299995 1.699593 1.521572 
0.220000 79.199997 1.699593 1.521572 
0.220000 80.099998 1.699593 1.521572 
0.220000 81.000000 1.699593 1.521572 
0.220000 81.900002 1.699593 1.521572 
0.220000 82.799995 1.699593 1.521572 
0.220000 83.699997 1.699593 1.521572 
0.220000 84.599998 1.699593 1.521572 
0.220000 85.500000 1.699593 1.521572 
0.220000 86.399994 1.699593 1.521572 
0.220000 87.299995 1.699593 1.521572 
0.220000 88.199997 1.699593 1.521572 
0.220000 89.099998 1.699593 1.521572 
0.220000 90.000000 1.699593 1.521572 
0.220000 90.899994 1.699593 1.521572 
0.220000 91.799995 1.699593 1.521572 
0.220000 92.699997 1.699593 1.521572 
0.220000 93.599998 1.699593 1.521572 
0.220000 94.500000 1.699593 1.521572 
0.220000 95.399994 1.699593 1.521572 
0.220000 96.299995 1.699593 1.521572 
0.220000 97.199997 1.699593 1.521572 
0.220000 98.099998 1.699593 1.521572 
0.220000 99.000000 1.699593 1.521572 
0.220000 99.899994 1.699593 1.521572 
0.220000 100.799995 1.699593 1.521572 
0.220000 101.699997 1.699593 1.521572 
0.220000 102.599998 1.699593 1.521572 
0.220000 103.500000 1.699593 1.521572 
0.220000 104.399994 1.699593 1.521572 
0.220000 105.299995 1.699593 1.521572 
0.220000 106.199997 1.699593 1.521572 
0.220000 107.099998 1.699593 1.521572 
0.220000 108.000000 1.699593 1.521572 
0.220000 108.899994 1.699593 1.521572 
0.220000 109.799995 1.699593 1.521572 
0.220000 110.699997 1.699593 1.521572 
0.220000 111.599998 1.699593 1.521572 
0.220000 112.500000 1.699593 1.521572 
0.220000 113.399994 1.699593 1.521572 
0.220000 114.299995 1.699593 1.521572 
0.220000 115.199997 1.699593 1.521572 
0.220000 116.099998 1.699593 1.521572 
0.220000 117.000000 1.699593 1.521572 
0.220000 117.899994 1.699593 1.521572 
0.220000 118.799995 1.699593 1.521572 
0.220000 119.699997 1.699593 1.521572 
0.220000 120.599998 1.699593 1.521572 
0.220000 121.500000 1.699593 1.521572 
0.220000 122.399994 1.699593 1.521572 
0.220000 123.299995 1.699593 1.521572 
0.220000 124.199997 1.699593 1.521572 
0.220000 125.099998 1.699593 1.521572 
0.220000 126.000000 1.699593 1.521572 
0.220000 126.899994 1.699593 1.521572 
0.220000 127.799995 1.699593 1.521572 
0.220000 128.699997 1.699593 1.521572 
0.220000 129.599991 1.699593 1.521572 
0.220000 130.500000 1.699593 1.521572 
0.220000 131.399994 1.699593 1.521572 
0.220000 132.300003 1.699593 1.521572 
0.220000 133.199997 1.699593 1.521572 
0.220000 134.099991 1.699593 1.521572 
0.220000 135.000000 1.699593 1.521572 
0.220000 135.899994 1.699593 1.521572 
0.220000 136.800003 1.699593 1.521572 
0.220000 137.699997 1.699593 1.521572 
0.220000 138.599991 1.699593 1.521572 
0.220000 139.500000 1.699593 1.521572 
0.220000 140.399994 1.699593 1.521572 
0.220000 141.300003 1.699593 1.521572 
0.220000 142.199997 1.699593 1.521572 
0.220000 143.099991 1.699593 1.521572 
0.220000 144.000000 1.699593 1.521572 
0.220000 144.899994 1.699593 1.521572 
0.220000 145.800003 1.699593 1.521572 
0.220000 146.699997 1.699593 1.521572 
0.220000 147.599991 1.699593 1.521572 
0.220000 148.500000 1.699593 1.521572 
0.220000 149.399994 1.699593 1.521572 
0.220000 150.300003 1.699593 1.521572 
0.220000 151.199997 1.699593 1.521572 
0.220000 152.099991 1.699593 1.521572 
0.220000 153.000000 1.699593 1.521572 
0.220000 153.899994 1.699593 1.521572 
0.220000 154.800003 1.699593 1.521572 
0.220000 155.699997 1.699593 1.521572 
0.220000 156.599991 1.699593 1.521572 
0.220000 157.500000 1.699593 1.521572 
0.220000 158.399994 1.699593 1.521572 
0.220000 159.300003 1.699593 1.521572 
0.220000 160.199997 1.699593 1.521572 
0.220000 161.099991 1.699593 1.521572 
0.220000 162.000000 1.699593 1.521572 
0.220000 162.899994 1.699593 1.521572 
0.220000 163.800003 1.699593 1.521572 
0.220000 164.699997 1.699593 1.521572 
0.220000 165.599991 1.699593 1.521572 
0.220000 166.500000 1.699593 1.521572 
0.220000 167.399994 1.699593 1.521572 
0.220000 168.300003 1.699593 1.521572 
0.220000 169.199997 1.699593 1.521572 
0.220000 170.099991 1.699593 1.521572 
0.220000 171.000000 1.699593 1.521572 
0.220000 171.899994 1.699593 1.521572 
0.220000 172.799988 1.699593 1.521572 
0.220000 173.699997 1.699593 1.521572 
0.220000 174.599991 1.699593 1.521572 
0.220000 175.500000 1.699593 1.521572 
0.220000 176.399994 1.699593 1.521572 
0.220000 177.299988 1.699593 1.521572 
0.220000 178.199997 1.699593 1.521572 
0.220000 179.099991 1.699593 1.521572 
0.220000 180.000000 1.699593 1.521572 
0.220000 180.899994 1.699593 1.521572 
0.220000 181.799988 1.699593 1.521572 
0.220000 182.699997 1.699593 1.521572 
0.220000 183.599991 1.699593 1.521572 
0.220000 184.500000 1.699593 1.521572 
0.220000 185.399994 1.699593 1.521572 
0.220000 186.299988 1.699593 1.521572 
0.220000 187.199997 1.699593 1.521572 
0.220000 188.099991 1.699593 1.521572 
0.220000 189.000000 1.699593 1.521572 
0.220000 189.899994 1.699593 1.521572 
0.220000 190.799988 1.699593 1.521572 
0.220000 191.699997 1.699593 1.521572 
0.220000 192.599991 1.699593 1.521572 
0.220000 193.500000 1.699593 1.521572 
0.220000 194.399994 1.699593 1.521572 
0.220000 195.299988 1.699593 1.521572 
0.220000 196.199997 1.699593 1.521572 
0.220000 197.099991 1.699593 1.521572 
0.220000 198.000000 1.699593 1.521572 
0.220000 198.899994 1.699593 1.521572 
0.220000 199.799988 1.699593 1.521572 
0.220000 200.699997 1.699593 1.521572 
0.220000 201.599991 1.699593 1.521572 
0.220000 202.500000 1.699593 1.521572 
0.220000 203.399994 1.699593 1.521572 
0.220000 204.299988 1.699593 1.521572 
0.220000 205.199997 1.699593 1.521572 
0.220000 206.099991 1.699593 1.521572 
0.220000 207.000000 1.699593 1.521572 
0.220000 207.899994 1.699593 1.521572 
0.220000 208.799988 1.699593 1.521572 
0.220000 209.699997 1.699593 1.521572 
0.220000 210.599991 1.699593 1.521572 
0.220000 211.500000 1.699593 1.521572 
0.220000 212.399994 1.699593 1.521572 
0.220000 213.299988 1.699593 1.521572 
0.220000 214.199997 1.699593 1.521572 
0.220000 215.099991 1.699593 1.521572 
0.220000 216.000000 1.699593 1.521572 
0.220000 216.899994 1.699593 1.521572 
0.220000 217.799988 1.699593 1.521572 
0.220000 218.699997 1.699593 1.521572 
0.220000 219.599991 1.699593 1.521572 
0.220000 220.500000 1.699593 1.521572 
0.220000 221.399994 1.699593 1.521572 
0.220000 222.299988 1.699593 1.521572 
0.220000 223.199997 1.699593 1.521572 
0.220000 224.099991 1.699593 1.521572 
0.220000 225.000000 1.699593 1.521572 
0.220000 225.899994 1.699593 1.521572 
0.220000 226.799988 1.699593 1.521572 
0.220000 227.699997 1.699593 1.521572 
0.220000 228.599991 1.699592 1.521572 
0.220000 229.500000 1.699583 1.521572 
