0.084000 0.000000 1.528413 1.776509 
0.084000 0.900000 1.528407 1.776510 
0.084000 1.800000 1.528409 1.776510 
0.084000 2.700000 1.528409 1.776511 
0.084000 3.600000 1.528410 1.776512 
0.084000 4.500000 1.528410 1.776512 
0.084000 5.400000 1.528410 1.776513 
0.084000 6.300000 1.528410 1.776513 
0.084000 7.200000 1.528410 1.776513 
0.084000 8.099999 1.528410 1.776513 
0.084000 9.000000 1.528410 1.776513 
0.084000 9.900000 1.528410 1.776513 
0.084000 10.799999 1.528410 1.776513 
0.084000 11.700000 1.528410 1.776513 
0.084000 12.599999 1.528410 1.776513 
0.084000 13.500000 1.528410 1.776513 
0.084000 14.400000 1.528410 1.776513 
0.084000 15.299999 1.528410 1.776513 
0.084000 16.199999 1.528410 1.776513 
0.084000 17.100000 1.528410 1.776513 
0.084000 18.000000 1.528410 1.776513 
0.084000 18.900000 1.528410 1.776513 
0.084000 19.799999 1.528410 1.776513 
0.084000 20.699999 1.528410 1.776513 
0.084000 21.599998 1.528410 1.776513 
0.084000 22.500000 1.528410 1.776513 
0.084000 23.400000 1.528410 1.776513 
0.084000 24.299999 1.528410 1.776513 
0.084000 25.199999 1.528410 1.776513 
0.084000 26.099998 1.528410 1.776513 
0.084000 27.000000 1.528410 1.776513 
0.084000 27.900000 1.528410 1.776513 
0.084000 28.799999 1.528410 1.776513 
0.084000 29.699999 1.528410 1.776513 
0.084000 30.599998 1.528410 1.776513 
0.084000 31.500000 1.528410 1.776513 
0.084000 32.399998 1.528410 1.776513 
0.084000 33.299999 1.528410 1.776513 
0.084000 34.200001 1.528410 1.776513 
0.084000 35.099998 1.528410 1.776513 
0.084000 36.000000 1.528410 1.776513 
0.084000 36.899998 1.528410 1.776513 
0.084000 37.799999 1.528410 1.776513 
0.084000 38.700001 1.528410 1.776513 
0.084000 39.599998 1.528410 1.776513 
0.084000 40.500000 1.528410 1.776513 
0.084000 41.399998 1.528410 1.776513 
0.084000 42.299999 1.528410 1.776513 
0.084000 43.199997 1.528410 1.776513 
0.084000 44.099998 1.528410 1.776513 
0.084000 45.000000 1.528410 1.776513 
0.084000 45.899998 1.528410 1.776513 
0.084000 46.799999 1.528410 1.776513 
0.084000 47.699997 1.528410 1.776513 
0.084000 48.599998 1.528410 1.776513 
0.084000 49.500000 1.528410 1.776513 
0.084000 50.399998 1.528410 1.776513 
0.084000 51.299999 1.528410 1.776513 
0.084000 52.199997 1.528410 1.776513 
0.084000 53.099998 1.528410 1.776513 
0.084000 54.000000 1.528410 1.776513 
0.084000 54.899998 1.528410 1.776513 
0.084000 55.799999 1.528410 1.776513 
0.084000 56.699997 1.528410 1.776513 
0.084000 57.599998 1.528410 1.776513 
0.084000 58.500000 1.528410 1.776513 
0.084000 59.399998 1.528410 1.776513 
0.084000 60.299999 1.528410 1.776513 
0.084000 61.199997 1.528410 1.776513 
0.084000 62.099998 1.528410 1.776513 
0.084000 63.000000 1.528410 1.776513 
0.084000 63.899998 1.528410 1.776513 
0.084000 64.799995 1.528410 1.776513 
0.084000 65.699997 1.528410 1.776513 
0.084000 66.599998 1.528410 1.776513 
0.084000 67.500000 1.528410 1.776513 
0.084000 68.400002 1.528410 1.776513 
0.084000 69.299995 1.528410 1.776513 
0.084000 70.199997 1.528410 1.776513 
0.084000 71.099998 1.528410 1.776513 
0.084000 72.000000 1.528410 1.776513 
0.084000 72.900002 1.528410 1.776513 
0.084000 73.799995 1.528410 1.776513 
0.084000 74.699997 1.528410 1.776513 
0.084000 75.599998 1.528410 1.776513 
0.084000 76.500000 1.528410 1.776513 
0.084000 77.400002 1.528410 1.776513 
0.084000 78.299995 1.528410 1.776513 
0.084000 79.199997 1.528410 1.776513 
0.084000 80.099998 1.528410 1.776513 
0.084000 81.000000 1.528410 1.776513 
0.084000 81.900002 1.528410 1.776513 
0.084000 82.799995 1.528410 1.776513 
0.084000 83.699997 1.528410 1.776513 
0.084000 84.599998 1.528410 1.776513 
0.084000 85.500000 1.528410 1.776513 
0.084000 86.399994 1.528410 1.776513 
0.084000 87.299995 1.528410 1.776513 
0.084000 88.199997 1.528410 1.776513 
0.084000 89.099998 1.528410 1.776513 
0.084000 90.000000 1.528410 1.776513 
0.084000 90.899994 1.528410 1.776513 
0.084000 91.799995 1.528410 1.776513 
0.084000 92.699997 1.528410 1.776513 
0.084000 93.599998 1.528410 1.776513 
0.084000 94.500000 1.528410 1.776513 
0.084000 95.399994 1.528410 1.776513 
0.084000 96.299995 1.528410 1.776513 
0.084000 97.199997 1.528410 1.776513 
0.084000 98.099998 1.528410 1.776513 
0.084000 99.000000 1.528410 1.776513 
0.084000 99.899994 1.528410 1.776513 
0.084000 100.799995 1.528410 1.776513 
0.084000 101.699997 1.528410 1.776513 
0.084000 102.599998 1.528410 1.776513 
0.084000 103.500000 1.528410 1.776513 
0.084000 104.399994 1.528410 1.776513 
0.084000 105.299995 1.528410 1.776513 
0.084000 106.199997 1.528410 1.776513 
0.084000 107.099998 1.528410 1.776513 
0.084000 108.000000 1.528410 1.776513 
0.084000 108.899994 1.528410 1.776513 
0.084000 109.799995 1.528410 1.776513 
0.084000 110.699997 1.528410 1.776513 
0.084000 111.599998 1.528410 1.776513 
0.084000 112.500000 1.528410 1.776513 
0.084000 113.399994 1.528410 1.776513 
0.084000 114.299995 1.528410 1.776513 
0.084000 115.199997 1.528410 1.776513 
0.084000 116.099998 1.528410 1.776513 
0.084000 117.000000 1.528410 1.776513 
0.084000 117.899994 1.528410 1.776513 
0.084000 118.799995 1.528410 1.776513 
0.084000 119.699997 1.528410 1.776513 
0.084000 120.599998 1.528410 1.776513 
0.084000 121.500000 1.528410 1.776513 
0.084000 122.399994 1.528410 1.776513 
0.084000 123.299995 1.528410 1.776513 
0.084000 124.199997 1.528410 1.776513 
0.084000 125.099998 1.528410 1.776513 
0.084000 126.000000 1.528410 1.776513 
0.084000 126.899994 1.528410 1.776513 
0.084000 127.799995 1.528410 1.776513 
0.084000 128.699997 1.528410 1.776513 
0.084000 129.599991 1.528410 1.776513 
0.084000 130.500000 1.528410 1.776513 
0.084000 131.399994 1.528410 1.776513 
0.084000 132.300003 1.528410 1.776513 
0.084000 133.199997 1.528410 1.776513 
0.084000 134.099991 1.528410 1.776513 
0.084000 135.000000 1.528410 1.776513 
0.084000 135.899994 1.528410 1.776513 
0.084000 136.800003 1.528410 1.776513 
0.084000 137.699997 1.528410 1.776513 
0.084000 138.599991 1.528410 1.776513 
0.084000 139.500000 1.528410 1.776513 
0.084000 140.399994 1.528410 1.776513 
0.084000 141.300003 1.528410 1.776513 
0.084000 142.199997 1.528410 1.776513 
0.084000 143.099991 1.528410 1.776513 
0.084000 144.000000 1.528410 1.776513 
0.084000 144.899994 1.528410 1.776513 
0.084000 145.800003 1.528410 1.776513 
0.084000 146.699997 1.528410 1.776513 
0.084000 147.599991 1.528410 1.776513 
0.084000 148.500000 1.528410 1.776513 
0.084000 149.399994 1.528410 1.776513 
0.084000 150.300003 1.528410 1.776513 
0.084000 151.199997 1.528410 1.776513 
0.084000 152.099991 1.528410 1.776513 
0.084000 153.000000 1.528410 1.776513 
0.084000 153.899994 1.528410 1.776513 
0.084000 154.800003 1.528410 1.776513 
0.084000 155.699997 1.528410 1.776513 
0.084000 156.599991 1.528410 1.776513 
0.084000 157.500000 1.528410 1.776513 
0.084000 158.399994 1.528410 1.776513 
0.084000 159.300003 1.528410 1.776513 
0.084000 160.199997 1.528410 1.776513 
0.084000 161.099991 1.528410 1.776513 
0.084000 162.000000 1.528410 1.776513 
0.084000 162.899994 1.528410 1.776513 
0.084000 163.800003 1.528410 1.776513 
0.084000 164.699997 1.528410 1.776513 
0.084000 165.599991 1.528410 1.776513 
0.084000 166.500000 1.528410 1.776513 
0.084000 167.399994 1.528410 1.776513 
0.084000 168.300003 1.528410 1.776513 
0.084000 169.199997 1.528410 1.776513 
0.084000 170.099991 1.528410 1.776513 
0.084000 171.000000 1.528410 1.776513 
0.084000 171.899994 1.528410 1.776513 
0.084000 172.799988 1.528410 1.776513 
0.084000 173.699997 1.528410 1.776513 
0.084000 174.599991 1.528410 1.776513 
0.084000 175.500000 1.528410 1.776513 
0.084000 176.399994 1.528410 1.776513 
0.084000 177.299988 1.528410 1.776513 
0.084000 178.199997 1.528410 1.776513 
0.084000 179.099991 1.528410 1.776513 
0.084000 180.000000 1.528410 1.776513 
0.084000 180.899994 1.528410 1.776513 
0.084000 181.799988 1.528410 1.776513 
0.084000 182.699997 1.528410 1.776513 
0.084000 183.599991 1.528410 1.776513 
0.084000 184.500000 1.528410 1.776513 
0.084000 185.399994 1.528410 1.776513 
0.084000 186.299988 1.528410 1.776513 
0.084000 187.199997 1.528410 1.776513 
0.084000 188.099991 1.528410 1.776513 
0.084000 189.000000 1.528410 1.776513 
0.084000 189.899994 1.528410 1.776513 
0.084000 190.799988 1.528410 1.776513 
0.084000 191.699997 1.528410 1.776513 
0.084000 192.599991 1.528410 1.776513 
0.084000 193.500000 1.528410 1.776513 
0.084000 194.399994 1.528410 1.776513 
0.084000 195.299988 1.528410 1.776513 
0.084000 196.199997 1.528410 1.776513 
0.084000 197.099991 1.528410 1.776513 
0.084000 198.000000 1.528410 1.776513 
0.084000 198.899994 1.528410 1.776513 
0.084000 199.799988 1.528410 1.776513 
0.084000 200.699997 1.528410 1.776513 
0.084000 201.599991 1.528410 1.776513 
0.084000 202.500000 1.528410 1.776513 
0.084000 203.399994 1.528410 1.776513 
0.084000 204.299988 1.528410 1.776513 
0.084000 205.199997 1.528410 1.776513 
0.084000 206.099991 1.528410 1.776513 
0.084000 207.000000 1.528410 1.776513 
0.084000 207.899994 1.528410 1.776513 
0.084000 208.799988 1.528410 1.776513 
0.084000 209.699997 1.528410 1.776513 
0.084000 210.599991 1.528410 1.776513 
0.084000 211.500000 1.528410 1.776513 
0.084000 212.399994 1.528410 1.776513 
0.084000 213.299988 1.528410 1.776513 
0.084000 214.199997 1.528410 1.776513 
0.084000 215.099991 1.528410 1.776513 
0.084000 216.000000 1.528410 1.776513 
0.084000 216.899994 1.528410 1.776513 
0.084000 217.799988 1.528410 1.776513 
0.084000 218.699997 1.528410 1.776513 
0.084000 219.599991 1.528410 1.776513 
0.084000 220.500000 1.528410 1.776513 
0.084000 221.399994 1.528410 1.776513 
0.084000 222.299988 1.528410 1.776513 
0.084000 223.199997 1.528410 1.776513 
0.084000 224.099991 1.528410 1.776513 
0.084000 225.000000 1.528410 1.776513 
0.084000 225.899994 1.528410 1.776513 
0.084000 226.799988 1.528410 1.776513 
0.084000 227.699997 1.528410 1.776513 
0.084000 228.599991 1.528410 1.776513 
0.084000 229.500000 1.528406 1.776513 
