0.590000 0.000000 1.900426 1.009883 
0.590000 0.900000 1.900383 1.009883 
0.590000 1.800000 1.900401 1.009883 
0.590000 2.700000 1.900406 1.009884 
0.590000 3.600000 1.900411 1.009884 
0.590000 4.500000 1.900414 1.009884 
0.590000 5.400000 1.900415 1.009884 
0.590000 6.300000 1.900416 1.009884 
0.590000 7.200000 1.900417 1.009884 
0.590000 8.099999 1.900418 1.009884 
0.590000 9.000000 1.900418 1.009884 
0.590000 9.900000 1.900418 1.009884 
0.590000 10.799999 1.900418 1.009884 
0.590000 11.700000 1.900418 1.009884 
0.590000 12.599999 1.900418 1.009884 
0.590000 13.500000 1.900418 1.009884 
0.590000 14.400000 1.900419 1.009884 
0.590000 15.299999 1.900419 1.009884 
0.590000 16.199999 1.900419 1.009884 
0.590000 17.100000 1.900419 1.009884 
0.590000 18.000000 1.900419 1.009884 
0.590000 18.900000 1.900419 1.009884 
0.590000 19.799999 1.900419 1.009884 
0.590000 20.699999 1.900419 1.009884 
0.590000 21.599998 1.900419 1.009884 
0.590000 22.500000 1.900419 1.009884 
0.590000 23.400000 1.900419 1.009884 
0.590000 24.299999 1.900419 1.009884 
0.590000 25.199999 1.900419 1.009884 
0.590000 26.099998 1.900419 1.009884 
0.590000 27.000000 1.900419 1.009884 
0.590000 27.900000 1.900419 1.009884 
0.590000 28.799999 1.900419 1.009884 
0.590000 29.699999 1.900419 1.009884 
0.590000 30.599998 1.900419 1.009884 
0.590000 31.500000 1.900419 1.009884 
0.590000 32.399998 1.900419 1.009884 
0.590000 33.299999 1.900419 1.009884 
0.590000 34.200001 1.900419 1.009884 
0.590000 35.099998 1.900419 1.009884 
0.590000 36.000000 1.900419 1.009884 
0.590000 36.899998 1.900419 1.009884 
0.590000 37.799999 1.900419 1.009884 
0.590000 38.700001 1.900419 1.009884 
0.590000 39.599998 1.900419 1.009884 
0.590000 40.500000 1.900419 1.009884 
0.590000 41.399998 1.900419 1.009884 
0.590000 42.299999 1.900419 1.009884 
0.590000 43.199997 1.900419 1.009884 
0.590000 44.099998 1.900419 1.009884 
0.590000 45.000000 1.900419 1.009884 
0.590000 45.899998 1.900419 1.009884 
0.590000 46.799999 1.900419 1.009884 
0.590000 47.699997 1.900419 1.009884 
0.590000 48.599998 1.900419 1.009884 
0.590000 49.500000 1.900419 1.009884 
0.590000 50.399998 1.900419 1.009884 
0.590000 51.299999 1.900419 1.009884 
0.590000 52.199997 1.900419 1.009884 
0.590000 53.099998 1.900419 1.009884 
0.590000 54.000000 1.900419 1.009884 
0.590000 54.899998 1.900419 1.009884 
0.590000 55.799999 1.900419 1.009884 
0.590000 56.699997 1.900419 1.009884 
0.590000 57.599998 1.900419 1.009884 
0.590000 58.500000 1.900419 1.009884 
0.590000 59.399998 1.900419 1.009884 
0.590000 60.299999 1.900419 1.009884 
0.590000 61.199997 1.900419 1.009884 
0.590000 62.099998 1.900419 1.009884 
0.590000 63.000000 1.900419 1.009884 
0.590000 63.899998 1.900419 1.009884 
0.590000 64.799995 1.900419 1.009884 
0.590000 65.699997 1.900419 1.009884 
0.590000 66.599998 1.900419 1.009884 
0.590000 67.500000 1.900419 1.009884 
0.590000 68.400002 1.900419 1.009884 
0.590000 69.299995 1.900419 1.009884 
0.590000 70.199997 1.900419 1.009884 
0.590000 71.099998 1.900419 1.009884 
0.590000 72.000000 1.900419 1.009884 
0.590000 72.900002 1.900419 1.009884 
0.590000 73.799995 1.900419 1.009884 
0.590000 74.699997 1.900419 1.009884 
0.590000 75.599998 1.900419 1.009884 
0.590000 76.500000 1.900419 1.009884 
0.590000 77.400002 1.900419 1.009884 
0.590000 78.299995 1.900419 1.009884 
0.590000 79.199997 1.900419 1.009884 
0.590000 80.099998 1.900419 1.009884 
0.590000 81.000000 1.900419 1.009884 
0.590000 81.900002 1.900419 1.009884 
0.590000 82.799995 1.900419 1.009884 
0.590000 83.699997 1.900419 1.009884 
0.590000 84.599998 1.900419 1.009884 
0.590000 85.500000 1.900419 1.009884 
0.590000 86.399994 1.900419 1.009884 
0.590000 87.299995 1.900419 1.009884 
0.590000 88.199997 1.900419 1.009884 
0.590000 89.099998 1.900419 1.009884 
0.590000 90.000000 1.900419 1.009884 
0.590000 90.899994 1.900419 1.009884 
0.590000 91.799995 1.900419 1.009884 
0.590000 92.699997 1.900419 1.009884 
0.590000 93.599998 1.900419 1.009884 
0.590000 94.500000 1.900419 1.009884 
0.590000 95.399994 1.900419 1.009884 
0.590000 96.299995 1.900419 1.009884 
0.590000 97.199997 1.900419 1.009884 
0.590000 98.099998 1.900419 1.009884 
0.590000 99.000000 1.900419 1.009884 
0.590000 99.899994 1.900419 1.009884 
0.590000 100.799995 1.900419 1.009884 
0.590000 101.699997 1.900419 1.009884 
0.590000 102.599998 1.900419 1.009884 
0.590000 103.500000 1.900419 1.009884 
0.590000 104.399994 1.900419 1.009884 
0.590000 105.299995 1.900419 1.009884 
0.590000 106.199997 1.900419 1.009884 
0.590000 107.099998 1.900419 1.009884 
0.590000 108.000000 1.900419 1.009884 
0.590000 108.899994 1.900419 1.009884 
0.590000 109.799995 1.900419 1.009884 
0.590000 110.699997 1.900419 1.009884 
0.590000 111.599998 1.900419 1.009884 
0.590000 112.500000 1.900419 1.009884 
0.590000 113.399994 1.900419 1.009884 
0.590000 114.299995 1.900419 1.009884 
0.590000 115.199997 1.900419 1.009884 
0.590000 116.099998 1.900419 1.009884 
0.590000 117.000000 1.900419 1.009884 
0.590000 117.899994 1.900419 1.009884 
0.590000 118.799995 1.900419 1.009884 
0.590000 119.699997 1.900419 1.009884 
0.590000 120.599998 1.900419 1.009884 
0.590000 121.500000 1.900419 1.009884 
0.590000 122.399994 1.900419 1.009884 
0.590000 123.299995 1.900419 1.009884 
0.590000 124.199997 1.900419 1.009884 
0.590000 125.099998 1.900419 1.009884 
0.590000 126.000000 1.900419 1.009884 
0.590000 126.899994 1.900419 1.009884 
0.590000 127.799995 1.900419 1.009884 
0.590000 128.699997 1.900419 1.009884 
0.590000 129.599991 1.900419 1.009884 
0.590000 130.500000 1.900419 1.009884 
0.590000 131.399994 1.900419 1.009884 
0.590000 132.300003 1.900419 1.009884 
0.590000 133.199997 1.900419 1.009884 
0.590000 134.099991 1.900419 1.009884 
0.590000 135.000000 1.900419 1.009884 
0.590000 135.899994 1.900419 1.009884 
0.590000 136.800003 1.900419 1.009884 
0.590000 137.699997 1.900419 1.009884 
0.590000 138.599991 1.900419 1.009884 
0.590000 139.500000 1.900419 1.009884 
0.590000 140.399994 1.900419 1.009884 
0.590000 141.300003 1.900419 1.009884 
0.590000 142.199997 1.900419 1.009884 
0.590000 143.099991 1.900419 1.009884 
0.590000 144.000000 1.900419 1.009884 
0.590000 144.899994 1.900419 1.009884 
0.590000 145.800003 1.900419 1.009884 
0.590000 146.699997 1.900419 1.009884 
0.590000 147.599991 1.900419 1.009884 
0.590000 148.500000 1.900419 1.009884 
0.590000 149.399994 1.900419 1.009884 
0.590000 150.300003 1.900419 1.009884 
0.590000 151.199997 1.900419 1.009884 
0.590000 152.099991 1.900419 1.009884 
0.590000 153.000000 1.900419 1.009884 
0.590000 153.899994 1.900419 1.009884 
0.590000 154.800003 1.900419 1.009884 
0.590000 155.699997 1.900419 1.009884 
0.590000 156.599991 1.900419 1.009884 
0.590000 157.500000 1.900419 1.009884 
0.590000 158.399994 1.900419 1.009884 
0.590000 159.300003 1.900419 1.009884 
0.590000 160.199997 1.900419 1.009884 
0.590000 161.099991 1.900419 1.009884 
0.590000 162.000000 1.900419 1.009884 
0.590000 162.899994 1.900419 1.009884 
0.590000 163.800003 1.900419 1.009884 
0.590000 164.699997 1.900419 1.009884 
0.590000 165.599991 1.900419 1.009884 
0.590000 166.500000 1.900419 1.009884 
0.590000 167.399994 1.900419 1.009884 
0.590000 168.300003 1.900419 1.009884 
0.590000 169.199997 1.900419 1.009884 
0.590000 170.099991 1.900419 1.009884 
0.590000 171.000000 1.900419 1.009884 
0.590000 171.899994 1.900419 1.009884 
0.590000 172.799988 1.900419 1.009884 
0.590000 173.699997 1.900419 1.009884 
0.590000 174.599991 1.900419 1.009884 
0.590000 175.500000 1.900419 1.009884 
0.590000 176.399994 1.900419 1.009884 
0.590000 177.299988 1.900419 1.009884 
0.590000 178.199997 1.900419 1.009884 
0.590000 179.099991 1.900419 1.009884 
0.590000 180.000000 1.900419 1.009884 
0.590000 180.899994 1.900419 1.009884 
0.590000 181.799988 1.900419 1.009884 
0.590000 182.699997 1.900419 1.009884 
0.590000 183.599991 1.900419 1.009884 
0.590000 184.500000 1.900419 1.009884 
0.590000 185.399994 1.900419 1.009884 
0.590000 186.299988 1.900419 1.009884 
0.590000 187.199997 1.900419 1.009884 
0.590000 188.099991 1.900419 1.009884 
0.590000 189.000000 1.900419 1.009884 
0.590000 189.899994 1.900419 1.009884 
0.590000 190.799988 1.900419 1.009884 
0.590000 191.699997 1.900419 1.009884 
0.590000 192.599991 1.900419 1.009884 
0.590000 193.500000 1.900419 1.009884 
0.590000 194.399994 1.900419 1.009884 
0.590000 195.299988 1.900419 1.009884 
0.590000 196.199997 1.900419 1.009884 
0.590000 197.099991 1.900419 1.009884 
0.590000 198.000000 1.900419 1.009884 
0.590000 198.899994 1.900419 1.009884 
0.590000 199.799988 1.900419 1.009884 
0.590000 200.699997 1.900419 1.009884 
0.590000 201.599991 1.900419 1.009884 
0.590000 202.500000 1.900419 1.009884 
0.590000 203.399994 1.900419 1.009884 
0.590000 204.299988 1.900419 1.009884 
0.590000 205.199997 1.900419 1.009884 
0.590000 206.099991 1.900419 1.009884 
0.590000 207.000000 1.900419 1.009884 
0.590000 207.899994 1.900419 1.009884 
0.590000 208.799988 1.900419 1.009884 
0.590000 209.699997 1.900419 1.009884 
0.590000 210.599991 1.900419 1.009884 
0.590000 211.500000 1.900419 1.009884 
0.590000 212.399994 1.900419 1.009884 
0.590000 213.299988 1.900419 1.009884 
0.590000 214.199997 1.900419 1.009884 
0.590000 215.099991 1.900419 1.009884 
0.590000 216.000000 1.900419 1.009884 
0.590000 216.899994 1.900419 1.009884 
0.590000 217.799988 1.900419 1.009884 
0.590000 218.699997 1.900419 1.009884 
0.590000 219.599991 1.900419 1.009884 
0.590000 220.500000 1.900419 1.009884 
0.590000 221.399994 1.900419 1.009884 
0.590000 222.299988 1.900419 1.009884 
0.590000 223.199997 1.900419 1.009884 
0.590000 224.099991 1.900419 1.009884 
0.590000 225.000000 1.900419 1.009884 
0.590000 225.899994 1.900419 1.009884 
0.590000 226.799988 1.900419 1.009884 
0.590000 227.699997 1.900418 1.009884 
0.590000 228.599991 1.900413 1.009885 
0.590000 229.500000 1.900389 1.009885 
