0.164000 0.000000 1.632233 1.626238 
0.164000 0.900000 1.632221 1.626239 
0.164000 1.800000 1.632226 1.626239 
0.164000 2.700000 1.632226 1.626241 
0.164000 3.600000 1.632227 1.626242 
0.164000 4.500000 1.632228 1.626243 
0.164000 5.400000 1.632228 1.626244 
0.164000 6.300000 1.632228 1.626244 
0.164000 7.200000 1.632228 1.626245 
0.164000 8.099999 1.632228 1.626245 
0.164000 9.000000 1.632228 1.626245 
0.164000 9.900000 1.632228 1.626245 
0.164000 10.799999 1.632228 1.626245 
0.164000 11.700000 1.632228 1.626245 
0.164000 12.599999 1.632228 1.626245 
0.164000 13.500000 1.632228 1.626245 
0.164000 14.400000 1.632228 1.626245 
0.164000 15.299999 1.632228 1.626245 
0.164000 16.199999 1.632228 1.626245 
0.164000 17.100000 1.632228 1.626245 
0.164000 18.000000 1.632228 1.626245 
0.164000 18.900000 1.632228 1.626245 
0.164000 19.799999 1.632228 1.626245 
0.164000 20.699999 1.632228 1.626245 
0.164000 21.599998 1.632228 1.626245 
0.164000 22.500000 1.632228 1.626245 
0.164000 23.400000 1.632228 1.626245 
0.164000 24.299999 1.632228 1.626245 
0.164000 25.199999 1.632228 1.626245 
0.164000 26.099998 1.632228 1.626245 
0.164000 27.000000 1.632228 1.626245 
0.164000 27.900000 1.632228 1.626245 
0.164000 28.799999 1.632228 1.626245 
0.164000 29.699999 1.632228 1.626245 
0.164000 30.599998 1.632228 1.626245 
0.164000 31.500000 1.632228 1.626245 
0.164000 32.399998 1.632228 1.626245 
0.164000 33.299999 1.632228 1.626245 
0.164000 34.200001 1.632228 1.626245 
0.164000 35.099998 1.632228 1.626245 
0.164000 36.000000 1.632228 1.626245 
0.164000 36.899998 1.632228 1.626245 
0.164000 37.799999 1.632228 1.626245 
0.164000 38.700001 1.632228 1.626245 
0.164000 39.599998 1.632228 1.626245 
0.164000 40.500000 1.632228 1.626245 
0.164000 41.399998 1.632228 1.626245 
0.164000 42.299999 1.632228 1.626245 
0.164000 43.199997 1.632228 1.626245 
0.164000 44.099998 1.632228 1.626245 
0.164000 45.000000 1.632228 1.626245 
0.164000 45.899998 1.632228 1.626245 
0.164000 46.799999 1.632228 1.626245 
0.164000 47.699997 1.632228 1.626245 
0.164000 48.599998 1.632228 1.626245 
0.164000 49.500000 1.632228 1.626245 
0.164000 50.399998 1.632228 1.626245 
0.164000 51.299999 1.632228 1.626245 
0.164000 52.199997 1.632228 1.626245 
0.164000 53.099998 1.632228 1.626245 
0.164000 54.000000 1.632228 1.626245 
0.164000 54.899998 1.632228 1.626245 
0.164000 55.799999 1.632228 1.626245 
0.164000 56.699997 1.632228 1.626245 
0.164000 57.599998 1.632228 1.626245 
0.164000 58.500000 1.632228 1.626245 
0.164000 59.399998 1.632228 1.626245 
0.164000 60.299999 1.632228 1.626245 
0.164000 61.199997 1.632228 1.626245 
0.164000 62.099998 1.632228 1.626245 
0.164000 63.000000 1.632228 1.626245 
0.164000 63.899998 1.632228 1.626245 
0.164000 64.799995 1.632228 1.626245 
0.164000 65.699997 1.632228 1.626245 
0.164000 66.599998 1.632228 1.626245 
0.164000 67.500000 1.632228 1.626245 
0.164000 68.400002 1.632228 1.626245 
0.164000 69.299995 1.632228 1.626245 
0.164000 70.199997 1.632228 1.626245 
0.164000 71.099998 1.632228 1.626245 
0.164000 72.000000 1.632228 1.626245 
0.164000 72.900002 1.632228 1.626245 
0.164000 73.799995 1.632228 1.626245 
0.164000 74.699997 1.632228 1.626245 
0.164000 75.599998 1.632228 1.626245 
0.164000 76.500000 1.632228 1.626245 
0.164000 77.400002 1.632228 1.626245 
0.164000 78.299995 1.632228 1.626245 
0.164000 79.199997 1.632228 1.626245 
0.164000 80.099998 1.632228 1.626245 
0.164000 81.000000 1.632228 1.626245 
0.164000 81.900002 1.632228 1.626245 
0.164000 82.799995 1.632228 1.626245 
0.164000 83.699997 1.632228 1.626245 
0.164000 84.599998 1.632228 1.626245 
0.164000 85.500000 1.632228 1.626245 
0.164000 86.399994 1.632228 1.626245 
0.164000 87.299995 1.632228 1.626245 
0.164000 88.199997 1.632228 1.626245 
0.164000 89.099998 1.632228 1.626245 
0.164000 90.000000 1.632228 1.626245 
0.164000 90.899994 1.632228 1.626245 
0.164000 91.799995 1.632228 1.626245 
0.164000 92.699997 1.632228 1.626245 
0.164000 93.599998 1.632228 1.626245 
0.164000 94.500000 1.632228 1.626245 
0.164000 95.399994 1.632228 1.626245 
0.164000 96.299995 1.632228 1.626245 
0.164000 97.199997 1.632228 1.626245 
0.164000 98.099998 1.632228 1.626245 
0.164000 99.000000 1.632228 1.626245 
0.164000 99.899994 1.632228 1.626245 
0.164000 100.799995 1.632228 1.626245 
0.164000 101.699997 1.632228 1.626245 
0.164000 102.599998 1.632228 1.626245 
0.164000 103.500000 1.632228 1.626245 
0.164000 104.399994 1.632228 1.626245 
0.164000 105.299995 1.632228 1.626245 
0.164000 106.199997 1.632228 1.626245 
0.164000 107.099998 1.632228 1.626245 
0.164000 108.000000 1.632228 1.626245 
0.164000 108.899994 1.632228 1.626245 
0.164000 109.799995 1.632228 1.626245 
0.164000 110.699997 1.632228 1.626245 
0.164000 111.599998 1.632228 1.626245 
0.164000 112.500000 1.632228 1.626245 
0.164000 113.399994 1.632228 1.626245 
0.164000 114.299995 1.632228 1.626245 
0.164000 115.199997 1.632228 1.626245 
0.164000 116.099998 1.632228 1.626245 
0.164000 117.000000 1.632228 1.626245 
0.164000 117.899994 1.632228 1.626245 
0.164000 118.799995 1.632228 1.626245 
0.164000 119.699997 1.632228 1.626245 
0.164000 120.599998 1.632228 1.626245 
0.164000 121.500000 1.632228 1.626245 
0.164000 122.399994 1.632228 1.626245 
0.164000 123.299995 1.632228 1.626245 
0.164000 124.199997 1.632228 1.626245 
0.164000 125.099998 1.632228 1.626245 
0.164000 126.000000 1.632228 1.626245 
0.164000 126.899994 1.632228 1.626245 
0.164000 127.799995 1.632228 1.626245 
0.164000 128.699997 1.632228 1.626245 
0.164000 129.599991 1.632228 1.626245 
0.164000 130.500000 1.632228 1.626245 
0.164000 131.399994 1.632228 1.626245 
0.164000 132.300003 1.632228 1.626245 
0.164000 133.199997 1.632228 1.626245 
0.164000 134.099991 1.632228 1.626245 
0.164000 135.000000 1.632228 1.626245 
0.164000 135.899994 1.632228 1.626245 
0.164000 136.800003 1.632228 1.626245 
0.164000 137.699997 1.632228 1.626245 
0.164000 138.599991 1.632228 1.626245 
0.164000 139.500000 1.632228 1.626245 
0.164000 140.399994 1.632228 1.626245 
0.164000 141.300003 1.632228 1.626245 
0.164000 142.199997 1.632228 1.626245 
0.164000 143.099991 1.632228 1.626245 
0.164000 144.000000 1.632228 1.626245 
0.164000 144.899994 1.632228 1.626245 
0.164000 145.800003 1.632228 1.626245 
0.164000 146.699997 1.632228 1.626245 
0.164000 147.599991 1.632228 1.626245 
0.164000 148.500000 1.632228 1.626245 
0.164000 149.399994 1.632228 1.626245 
0.164000 150.300003 1.632228 1.626245 
0.164000 151.199997 1.632228 1.626245 
0.164000 152.099991 1.632228 1.626245 
0.164000 153.000000 1.632228 1.626245 
0.164000 153.899994 1.632228 1.626245 
0.164000 154.800003 1.632228 1.626245 
0.164000 155.699997 1.632228 1.626245 
0.164000 156.599991 1.632228 1.626245 
0.164000 157.500000 1.632228 1.626245 
0.164000 158.399994 1.632228 1.626245 
0.164000 159.300003 1.632228 1.626245 
0.164000 160.199997 1.632228 1.626245 
0.164000 161.099991 1.632228 1.626245 
0.164000 162.000000 1.632228 1.626245 
0.164000 162.899994 1.632228 1.626245 
0.164000 163.800003 1.632228 1.626245 
0.164000 164.699997 1.632228 1.626245 
0.164000 165.599991 1.632228 1.626245 
0.164000 166.500000 1.632228 1.626245 
0.164000 167.399994 1.632228 1.626245 
0.164000 168.300003 1.632228 1.626245 
0.164000 169.199997 1.632228 1.626245 
0.164000 170.099991 1.632228 1.626245 
0.164000 171.000000 1.632228 1.626245 
0.164000 171.899994 1.632228 1.626245 
0.164000 172.799988 1.632228 1.626245 
0.164000 173.699997 1.632228 1.626245 
0.164000 174.599991 1.632228 1.626245 
0.164000 175.500000 1.632228 1.626245 
0.164000 176.399994 1.632228 1.626245 
0.164000 177.299988 1.632228 1.626245 
0.164000 178.199997 1.632228 1.626245 
0.164000 179.099991 1.632228 1.626245 
0.164000 180.000000 1.632228 1.626245 
0.164000 180.899994 1.632228 1.626245 
0.164000 181.799988 1.632228 1.626245 
0.164000 182.699997 1.632228 1.626245 
0.164000 183.599991 1.632228 1.626245 
0.164000 184.500000 1.632228 1.626245 
0.164000 185.399994 1.632228 1.626245 
0.164000 186.299988 1.632228 1.626245 
0.164000 187.199997 1.632228 1.626245 
0.164000 188.099991 1.632228 1.626245 
0.164000 189.000000 1.632228 1.626245 
0.164000 189.899994 1.632228 1.626245 
0.164000 190.799988 1.632228 1.626245 
0.164000 191.699997 1.632228 1.626245 
0.164000 192.599991 1.632228 1.626245 
0.164000 193.500000 1.632228 1.626245 
0.164000 194.399994 1.632228 1.626245 
0.164000 195.299988 1.632228 1.626245 
0.164000 196.199997 1.632228 1.626245 
0.164000 197.099991 1.632228 1.626245 
0.164000 198.000000 1.632228 1.626245 
0.164000 198.899994 1.632228 1.626245 
0.164000 199.799988 1.632228 1.626245 
0.164000 200.699997 1.632228 1.626245 
0.164000 201.599991 1.632228 1.626245 
0.164000 202.500000 1.632228 1.626245 
0.164000 203.399994 1.632228 1.626245 
0.164000 204.299988 1.632228 1.626245 
0.164000 205.199997 1.632228 1.626245 
0.164000 206.099991 1.632228 1.626245 
0.164000 207.000000 1.632228 1.626245 
0.164000 207.899994 1.632228 1.626245 
0.164000 208.799988 1.632228 1.626245 
0.164000 209.699997 1.632228 1.626245 
0.164000 210.599991 1.632228 1.626245 
0.164000 211.500000 1.632228 1.626245 
0.164000 212.399994 1.632228 1.626245 
0.164000 213.299988 1.632228 1.626245 
0.164000 214.199997 1.632228 1.626245 
0.164000 215.099991 1.632228 1.626245 
0.164000 216.000000 1.632228 1.626245 
0.164000 216.899994 1.632228 1.626245 
0.164000 217.799988 1.632228 1.626245 
0.164000 218.699997 1.632228 1.626245 
0.164000 219.599991 1.632228 1.626245 
0.164000 220.500000 1.632228 1.626245 
0.164000 221.399994 1.632228 1.626245 
0.164000 222.299988 1.632228 1.626245 
0.164000 223.199997 1.632228 1.626245 
0.164000 224.099991 1.632228 1.626245 
0.164000 225.000000 1.632228 1.626245 
0.164000 225.899994 1.632228 1.626245 
0.164000 226.799988 1.632228 1.626245 
0.164000 227.699997 1.632228 1.626245 
0.164000 228.599991 1.632227 1.626245 
0.164000 229.500000 1.632221 1.626244 
