0.364000 0.000000 1.835359 1.274549 
0.364000 0.900000 1.835331 1.274550 
0.364000 1.800000 1.835345 1.274550 
0.364000 2.700000 1.835346 1.274551 
0.364000 3.600000 1.835349 1.274551 
0.364000 4.500000 1.835351 1.274552 
0.364000 5.400000 1.835351 1.274552 
0.364000 6.300000 1.835352 1.274553 
0.364000 7.200000 1.835352 1.274553 
0.364000 8.099999 1.835352 1.274553 
0.364000 9.000000 1.835352 1.274553 
0.364000 9.900000 1.835352 1.274554 
0.364000 10.799999 1.835352 1.274554 
0.364000 11.700000 1.835352 1.274554 
0.364000 12.599999 1.835352 1.274554 
0.364000 13.500000 1.835352 1.274554 
0.364000 14.400000 1.835352 1.274554 
0.364000 15.299999 1.835352 1.274554 
0.364000 16.199999 1.835352 1.274554 
0.364000 17.100000 1.835352 1.274554 
0.364000 18.000000 1.835352 1.274554 
0.364000 18.900000 1.835352 1.274554 
0.364000 19.799999 1.835352 1.274554 
0.364000 20.699999 1.835352 1.274554 
0.364000 21.599998 1.835352 1.274554 
0.364000 22.500000 1.835352 1.274554 
0.364000 23.400000 1.835352 1.274554 
0.364000 24.299999 1.835352 1.274554 
0.364000 25.199999 1.835352 1.274554 
0.364000 26.099998 1.835352 1.274554 
0.364000 27.000000 1.835352 1.274554 
0.364000 27.900000 1.835352 1.274554 
0.364000 28.799999 1.835352 1.274554 
0.364000 29.699999 1.835352 1.274554 
0.364000 30.599998 1.835352 1.274554 
0.364000 31.500000 1.835352 1.274554 
0.364000 32.399998 1.835352 1.274554 
0.364000 33.299999 1.835352 1.274554 
0.364000 34.200001 1.835352 1.274554 
0.364000 35.099998 1.835352 1.274554 
0.364000 36.000000 1.835352 1.274554 
0.364000 36.899998 1.835352 1.274554 
0.364000 37.799999 1.835352 1.274554 
0.364000 38.700001 1.835352 1.274554 
0.364000 39.599998 1.835352 1.274554 
0.364000 40.500000 1.835352 1.274554 
0.364000 41.399998 1.835352 1.274554 
0.364000 42.299999 1.835352 1.274554 
0.364000 43.199997 1.835352 1.274554 
0.364000 44.099998 1.835352 1.274554 
0.364000 45.000000 1.835352 1.274554 
0.364000 45.899998 1.835352 1.274554 
0.364000 46.799999 1.835352 1.274554 
0.364000 47.699997 1.835352 1.274554 
0.364000 48.599998 1.835352 1.274554 
0.364000 49.500000 1.835352 1.274554 
0.364000 50.399998 1.835352 1.274554 
0.364000 51.299999 1.835352 1.274554 
0.364000 52.199997 1.835352 1.274554 
0.364000 53.099998 1.835352 1.274554 
0.364000 54.000000 1.835352 1.274554 
0.364000 54.899998 1.835352 1.274554 
0.364000 55.799999 1.835352 1.274554 
0.364000 56.699997 1.835352 1.274554 
0.364000 57.599998 1.835352 1.274554 
0.364000 58.500000 1.835352 1.274554 
0.364000 59.399998 1.835352 1.274554 
0.364000 60.299999 1.835352 1.274554 
0.364000 61.199997 1.835352 1.274554 
0.364000 62.099998 1.835352 1.274554 
0.364000 63.000000 1.835352 1.274554 
0.364000 63.899998 1.835352 1.274554 
0.364000 64.799995 1.835352 1.274554 
0.364000 65.699997 1.835352 1.274554 
0.364000 66.599998 1.835352 1.274554 
0.364000 67.500000 1.835352 1.274554 
0.364000 68.400002 1.835352 1.274554 
0.364000 69.299995 1.835352 1.274554 
0.364000 70.199997 1.835352 1.274554 
0.364000 71.099998 1.835352 1.274554 
0.364000 72.000000 1.835352 1.274554 
0.364000 72.900002 1.835352 1.274554 
0.364000 73.799995 1.835352 1.274554 
0.364000 74.699997 1.835352 1.274554 
0.364000 75.599998 1.835352 1.274554 
0.364000 76.500000 1.835352 1.274554 
0.364000 77.400002 1.835352 1.274554 
0.364000 78.299995 1.835352 1.274554 
0.364000 79.199997 1.835352 1.274554 
0.364000 80.099998 1.835352 1.274554 
0.364000 81.000000 1.835352 1.274554 
0.364000 81.900002 1.835352 1.274554 
0.364000 82.799995 1.835352 1.274554 
0.364000 83.699997 1.835352 1.274554 
0.364000 84.599998 1.835352 1.274554 
0.364000 85.500000 1.835352 1.274554 
0.364000 86.399994 1.835352 1.274554 
0.364000 87.299995 1.835352 1.274554 
0.364000 88.199997 1.835352 1.274554 
0.364000 89.099998 1.835352 1.274554 
0.364000 90.000000 1.835352 1.274554 
0.364000 90.899994 1.835352 1.274554 
0.364000 91.799995 1.835352 1.274554 
0.364000 92.699997 1.835352 1.274554 
0.364000 93.599998 1.835352 1.274554 
0.364000 94.500000 1.835352 1.274554 
0.364000 95.399994 1.835352 1.274554 
0.364000 96.299995 1.835352 1.274554 
0.364000 97.199997 1.835352 1.274554 
0.364000 98.099998 1.835352 1.274554 
0.364000 99.000000 1.835352 1.274554 
0.364000 99.899994 1.835352 1.274554 
0.364000 100.799995 1.835352 1.274554 
0.364000 101.699997 1.835352 1.274554 
0.364000 102.599998 1.835352 1.274554 
0.364000 103.500000 1.835352 1.274554 
0.364000 104.399994 1.835352 1.274554 
0.364000 105.299995 1.835352 1.274554 
0.364000 106.199997 1.835352 1.274554 
0.364000 107.099998 1.835352 1.274554 
0.364000 108.000000 1.835352 1.274554 
0.364000 108.899994 1.835352 1.274554 
0.364000 109.799995 1.835352 1.274554 
0.364000 110.699997 1.835352 1.274554 
0.364000 111.599998 1.835352 1.274554 
0.364000 112.500000 1.835352 1.274554 
0.364000 113.399994 1.835352 1.274554 
0.364000 114.299995 1.835352 1.274554 
0.364000 115.199997 1.835352 1.274554 
0.364000 116.099998 1.835352 1.274554 
0.364000 117.000000 1.835352 1.274554 
0.364000 117.899994 1.835352 1.274554 
0.364000 118.799995 1.835352 1.274554 
0.364000 119.699997 1.835352 1.274554 
0.364000 120.599998 1.835352 1.274554 
0.364000 121.500000 1.835352 1.274554 
0.364000 122.399994 1.835352 1.274554 
0.364000 123.299995 1.835352 1.274554 
0.364000 124.199997 1.835352 1.274554 
0.364000 125.099998 1.835352 1.274554 
0.364000 126.000000 1.835352 1.274554 
0.364000 126.899994 1.835352 1.274554 
0.364000 127.799995 1.835352 1.274554 
0.364000 128.699997 1.835352 1.274554 
0.364000 129.599991 1.835352 1.274554 
0.364000 130.500000 1.835352 1.274554 
0.364000 131.399994 1.835352 1.274554 
0.364000 132.300003 1.835352 1.274554 
0.364000 133.199997 1.835352 1.274554 
0.364000 134.099991 1.835352 1.274554 
0.364000 135.000000 1.835352 1.274554 
0.364000 135.899994 1.835352 1.274554 
0.364000 136.800003 1.835352 1.274554 
0.364000 137.699997 1.835352 1.274554 
0.364000 138.599991 1.835352 1.274554 
0.364000 139.500000 1.835352 1.274554 
0.364000 140.399994 1.835352 1.274554 
0.364000 141.300003 1.835352 1.274554 
0.364000 142.199997 1.835352 1.274554 
0.364000 143.099991 1.835352 1.274554 
0.364000 144.000000 1.835352 1.274554 
0.364000 144.899994 1.835352 1.274554 
0.364000 145.800003 1.835352 1.274554 
0.364000 146.699997 1.835352 1.274554 
0.364000 147.599991 1.835352 1.274554 
0.364000 148.500000 1.835352 1.274554 
0.364000 149.399994 1.835352 1.274554 
0.364000 150.300003 1.835352 1.274554 
0.364000 151.199997 1.835352 1.274554 
0.364000 152.099991 1.835352 1.274554 
0.364000 153.000000 1.835352 1.274554 
0.364000 153.899994 1.835352 1.274554 
0.364000 154.800003 1.835352 1.274554 
0.364000 155.699997 1.835352 1.274554 
0.364000 156.599991 1.835352 1.274554 
0.364000 157.500000 1.835352 1.274554 
0.364000 158.399994 1.835352 1.274554 
0.364000 159.300003 1.835352 1.274554 
0.364000 160.199997 1.835352 1.274554 
0.364000 161.099991 1.835352 1.274554 
0.364000 162.000000 1.835352 1.274554 
0.364000 162.899994 1.835352 1.274554 
0.364000 163.800003 1.835352 1.274554 
0.364000 164.699997 1.835352 1.274554 
0.364000 165.599991 1.835352 1.274554 
0.364000 166.500000 1.835352 1.274554 
0.364000 167.399994 1.835352 1.274554 
0.364000 168.300003 1.835352 1.274554 
0.364000 169.199997 1.835352 1.274554 
0.364000 170.099991 1.835352 1.274554 
0.364000 171.000000 1.835352 1.274554 
0.364000 171.899994 1.835352 1.274554 
0.364000 172.799988 1.835352 1.274554 
0.364000 173.699997 1.835352 1.274554 
0.364000 174.599991 1.835352 1.274554 
0.364000 175.500000 1.835352 1.274554 
0.364000 176.399994 1.835352 1.274554 
0.364000 177.299988 1.835352 1.274554 
0.364000 178.199997 1.835352 1.274554 
0.364000 179.099991 1.835352 1.274554 
0.364000 180.000000 1.835352 1.274554 
0.364000 180.899994 1.835352 1.274554 
0.364000 181.799988 1.835352 1.274554 
0.364000 182.699997 1.835352 1.274554 
0.364000 183.599991 1.835352 1.274554 
0.364000 184.500000 1.835352 1.274554 
0.364000 185.399994 1.835352 1.274554 
0.364000 186.299988 1.835352 1.274554 
0.364000 187.199997 1.835352 1.274554 
0.364000 188.099991 1.835352 1.274554 
0.364000 189.000000 1.835352 1.274554 
0.364000 189.899994 1.835352 1.274554 
0.364000 190.799988 1.835352 1.274554 
0.364000 191.699997 1.835352 1.274554 
0.364000 192.599991 1.835352 1.274554 
0.364000 193.500000 1.835352 1.274554 
0.364000 194.399994 1.835352 1.274554 
0.364000 195.299988 1.835352 1.274554 
0.364000 196.199997 1.835352 1.274554 
0.364000 197.099991 1.835352 1.274554 
0.364000 198.000000 1.835352 1.274554 
0.364000 198.899994 1.835352 1.274554 
0.364000 199.799988 1.835352 1.274554 
0.364000 200.699997 1.835352 1.274554 
0.364000 201.599991 1.835352 1.274554 
0.364000 202.500000 1.835352 1.274554 
0.364000 203.399994 1.835352 1.274554 
0.364000 204.299988 1.835352 1.274554 
0.364000 205.199997 1.835352 1.274554 
0.364000 206.099991 1.835352 1.274554 
0.364000 207.000000 1.835352 1.274554 
0.364000 207.899994 1.835352 1.274554 
0.364000 208.799988 1.835352 1.274554 
0.364000 209.699997 1.835352 1.274554 
0.364000 210.599991 1.835352 1.274554 
0.364000 211.500000 1.835352 1.274554 
0.364000 212.399994 1.835352 1.274554 
0.364000 213.299988 1.835352 1.274554 
0.364000 214.199997 1.835352 1.274554 
0.364000 215.099991 1.835352 1.274554 
0.364000 216.000000 1.835352 1.274554 
0.364000 216.899994 1.835352 1.274554 
0.364000 217.799988 1.835352 1.274554 
0.364000 218.699997 1.835352 1.274554 
0.364000 219.599991 1.835352 1.274554 
0.364000 220.500000 1.835352 1.274554 
0.364000 221.399994 1.835352 1.274554 
0.364000 222.299988 1.835352 1.274554 
0.364000 223.199997 1.835352 1.274554 
0.364000 224.099991 1.835352 1.274554 
0.364000 225.000000 1.835352 1.274554 
0.364000 225.899994 1.835352 1.274554 
0.364000 226.799988 1.835352 1.274554 
0.364000 227.699997 1.835352 1.274554 
0.364000 228.599991 1.835350 1.274554 
0.364000 229.500000 1.835336 1.274554 
