0.332000 0.000000 1.810947 1.325306 
0.332000 0.900000 1.810922 1.325307 
0.332000 1.800000 1.810933 1.325307 
0.332000 2.700000 1.810935 1.325307 
0.332000 3.600000 1.810938 1.325308 
0.332000 4.500000 1.810939 1.325309 
0.332000 5.400000 1.810939 1.325310 
0.332000 6.300000 1.810940 1.325310 
0.332000 7.200000 1.810940 1.325310 
0.332000 8.099999 1.810940 1.325311 
0.332000 9.000000 1.810940 1.325311 
0.332000 9.900000 1.810940 1.325311 
0.332000 10.799999 1.810940 1.325311 
0.332000 11.700000 1.810940 1.325311 
0.332000 12.599999 1.810940 1.325311 
0.332000 13.500000 1.810940 1.325311 
0.332000 14.400000 1.810940 1.325311 
0.332000 15.299999 1.810940 1.325311 
0.332000 16.199999 1.810940 1.325311 
0.332000 17.100000 1.810940 1.325311 
0.332000 18.000000 1.810940 1.325311 
0.332000 18.900000 1.810940 1.325311 
0.332000 19.799999 1.810940 1.325311 
0.332000 20.699999 1.810940 1.325311 
0.332000 21.599998 1.810940 1.325311 
0.332000 22.500000 1.810940 1.325311 
0.332000 23.400000 1.810940 1.325311 
0.332000 24.299999 1.810940 1.325311 
0.332000 25.199999 1.810940 1.325311 
0.332000 26.099998 1.810940 1.325311 
0.332000 27.000000 1.810940 1.325311 
0.332000 27.900000 1.810940 1.325311 
0.332000 28.799999 1.810940 1.325311 
0.332000 29.699999 1.810940 1.325311 
0.332000 30.599998 1.810940 1.325311 
0.332000 31.500000 1.810940 1.325311 
0.332000 32.399998 1.810940 1.325311 
0.332000 33.299999 1.810940 1.325311 
0.332000 34.200001 1.810940 1.325311 
0.332000 35.099998 1.810940 1.325311 
0.332000 36.000000 1.810940 1.325311 
0.332000 36.899998 1.810940 1.325311 
0.332000 37.799999 1.810940 1.325311 
0.332000 38.700001 1.810940 1.325311 
0.332000 39.599998 1.810940 1.325311 
0.332000 40.500000 1.810940 1.325311 
0.332000 41.399998 1.810940 1.325311 
0.332000 42.299999 1.810940 1.325311 
0.332000 43.199997 1.810940 1.325311 
0.332000 44.099998 1.810940 1.325311 
0.332000 45.000000 1.810940 1.325311 
0.332000 45.899998 1.810940 1.325311 
0.332000 46.799999 1.810940 1.325311 
0.332000 47.699997 1.810940 1.325311 
0.332000 48.599998 1.810940 1.325311 
0.332000 49.500000 1.810940 1.325311 
0.332000 50.399998 1.810940 1.325311 
0.332000 51.299999 1.810940 1.325311 
0.332000 52.199997 1.810940 1.325311 
0.332000 53.099998 1.810940 1.325311 
0.332000 54.000000 1.810940 1.325311 
0.332000 54.899998 1.810940 1.325311 
0.332000 55.799999 1.810940 1.325311 
0.332000 56.699997 1.810940 1.325311 
0.332000 57.599998 1.810940 1.325311 
0.332000 58.500000 1.810940 1.325311 
0.332000 59.399998 1.810940 1.325311 
0.332000 60.299999 1.810940 1.325311 
0.332000 61.199997 1.810940 1.325311 
0.332000 62.099998 1.810940 1.325311 
0.332000 63.000000 1.810940 1.325311 
0.332000 63.899998 1.810940 1.325311 
0.332000 64.799995 1.810940 1.325311 
0.332000 65.699997 1.810940 1.325311 
0.332000 66.599998 1.810940 1.325311 
0.332000 67.500000 1.810940 1.325311 
0.332000 68.400002 1.810940 1.325311 
0.332000 69.299995 1.810940 1.325311 
0.332000 70.199997 1.810940 1.325311 
0.332000 71.099998 1.810940 1.325311 
0.332000 72.000000 1.810940 1.325311 
0.332000 72.900002 1.810940 1.325311 
0.332000 73.799995 1.810940 1.325311 
0.332000 74.699997 1.810940 1.325311 
0.332000 75.599998 1.810940 1.325311 
0.332000 76.500000 1.810940 1.325311 
0.332000 77.400002 1.810940 1.325311 
0.332000 78.299995 1.810940 1.325311 
0.332000 79.199997 1.810940 1.325311 
0.332000 80.099998 1.810940 1.325311 
0.332000 81.000000 1.810940 1.325311 
0.332000 81.900002 1.810940 1.325311 
0.332000 82.799995 1.810940 1.325311 
0.332000 83.699997 1.810940 1.325311 
0.332000 84.599998 1.810940 1.325311 
0.332000 85.500000 1.810940 1.325311 
0.332000 86.399994 1.810940 1.325311 
0.332000 87.299995 1.810940 1.325311 
0.332000 88.199997 1.810940 1.325311 
0.332000 89.099998 1.810940 1.325311 
0.332000 90.000000 1.810940 1.325311 
0.332000 90.899994 1.810940 1.325311 
0.332000 91.799995 1.810940 1.325311 
0.332000 92.699997 1.810940 1.325311 
0.332000 93.599998 1.810940 1.325311 
0.332000 94.500000 1.810940 1.325311 
0.332000 95.399994 1.810940 1.325311 
0.332000 96.299995 1.810940 1.325311 
0.332000 97.199997 1.810940 1.325311 
0.332000 98.099998 1.810940 1.325311 
0.332000 99.000000 1.810940 1.325311 
0.332000 99.899994 1.810940 1.325311 
0.332000 100.799995 1.810940 1.325311 
0.332000 101.699997 1.810940 1.325311 
0.332000 102.599998 1.810940 1.325311 
0.332000 103.500000 1.810940 1.325311 
0.332000 104.399994 1.810940 1.325311 
0.332000 105.299995 1.810940 1.325311 
0.332000 106.199997 1.810940 1.325311 
0.332000 107.099998 1.810940 1.325311 
0.332000 108.000000 1.810940 1.325311 
0.332000 108.899994 1.810940 1.325311 
0.332000 109.799995 1.810940 1.325311 
0.332000 110.699997 1.810940 1.325311 
0.332000 111.599998 1.810940 1.325311 
0.332000 112.500000 1.810940 1.325311 
0.332000 113.399994 1.810940 1.325311 
0.332000 114.299995 1.810940 1.325311 
0.332000 115.199997 1.810940 1.325311 
0.332000 116.099998 1.810940 1.325311 
0.332000 117.000000 1.810940 1.325311 
0.332000 117.899994 1.810940 1.325311 
0.332000 118.799995 1.810940 1.325311 
0.332000 119.699997 1.810940 1.325311 
0.332000 120.599998 1.810940 1.325311 
0.332000 121.500000 1.810940 1.325311 
0.332000 122.399994 1.810940 1.325311 
0.332000 123.299995 1.810940 1.325311 
0.332000 124.199997 1.810940 1.325311 
0.332000 125.099998 1.810940 1.325311 
0.332000 126.000000 1.810940 1.325311 
0.332000 126.899994 1.810940 1.325311 
0.332000 127.799995 1.810940 1.325311 
0.332000 128.699997 1.810940 1.325311 
0.332000 129.599991 1.810940 1.325311 
0.332000 130.500000 1.810940 1.325311 
0.332000 131.399994 1.810940 1.325311 
0.332000 132.300003 1.810940 1.325311 
0.332000 133.199997 1.810940 1.325311 
0.332000 134.099991 1.810940 1.325311 
0.332000 135.000000 1.810940 1.325311 
0.332000 135.899994 1.810940 1.325311 
0.332000 136.800003 1.810940 1.325311 
0.332000 137.699997 1.810940 1.325311 
0.332000 138.599991 1.810940 1.325311 
0.332000 139.500000 1.810940 1.325311 
0.332000 140.399994 1.810940 1.325311 
0.332000 141.300003 1.810940 1.325311 
0.332000 142.199997 1.810940 1.325311 
0.332000 143.099991 1.810940 1.325311 
0.332000 144.000000 1.810940 1.325311 
0.332000 144.899994 1.810940 1.325311 
0.332000 145.800003 1.810940 1.325311 
0.332000 146.699997 1.810940 1.325311 
0.332000 147.599991 1.810940 1.325311 
0.332000 148.500000 1.810940 1.325311 
0.332000 149.399994 1.810940 1.325311 
0.332000 150.300003 1.810940 1.325311 
0.332000 151.199997 1.810940 1.325311 
0.332000 152.099991 1.810940 1.325311 
0.332000 153.000000 1.810940 1.325311 
0.332000 153.899994 1.810940 1.325311 
0.332000 154.800003 1.810940 1.325311 
0.332000 155.699997 1.810940 1.325311 
0.332000 156.599991 1.810940 1.325311 
0.332000 157.500000 1.810940 1.325311 
0.332000 158.399994 1.810940 1.325311 
0.332000 159.300003 1.810940 1.325311 
0.332000 160.199997 1.810940 1.325311 
0.332000 161.099991 1.810940 1.325311 
0.332000 162.000000 1.810940 1.325311 
0.332000 162.899994 1.810940 1.325311 
0.332000 163.800003 1.810940 1.325311 
0.332000 164.699997 1.810940 1.325311 
0.332000 165.599991 1.810940 1.325311 
0.332000 166.500000 1.810940 1.325311 
0.332000 167.399994 1.810940 1.325311 
0.332000 168.300003 1.810940 1.325311 
0.332000 169.199997 1.810940 1.325311 
0.332000 170.099991 1.810940 1.325311 
0.332000 171.000000 1.810940 1.325311 
0.332000 171.899994 1.810940 1.325311 
0.332000 172.799988 1.810940 1.325311 
0.332000 173.699997 1.810940 1.325311 
0.332000 174.599991 1.810940 1.325311 
0.332000 175.500000 1.810940 1.325311 
0.332000 176.399994 1.810940 1.325311 
0.332000 177.299988 1.810940 1.325311 
0.332000 178.199997 1.810940 1.325311 
0.332000 179.099991 1.810940 1.325311 
0.332000 180.000000 1.810940 1.325311 
0.332000 180.899994 1.810940 1.325311 
0.332000 181.799988 1.810940 1.325311 
0.332000 182.699997 1.810940 1.325311 
0.332000 183.599991 1.810940 1.325311 
0.332000 184.500000 1.810940 1.325311 
0.332000 185.399994 1.810940 1.325311 
0.332000 186.299988 1.810940 1.325311 
0.332000 187.199997 1.810940 1.325311 
0.332000 188.099991 1.810940 1.325311 
0.332000 189.000000 1.810940 1.325311 
0.332000 189.899994 1.810940 1.325311 
0.332000 190.799988 1.810940 1.325311 
0.332000 191.699997 1.810940 1.325311 
0.332000 192.599991 1.810940 1.325311 
0.332000 193.500000 1.810940 1.325311 
0.332000 194.399994 1.810940 1.325311 
0.332000 195.299988 1.810940 1.325311 
0.332000 196.199997 1.810940 1.325311 
0.332000 197.099991 1.810940 1.325311 
0.332000 198.000000 1.810940 1.325311 
0.332000 198.899994 1.810940 1.325311 
0.332000 199.799988 1.810940 1.325311 
0.332000 200.699997 1.810940 1.325311 
0.332000 201.599991 1.810940 1.325311 
0.332000 202.500000 1.810940 1.325311 
0.332000 203.399994 1.810940 1.325311 
0.332000 204.299988 1.810940 1.325311 
0.332000 205.199997 1.810940 1.325311 
0.332000 206.099991 1.810940 1.325311 
0.332000 207.000000 1.810940 1.325311 
0.332000 207.899994 1.810940 1.325311 
0.332000 208.799988 1.810940 1.325311 
0.332000 209.699997 1.810940 1.325311 
0.332000 210.599991 1.810940 1.325311 
0.332000 211.500000 1.810940 1.325311 
0.332000 212.399994 1.810940 1.325311 
0.332000 213.299988 1.810940 1.325311 
0.332000 214.199997 1.810940 1.325311 
0.332000 215.099991 1.810940 1.325311 
0.332000 216.000000 1.810940 1.325311 
0.332000 216.899994 1.810940 1.325311 
0.332000 217.799988 1.810940 1.325311 
0.332000 218.699997 1.810940 1.325311 
0.332000 219.599991 1.810940 1.325311 
0.332000 220.500000 1.810940 1.325311 
0.332000 221.399994 1.810940 1.325311 
0.332000 222.299988 1.810940 1.325311 
0.332000 223.199997 1.810940 1.325311 
0.332000 224.099991 1.810940 1.325311 
0.332000 225.000000 1.810940 1.325311 
0.332000 225.899994 1.810940 1.325311 
0.332000 226.799988 1.810940 1.325311 
0.332000 227.699997 1.810940 1.325311 
0.332000 228.599991 1.810938 1.325311 
0.332000 229.500000 1.810925 1.325311 
