0.630000 0.000000 1.893961 0.980449 
0.630000 0.900000 1.893916 0.980449 
0.630000 1.800000 1.893935 0.980449 
0.630000 2.700000 1.893940 0.980449 
0.630000 3.600000 1.893947 0.980449 
0.630000 4.500000 1.893949 0.980449 
0.630000 5.400000 1.893950 0.980449 
0.630000 6.300000 1.893951 0.980449 
0.630000 7.200000 1.893952 0.980449 
0.630000 8.099999 1.893953 0.980449 
0.630000 9.000000 1.893953 0.980449 
0.630000 9.900000 1.893953 0.980449 
0.630000 10.799999 1.893953 0.980449 
0.630000 11.700000 1.893953 0.980449 
0.630000 12.599999 1.893953 0.980449 
0.630000 13.500000 1.893953 0.980449 
0.630000 14.400000 1.893954 0.980449 
0.630000 15.299999 1.893954 0.980449 
0.630000 16.199999 1.893954 0.980449 
0.630000 17.100000 1.893954 0.980449 
0.630000 18.000000 1.893954 0.980449 
0.630000 18.900000 1.893954 0.980449 
0.630000 19.799999 1.893954 0.980449 
0.630000 20.699999 1.893954 0.980449 
0.630000 21.599998 1.893954 0.980449 
0.630000 22.500000 1.893954 0.980449 
0.630000 23.400000 1.893954 0.980449 
0.630000 24.299999 1.893954 0.980449 
0.630000 25.199999 1.893954 0.980449 
0.630000 26.099998 1.893954 0.980449 
0.630000 27.000000 1.893954 0.980449 
0.630000 27.900000 1.893954 0.980449 
0.630000 28.799999 1.893954 0.980449 
0.630000 29.699999 1.893954 0.980449 
0.630000 30.599998 1.893954 0.980449 
0.630000 31.500000 1.893954 0.980449 
0.630000 32.399998 1.893954 0.980449 
0.630000 33.299999 1.893954 0.980449 
0.630000 34.200001 1.893954 0.980449 
0.630000 35.099998 1.893954 0.980449 
0.630000 36.000000 1.893954 0.980449 
0.630000 36.899998 1.893954 0.980449 
0.630000 37.799999 1.893954 0.980449 
0.630000 38.700001 1.893954 0.980449 
0.630000 39.599998 1.893954 0.980449 
0.630000 40.500000 1.893954 0.980449 
0.630000 41.399998 1.893954 0.980449 
0.630000 42.299999 1.893954 0.980449 
0.630000 43.199997 1.893954 0.980449 
0.630000 44.099998 1.893954 0.980449 
0.630000 45.000000 1.893954 0.980449 
0.630000 45.899998 1.893954 0.980449 
0.630000 46.799999 1.893954 0.980449 
0.630000 47.699997 1.893954 0.980449 
0.630000 48.599998 1.893954 0.980449 
0.630000 49.500000 1.893954 0.980449 
0.630000 50.399998 1.893954 0.980449 
0.630000 51.299999 1.893954 0.980449 
0.630000 52.199997 1.893954 0.980449 
0.630000 53.099998 1.893954 0.980449 
0.630000 54.000000 1.893954 0.980449 
0.630000 54.899998 1.893954 0.980449 
0.630000 55.799999 1.893954 0.980449 
0.630000 56.699997 1.893954 0.980449 
0.630000 57.599998 1.893954 0.980449 
0.630000 58.500000 1.893954 0.980449 
0.630000 59.399998 1.893954 0.980449 
0.630000 60.299999 1.893954 0.980449 
0.630000 61.199997 1.893954 0.980449 
0.630000 62.099998 1.893954 0.980449 
0.630000 63.000000 1.893954 0.980449 
0.630000 63.899998 1.893954 0.980449 
0.630000 64.799995 1.893954 0.980449 
0.630000 65.699997 1.893954 0.980449 
0.630000 66.599998 1.893954 0.980449 
0.630000 67.500000 1.893954 0.980449 
0.630000 68.400002 1.893954 0.980449 
0.630000 69.299995 1.893954 0.980449 
0.630000 70.199997 1.893954 0.980449 
0.630000 71.099998 1.893954 0.980449 
0.630000 72.000000 1.893954 0.980449 
0.630000 72.900002 1.893954 0.980449 
0.630000 73.799995 1.893954 0.980449 
0.630000 74.699997 1.893954 0.980449 
0.630000 75.599998 1.893954 0.980449 
0.630000 76.500000 1.893954 0.980449 
0.630000 77.400002 1.893954 0.980449 
0.630000 78.299995 1.893954 0.980449 
0.630000 79.199997 1.893954 0.980449 
0.630000 80.099998 1.893954 0.980449 
0.630000 81.000000 1.893954 0.980449 
0.630000 81.900002 1.893954 0.980449 
0.630000 82.799995 1.893954 0.980449 
0.630000 83.699997 1.893954 0.980449 
0.630000 84.599998 1.893954 0.980449 
0.630000 85.500000 1.893954 0.980449 
0.630000 86.399994 1.893954 0.980449 
0.630000 87.299995 1.893954 0.980449 
0.630000 88.199997 1.893954 0.980449 
0.630000 89.099998 1.893954 0.980449 
0.630000 90.000000 1.893954 0.980449 
0.630000 90.899994 1.893954 0.980449 
0.630000 91.799995 1.893954 0.980449 
0.630000 92.699997 1.893954 0.980449 
0.630000 93.599998 1.893954 0.980449 
0.630000 94.500000 1.893954 0.980449 
0.630000 95.399994 1.893954 0.980449 
0.630000 96.299995 1.893954 0.980449 
0.630000 97.199997 1.893954 0.980449 
0.630000 98.099998 1.893954 0.980449 
0.630000 99.000000 1.893954 0.980449 
0.630000 99.899994 1.893954 0.980449 
0.630000 100.799995 1.893954 0.980449 
0.630000 101.699997 1.893954 0.980449 
0.630000 102.599998 1.893954 0.980449 
0.630000 103.500000 1.893954 0.980449 
0.630000 104.399994 1.893954 0.980449 
0.630000 105.299995 1.893954 0.980449 
0.630000 106.199997 1.893954 0.980449 
0.630000 107.099998 1.893954 0.980449 
0.630000 108.000000 1.893954 0.980449 
0.630000 108.899994 1.893954 0.980449 
0.630000 109.799995 1.893954 0.980449 
0.630000 110.699997 1.893954 0.980449 
0.630000 111.599998 1.893954 0.980449 
0.630000 112.500000 1.893954 0.980449 
0.630000 113.399994 1.893954 0.980449 
0.630000 114.299995 1.893954 0.980449 
0.630000 115.199997 1.893954 0.980449 
0.630000 116.099998 1.893954 0.980449 
0.630000 117.000000 1.893954 0.980449 
0.630000 117.899994 1.893954 0.980449 
0.630000 118.799995 1.893954 0.980449 
0.630000 119.699997 1.893954 0.980449 
0.630000 120.599998 1.893954 0.980449 
0.630000 121.500000 1.893954 0.980449 
0.630000 122.399994 1.893954 0.980449 
0.630000 123.299995 1.893954 0.980449 
0.630000 124.199997 1.893954 0.980449 
0.630000 125.099998 1.893954 0.980449 
0.630000 126.000000 1.893954 0.980449 
0.630000 126.899994 1.893954 0.980449 
0.630000 127.799995 1.893954 0.980449 
0.630000 128.699997 1.893954 0.980449 
0.630000 129.599991 1.893954 0.980449 
0.630000 130.500000 1.893954 0.980449 
0.630000 131.399994 1.893954 0.980449 
0.630000 132.300003 1.893954 0.980449 
0.630000 133.199997 1.893954 0.980449 
0.630000 134.099991 1.893954 0.980449 
0.630000 135.000000 1.893954 0.980449 
0.630000 135.899994 1.893954 0.980449 
0.630000 136.800003 1.893954 0.980449 
0.630000 137.699997 1.893954 0.980449 
0.630000 138.599991 1.893954 0.980449 
0.630000 139.500000 1.893954 0.980449 
0.630000 140.399994 1.893954 0.980449 
0.630000 141.300003 1.893954 0.980449 
0.630000 142.199997 1.893954 0.980449 
0.630000 143.099991 1.893954 0.980449 
0.630000 144.000000 1.893954 0.980449 
0.630000 144.899994 1.893954 0.980449 
0.630000 145.800003 1.893954 0.980449 
0.630000 146.699997 1.893954 0.980449 
0.630000 147.599991 1.893954 0.980449 
0.630000 148.500000 1.893954 0.980449 
0.630000 149.399994 1.893954 0.980449 
0.630000 150.300003 1.893954 0.980449 
0.630000 151.199997 1.893954 0.980449 
0.630000 152.099991 1.893954 0.980449 
0.630000 153.000000 1.893954 0.980449 
0.630000 153.899994 1.893954 0.980449 
0.630000 154.800003 1.893954 0.980449 
0.630000 155.699997 1.893954 0.980449 
0.630000 156.599991 1.893954 0.980449 
0.630000 157.500000 1.893954 0.980449 
0.630000 158.399994 1.893954 0.980449 
0.630000 159.300003 1.893954 0.980449 
0.630000 160.199997 1.893954 0.980449 
0.630000 161.099991 1.893954 0.980449 
0.630000 162.000000 1.893954 0.980449 
0.630000 162.899994 1.893954 0.980449 
0.630000 163.800003 1.893954 0.980449 
0.630000 164.699997 1.893954 0.980449 
0.630000 165.599991 1.893954 0.980449 
0.630000 166.500000 1.893954 0.980449 
0.630000 167.399994 1.893954 0.980449 
0.630000 168.300003 1.893954 0.980449 
0.630000 169.199997 1.893954 0.980449 
0.630000 170.099991 1.893954 0.980449 
0.630000 171.000000 1.893954 0.980449 
0.630000 171.899994 1.893954 0.980449 
0.630000 172.799988 1.893954 0.980449 
0.630000 173.699997 1.893954 0.980449 
0.630000 174.599991 1.893954 0.980449 
0.630000 175.500000 1.893954 0.980449 
0.630000 176.399994 1.893954 0.980449 
0.630000 177.299988 1.893954 0.980449 
0.630000 178.199997 1.893954 0.980449 
0.630000 179.099991 1.893954 0.980449 
0.630000 180.000000 1.893954 0.980449 
0.630000 180.899994 1.893954 0.980449 
0.630000 181.799988 1.893954 0.980449 
0.630000 182.699997 1.893954 0.980449 
0.630000 183.599991 1.893954 0.980449 
0.630000 184.500000 1.893954 0.980449 
0.630000 185.399994 1.893954 0.980449 
0.630000 186.299988 1.893954 0.980449 
0.630000 187.199997 1.893954 0.980449 
0.630000 188.099991 1.893954 0.980449 
0.630000 189.000000 1.893954 0.980449 
0.630000 189.899994 1.893954 0.980449 
0.630000 190.799988 1.893954 0.980449 
0.630000 191.699997 1.893954 0.980449 
0.630000 192.599991 1.893954 0.980449 
0.630000 193.500000 1.893954 0.980449 
0.630000 194.399994 1.893954 0.980449 
0.630000 195.299988 1.893954 0.980449 
0.630000 196.199997 1.893954 0.980449 
0.630000 197.099991 1.893954 0.980449 
0.630000 198.000000 1.893954 0.980449 
0.630000 198.899994 1.893954 0.980449 
0.630000 199.799988 1.893954 0.980449 
0.630000 200.699997 1.893954 0.980449 
0.630000 201.599991 1.893954 0.980449 
0.630000 202.500000 1.893954 0.980449 
0.630000 203.399994 1.893954 0.980449 
0.630000 204.299988 1.893954 0.980449 
0.630000 205.199997 1.893954 0.980449 
0.630000 206.099991 1.893954 0.980449 
0.630000 207.000000 1.893954 0.980449 
0.630000 207.899994 1.893954 0.980449 
0.630000 208.799988 1.893954 0.980449 
0.630000 209.699997 1.893954 0.980449 
0.630000 210.599991 1.893954 0.980449 
0.630000 211.500000 1.893954 0.980449 
0.630000 212.399994 1.893954 0.980449 
0.630000 213.299988 1.893954 0.980449 
0.630000 214.199997 1.893954 0.980449 
0.630000 215.099991 1.893954 0.980449 
0.630000 216.000000 1.893954 0.980449 
0.630000 216.899994 1.893954 0.980449 
0.630000 217.799988 1.893954 0.980449 
0.630000 218.699997 1.893954 0.980449 
0.630000 219.599991 1.893954 0.980449 
0.630000 220.500000 1.893954 0.980449 
0.630000 221.399994 1.893954 0.980449 
0.630000 222.299988 1.893954 0.980449 
0.630000 223.199997 1.893954 0.980449 
0.630000 224.099991 1.893954 0.980449 
0.630000 225.000000 1.893954 0.980449 
0.630000 225.899994 1.893954 0.980449 
0.630000 226.799988 1.893954 0.980450 
0.630000 227.699997 1.893953 0.980450 
0.630000 228.599991 1.893947 0.980450 
0.630000 229.500000 1.893922 0.980450 
