0.840000 0.000000 1.801653 0.893313 
0.840000 0.900000 1.801605 0.893314 
0.840000 1.800000 1.801626 0.893313 
0.840000 2.700000 1.801634 0.893313 
0.840000 3.600000 1.801641 0.893314 
0.840000 4.500000 1.801644 0.893314 
0.840000 5.400000 1.801646 0.893314 
0.840000 6.300000 1.801648 0.893313 
0.840000 7.200000 1.801649 0.893313 
0.840000 8.099999 1.801650 0.893313 
0.840000 9.000000 1.801650 0.893313 
0.840000 9.900000 1.801650 0.893313 
0.840000 10.799999 1.801650 0.893313 
0.840000 11.700000 1.801650 0.893313 
0.840000 12.599999 1.801650 0.893313 
0.840000 13.500000 1.801650 0.893313 
0.840000 14.400000 1.801650 0.893313 
0.840000 15.299999 1.801650 0.893313 
0.840000 16.199999 1.801650 0.893313 
0.840000 17.100000 1.801650 0.893313 
0.840000 18.000000 1.801650 0.893313 
0.840000 18.900000 1.801650 0.893313 
0.840000 19.799999 1.801650 0.893313 
0.840000 20.699999 1.801650 0.893313 
0.840000 21.599998 1.801650 0.893313 
0.840000 22.500000 1.801650 0.893313 
0.840000 23.400000 1.801650 0.893313 
0.840000 24.299999 1.801650 0.893313 
0.840000 25.199999 1.801650 0.893313 
0.840000 26.099998 1.801650 0.893313 
0.840000 27.000000 1.801650 0.893313 
0.840000 27.900000 1.801650 0.893313 
0.840000 28.799999 1.801650 0.893313 
0.840000 29.699999 1.801650 0.893313 
0.840000 30.599998 1.801650 0.893313 
0.840000 31.500000 1.801650 0.893313 
0.840000 32.399998 1.801650 0.893313 
0.840000 33.299999 1.801650 0.893313 
0.840000 34.200001 1.801650 0.893313 
0.840000 35.099998 1.801650 0.893313 
0.840000 36.000000 1.801650 0.893313 
0.840000 36.899998 1.801650 0.893313 
0.840000 37.799999 1.801650 0.893313 
0.840000 38.700001 1.801650 0.893313 
0.840000 39.599998 1.801650 0.893313 
0.840000 40.500000 1.801650 0.893313 
0.840000 41.399998 1.801650 0.893313 
0.840000 42.299999 1.801650 0.893313 
0.840000 43.199997 1.801650 0.893313 
0.840000 44.099998 1.801650 0.893313 
0.840000 45.000000 1.801650 0.893313 
0.840000 45.899998 1.801650 0.893313 
0.840000 46.799999 1.801650 0.893313 
0.840000 47.699997 1.801650 0.893313 
0.840000 48.599998 1.801650 0.893313 
0.840000 49.500000 1.801650 0.893313 
0.840000 50.399998 1.801650 0.893313 
0.840000 51.299999 1.801650 0.893313 
0.840000 52.199997 1.801650 0.893313 
0.840000 53.099998 1.801650 0.893313 
0.840000 54.000000 1.801650 0.893313 
0.840000 54.899998 1.801650 0.893313 
0.840000 55.799999 1.801650 0.893313 
0.840000 56.699997 1.801650 0.893313 
0.840000 57.599998 1.801650 0.893313 
0.840000 58.500000 1.801650 0.893313 
0.840000 59.399998 1.801650 0.893313 
0.840000 60.299999 1.801650 0.893313 
0.840000 61.199997 1.801650 0.893313 
0.840000 62.099998 1.801650 0.893313 
0.840000 63.000000 1.801650 0.893313 
0.840000 63.899998 1.801650 0.893313 
0.840000 64.799995 1.801650 0.893313 
0.840000 65.699997 1.801650 0.893313 
0.840000 66.599998 1.801650 0.893313 
0.840000 67.500000 1.801650 0.893313 
0.840000 68.400002 1.801650 0.893313 
0.840000 69.299995 1.801650 0.893313 
0.840000 70.199997 1.801650 0.893313 
0.840000 71.099998 1.801650 0.893313 
0.840000 72.000000 1.801650 0.893313 
0.840000 72.900002 1.801650 0.893313 
0.840000 73.799995 1.801650 0.893313 
0.840000 74.699997 1.801650 0.893313 
0.840000 75.599998 1.801650 0.893313 
0.840000 76.500000 1.801650 0.893313 
0.840000 77.400002 1.801650 0.893313 
0.840000 78.299995 1.801650 0.893313 
0.840000 79.199997 1.801650 0.893313 
0.840000 80.099998 1.801650 0.893313 
0.840000 81.000000 1.801650 0.893313 
0.840000 81.900002 1.801650 0.893313 
0.840000 82.799995 1.801650 0.893313 
0.840000 83.699997 1.801650 0.893313 
0.840000 84.599998 1.801650 0.893313 
0.840000 85.500000 1.801650 0.893313 
0.840000 86.399994 1.801650 0.893313 
0.840000 87.299995 1.801650 0.893313 
0.840000 88.199997 1.801650 0.893313 
0.840000 89.099998 1.801650 0.893313 
0.840000 90.000000 1.801650 0.893313 
0.840000 90.899994 1.801650 0.893313 
0.840000 91.799995 1.801650 0.893313 
0.840000 92.699997 1.801650 0.893313 
0.840000 93.599998 1.801650 0.893313 
0.840000 94.500000 1.801650 0.893313 
0.840000 95.399994 1.801650 0.893313 
0.840000 96.299995 1.801650 0.893313 
0.840000 97.199997 1.801650 0.893313 
0.840000 98.099998 1.801650 0.893313 
0.840000 99.000000 1.801650 0.893313 
0.840000 99.899994 1.801650 0.893313 
0.840000 100.799995 1.801650 0.893313 
0.840000 101.699997 1.801650 0.893313 
0.840000 102.599998 1.801650 0.893313 
0.840000 103.500000 1.801650 0.893313 
0.840000 104.399994 1.801650 0.893313 
0.840000 105.299995 1.801650 0.893313 
0.840000 106.199997 1.801650 0.893313 
0.840000 107.099998 1.801650 0.893313 
0.840000 108.000000 1.801650 0.893313 
0.840000 108.899994 1.801650 0.893313 
0.840000 109.799995 1.801650 0.893313 
0.840000 110.699997 1.801650 0.893313 
0.840000 111.599998 1.801650 0.893313 
0.840000 112.500000 1.801650 0.893313 
0.840000 113.399994 1.801650 0.893313 
0.840000 114.299995 1.801650 0.893313 
0.840000 115.199997 1.801650 0.893313 
0.840000 116.099998 1.801650 0.893313 
0.840000 117.000000 1.801650 0.893313 
0.840000 117.899994 1.801650 0.893313 
0.840000 118.799995 1.801650 0.893313 
0.840000 119.699997 1.801650 0.893313 
0.840000 120.599998 1.801650 0.893313 
0.840000 121.500000 1.801650 0.893313 
0.840000 122.399994 1.801650 0.893313 
0.840000 123.299995 1.801650 0.893313 
0.840000 124.199997 1.801650 0.893313 
0.840000 125.099998 1.801650 0.893313 
0.840000 126.000000 1.801650 0.893313 
0.840000 126.899994 1.801650 0.893313 
0.840000 127.799995 1.801650 0.893313 
0.840000 128.699997 1.801650 0.893313 
0.840000 129.599991 1.801650 0.893313 
0.840000 130.500000 1.801650 0.893313 
0.840000 131.399994 1.801650 0.893313 
0.840000 132.300003 1.801650 0.893313 
0.840000 133.199997 1.801650 0.893313 
0.840000 134.099991 1.801650 0.893313 
0.840000 135.000000 1.801650 0.893313 
0.840000 135.899994 1.801650 0.893313 
0.840000 136.800003 1.801650 0.893313 
0.840000 137.699997 1.801650 0.893313 
0.840000 138.599991 1.801650 0.893313 
0.840000 139.500000 1.801650 0.893313 
0.840000 140.399994 1.801650 0.893313 
0.840000 141.300003 1.801650 0.893313 
0.840000 142.199997 1.801650 0.893313 
0.840000 143.099991 1.801650 0.893313 
0.840000 144.000000 1.801650 0.893313 
0.840000 144.899994 1.801650 0.893313 
0.840000 145.800003 1.801650 0.893313 
0.840000 146.699997 1.801650 0.893313 
0.840000 147.599991 1.801650 0.893313 
0.840000 148.500000 1.801650 0.893313 
0.840000 149.399994 1.801650 0.893313 
0.840000 150.300003 1.801650 0.893313 
0.840000 151.199997 1.801650 0.893313 
0.840000 152.099991 1.801650 0.893313 
0.840000 153.000000 1.801650 0.893313 
0.840000 153.899994 1.801650 0.893313 
0.840000 154.800003 1.801650 0.893313 
0.840000 155.699997 1.801650 0.893313 
0.840000 156.599991 1.801650 0.893313 
0.840000 157.500000 1.801650 0.893313 
0.840000 158.399994 1.801650 0.893313 
0.840000 159.300003 1.801650 0.893313 
0.840000 160.199997 1.801650 0.893313 
0.840000 161.099991 1.801650 0.893313 
0.840000 162.000000 1.801650 0.893313 
0.840000 162.899994 1.801650 0.893313 
0.840000 163.800003 1.801650 0.893313 
0.840000 164.699997 1.801650 0.893313 
0.840000 165.599991 1.801650 0.893313 
0.840000 166.500000 1.801650 0.893313 
0.840000 167.399994 1.801650 0.893313 
0.840000 168.300003 1.801650 0.893313 
0.840000 169.199997 1.801650 0.893313 
0.840000 170.099991 1.801650 0.893313 
0.840000 171.000000 1.801650 0.893313 
0.840000 171.899994 1.801650 0.893313 
0.840000 172.799988 1.801650 0.893313 
0.840000 173.699997 1.801650 0.893313 
0.840000 174.599991 1.801650 0.893313 
0.840000 175.500000 1.801650 0.893313 
0.840000 176.399994 1.801650 0.893313 
0.840000 177.299988 1.801650 0.893313 
0.840000 178.199997 1.801650 0.893313 
0.840000 179.099991 1.801650 0.893313 
0.840000 180.000000 1.801650 0.893313 
0.840000 180.899994 1.801650 0.893313 
0.840000 181.799988 1.801650 0.893313 
0.840000 182.699997 1.801650 0.893313 
0.840000 183.599991 1.801650 0.893313 
0.840000 184.500000 1.801650 0.893313 
0.840000 185.399994 1.801650 0.893313 
0.840000 186.299988 1.801650 0.893313 
0.840000 187.199997 1.801650 0.893313 
0.840000 188.099991 1.801650 0.893313 
0.840000 189.000000 1.801650 0.893313 
0.840000 189.899994 1.801650 0.893313 
0.840000 190.799988 1.801650 0.893313 
0.840000 191.699997 1.801650 0.893313 
0.840000 192.599991 1.801650 0.893313 
0.840000 193.500000 1.801650 0.893313 
0.840000 194.399994 1.801650 0.893313 
0.840000 195.299988 1.801650 0.893313 
0.840000 196.199997 1.801650 0.893313 
0.840000 197.099991 1.801650 0.893313 
0.840000 198.000000 1.801650 0.893313 
0.840000 198.899994 1.801650 0.893313 
0.840000 199.799988 1.801650 0.893313 
0.840000 200.699997 1.801650 0.893313 
0.840000 201.599991 1.801650 0.893313 
0.840000 202.500000 1.801650 0.893313 
0.840000 203.399994 1.801650 0.893313 
0.840000 204.299988 1.801650 0.893313 
0.840000 205.199997 1.801650 0.893313 
0.840000 206.099991 1.801650 0.893313 
0.840000 207.000000 1.801650 0.893313 
0.840000 207.899994 1.801650 0.893313 
0.840000 208.799988 1.801650 0.893313 
0.840000 209.699997 1.801650 0.893313 
0.840000 210.599991 1.801650 0.893313 
0.840000 211.500000 1.801650 0.893313 
0.840000 212.399994 1.801650 0.893313 
0.840000 213.299988 1.801650 0.893313 
0.840000 214.199997 1.801650 0.893313 
0.840000 215.099991 1.801650 0.893313 
0.840000 216.000000 1.801650 0.893313 
0.840000 216.899994 1.801650 0.893313 
0.840000 217.799988 1.801650 0.893313 
0.840000 218.699997 1.801650 0.893313 
0.840000 219.599991 1.801650 0.893313 
0.840000 220.500000 1.801650 0.893313 
0.840000 221.399994 1.801650 0.893313 
0.840000 222.299988 1.801650 0.893313 
0.840000 223.199997 1.801650 0.893313 
0.840000 224.099991 1.801650 0.893313 
0.840000 225.000000 1.801651 0.893313 
0.840000 225.899994 1.801651 0.893313 
0.840000 226.799988 1.801651 0.893314 
0.840000 227.699997 1.801650 0.893314 
0.840000 228.599991 1.801640 0.893314 
0.840000 229.500000 1.801609 0.893314 
