0.604000 0.000000 1.898686 0.999030 
0.604000 0.900000 1.898642 0.999030 
0.604000 1.800000 1.898661 0.999030 
0.604000 2.700000 1.898666 0.999030 
0.604000 3.600000 1.898671 0.999030 
0.604000 4.500000 1.898674 0.999030 
0.604000 5.400000 1.898675 0.999030 
0.604000 6.300000 1.898676 0.999030 
0.604000 7.200000 1.898677 0.999030 
0.604000 8.099999 1.898678 0.999030 
0.604000 9.000000 1.898678 0.999030 
0.604000 9.900000 1.898678 0.999030 
0.604000 10.799999 1.898678 0.999030 
0.604000 11.700000 1.898678 0.999030 
0.604000 12.599999 1.898678 0.999030 
0.604000 13.500000 1.898678 0.999030 
0.604000 14.400000 1.898679 0.999030 
0.604000 15.299999 1.898679 0.999030 
0.604000 16.199999 1.898679 0.999030 
0.604000 17.100000 1.898679 0.999030 
0.604000 18.000000 1.898679 0.999030 
0.604000 18.900000 1.898679 0.999030 
0.604000 19.799999 1.898679 0.999030 
0.604000 20.699999 1.898679 0.999030 
0.604000 21.599998 1.898679 0.999030 
0.604000 22.500000 1.898679 0.999030 
0.604000 23.400000 1.898679 0.999030 
0.604000 24.299999 1.898679 0.999030 
0.604000 25.199999 1.898679 0.999030 
0.604000 26.099998 1.898679 0.999030 
0.604000 27.000000 1.898679 0.999030 
0.604000 27.900000 1.898679 0.999030 
0.604000 28.799999 1.898679 0.999030 
0.604000 29.699999 1.898679 0.999030 
0.604000 30.599998 1.898679 0.999030 
0.604000 31.500000 1.898679 0.999030 
0.604000 32.399998 1.898679 0.999030 
0.604000 33.299999 1.898679 0.999030 
0.604000 34.200001 1.898679 0.999030 
0.604000 35.099998 1.898679 0.999030 
0.604000 36.000000 1.898679 0.999030 
0.604000 36.899998 1.898679 0.999030 
0.604000 37.799999 1.898679 0.999030 
0.604000 38.700001 1.898679 0.999030 
0.604000 39.599998 1.898679 0.999030 
0.604000 40.500000 1.898679 0.999030 
0.604000 41.399998 1.898679 0.999030 
0.604000 42.299999 1.898679 0.999030 
0.604000 43.199997 1.898679 0.999030 
0.604000 44.099998 1.898679 0.999030 
0.604000 45.000000 1.898679 0.999030 
0.604000 45.899998 1.898679 0.999030 
0.604000 46.799999 1.898679 0.999030 
0.604000 47.699997 1.898679 0.999030 
0.604000 48.599998 1.898679 0.999030 
0.604000 49.500000 1.898679 0.999030 
0.604000 50.399998 1.898679 0.999030 
0.604000 51.299999 1.898679 0.999030 
0.604000 52.199997 1.898679 0.999030 
0.604000 53.099998 1.898679 0.999030 
0.604000 54.000000 1.898679 0.999030 
0.604000 54.899998 1.898679 0.999030 
0.604000 55.799999 1.898679 0.999030 
0.604000 56.699997 1.898679 0.999030 
0.604000 57.599998 1.898679 0.999030 
0.604000 58.500000 1.898679 0.999030 
0.604000 59.399998 1.898679 0.999030 
0.604000 60.299999 1.898679 0.999030 
0.604000 61.199997 1.898679 0.999030 
0.604000 62.099998 1.898679 0.999030 
0.604000 63.000000 1.898679 0.999030 
0.604000 63.899998 1.898679 0.999030 
0.604000 64.799995 1.898679 0.999030 
0.604000 65.699997 1.898679 0.999030 
0.604000 66.599998 1.898679 0.999030 
0.604000 67.500000 1.898679 0.999030 
0.604000 68.400002 1.898679 0.999030 
0.604000 69.299995 1.898679 0.999030 
0.604000 70.199997 1.898679 0.999030 
0.604000 71.099998 1.898679 0.999030 
0.604000 72.000000 1.898679 0.999030 
0.604000 72.900002 1.898679 0.999030 
0.604000 73.799995 1.898679 0.999030 
0.604000 74.699997 1.898679 0.999030 
0.604000 75.599998 1.898679 0.999030 
0.604000 76.500000 1.898679 0.999030 
0.604000 77.400002 1.898679 0.999030 
0.604000 78.299995 1.898679 0.999030 
0.604000 79.199997 1.898679 0.999030 
0.604000 80.099998 1.898679 0.999030 
0.604000 81.000000 1.898679 0.999030 
0.604000 81.900002 1.898679 0.999030 
0.604000 82.799995 1.898679 0.999030 
0.604000 83.699997 1.898679 0.999030 
0.604000 84.599998 1.898679 0.999030 
0.604000 85.500000 1.898679 0.999030 
0.604000 86.399994 1.898679 0.999030 
0.604000 87.299995 1.898679 0.999030 
0.604000 88.199997 1.898679 0.999030 
0.604000 89.099998 1.898679 0.999030 
0.604000 90.000000 1.898679 0.999030 
0.604000 90.899994 1.898679 0.999030 
0.604000 91.799995 1.898679 0.999030 
0.604000 92.699997 1.898679 0.999030 
0.604000 93.599998 1.898679 0.999030 
0.604000 94.500000 1.898679 0.999030 
0.604000 95.399994 1.898679 0.999030 
0.604000 96.299995 1.898679 0.999030 
0.604000 97.199997 1.898679 0.999030 
0.604000 98.099998 1.898679 0.999030 
0.604000 99.000000 1.898679 0.999030 
0.604000 99.899994 1.898679 0.999030 
0.604000 100.799995 1.898679 0.999030 
0.604000 101.699997 1.898679 0.999030 
0.604000 102.599998 1.898679 0.999030 
0.604000 103.500000 1.898679 0.999030 
0.604000 104.399994 1.898679 0.999030 
0.604000 105.299995 1.898679 0.999030 
0.604000 106.199997 1.898679 0.999030 
0.604000 107.099998 1.898679 0.999030 
0.604000 108.000000 1.898679 0.999030 
0.604000 108.899994 1.898679 0.999030 
0.604000 109.799995 1.898679 0.999030 
0.604000 110.699997 1.898679 0.999030 
0.604000 111.599998 1.898679 0.999030 
0.604000 112.500000 1.898679 0.999030 
0.604000 113.399994 1.898679 0.999030 
0.604000 114.299995 1.898679 0.999030 
0.604000 115.199997 1.898679 0.999030 
0.604000 116.099998 1.898679 0.999030 
0.604000 117.000000 1.898679 0.999030 
0.604000 117.899994 1.898679 0.999030 
0.604000 118.799995 1.898679 0.999030 
0.604000 119.699997 1.898679 0.999030 
0.604000 120.599998 1.898679 0.999030 
0.604000 121.500000 1.898679 0.999030 
0.604000 122.399994 1.898679 0.999030 
0.604000 123.299995 1.898679 0.999030 
0.604000 124.199997 1.898679 0.999030 
0.604000 125.099998 1.898679 0.999030 
0.604000 126.000000 1.898679 0.999030 
0.604000 126.899994 1.898679 0.999030 
0.604000 127.799995 1.898679 0.999030 
0.604000 128.699997 1.898679 0.999030 
0.604000 129.599991 1.898679 0.999030 
0.604000 130.500000 1.898679 0.999030 
0.604000 131.399994 1.898679 0.999030 
0.604000 132.300003 1.898679 0.999030 
0.604000 133.199997 1.898679 0.999030 
0.604000 134.099991 1.898679 0.999030 
0.604000 135.000000 1.898679 0.999030 
0.604000 135.899994 1.898679 0.999030 
0.604000 136.800003 1.898679 0.999030 
0.604000 137.699997 1.898679 0.999030 
0.604000 138.599991 1.898679 0.999030 
0.604000 139.500000 1.898679 0.999030 
0.604000 140.399994 1.898679 0.999030 
0.604000 141.300003 1.898679 0.999030 
0.604000 142.199997 1.898679 0.999030 
0.604000 143.099991 1.898679 0.999030 
0.604000 144.000000 1.898679 0.999030 
0.604000 144.899994 1.898679 0.999030 
0.604000 145.800003 1.898679 0.999030 
0.604000 146.699997 1.898679 0.999030 
0.604000 147.599991 1.898679 0.999030 
0.604000 148.500000 1.898679 0.999030 
0.604000 149.399994 1.898679 0.999030 
0.604000 150.300003 1.898679 0.999030 
0.604000 151.199997 1.898679 0.999030 
0.604000 152.099991 1.898679 0.999030 
0.604000 153.000000 1.898679 0.999030 
0.604000 153.899994 1.898679 0.999030 
0.604000 154.800003 1.898679 0.999030 
0.604000 155.699997 1.898679 0.999030 
0.604000 156.599991 1.898679 0.999030 
0.604000 157.500000 1.898679 0.999030 
0.604000 158.399994 1.898679 0.999030 
0.604000 159.300003 1.898679 0.999030 
0.604000 160.199997 1.898679 0.999030 
0.604000 161.099991 1.898679 0.999030 
0.604000 162.000000 1.898679 0.999030 
0.604000 162.899994 1.898679 0.999030 
0.604000 163.800003 1.898679 0.999030 
0.604000 164.699997 1.898679 0.999030 
0.604000 165.599991 1.898679 0.999030 
0.604000 166.500000 1.898679 0.999030 
0.604000 167.399994 1.898679 0.999030 
0.604000 168.300003 1.898679 0.999030 
0.604000 169.199997 1.898679 0.999030 
0.604000 170.099991 1.898679 0.999030 
0.604000 171.000000 1.898679 0.999030 
0.604000 171.899994 1.898679 0.999030 
0.604000 172.799988 1.898679 0.999030 
0.604000 173.699997 1.898679 0.999030 
0.604000 174.599991 1.898679 0.999030 
0.604000 175.500000 1.898679 0.999030 
0.604000 176.399994 1.898679 0.999030 
0.604000 177.299988 1.898679 0.999030 
0.604000 178.199997 1.898679 0.999030 
0.604000 179.099991 1.898679 0.999030 
0.604000 180.000000 1.898679 0.999030 
0.604000 180.899994 1.898679 0.999030 
0.604000 181.799988 1.898679 0.999030 
0.604000 182.699997 1.898679 0.999030 
0.604000 183.599991 1.898679 0.999030 
0.604000 184.500000 1.898679 0.999030 
0.604000 185.399994 1.898679 0.999030 
0.604000 186.299988 1.898679 0.999030 
0.604000 187.199997 1.898679 0.999030 
0.604000 188.099991 1.898679 0.999030 
0.604000 189.000000 1.898679 0.999030 
0.604000 189.899994 1.898679 0.999030 
0.604000 190.799988 1.898679 0.999030 
0.604000 191.699997 1.898679 0.999030 
0.604000 192.599991 1.898679 0.999030 
0.604000 193.500000 1.898679 0.999030 
0.604000 194.399994 1.898679 0.999030 
0.604000 195.299988 1.898679 0.999030 
0.604000 196.199997 1.898679 0.999030 
0.604000 197.099991 1.898679 0.999030 
0.604000 198.000000 1.898679 0.999030 
0.604000 198.899994 1.898679 0.999030 
0.604000 199.799988 1.898679 0.999030 
0.604000 200.699997 1.898679 0.999030 
0.604000 201.599991 1.898679 0.999030 
0.604000 202.500000 1.898679 0.999030 
0.604000 203.399994 1.898679 0.999030 
0.604000 204.299988 1.898679 0.999030 
0.604000 205.199997 1.898679 0.999030 
0.604000 206.099991 1.898679 0.999030 
0.604000 207.000000 1.898679 0.999030 
0.604000 207.899994 1.898679 0.999030 
0.604000 208.799988 1.898679 0.999030 
0.604000 209.699997 1.898679 0.999030 
0.604000 210.599991 1.898679 0.999030 
0.604000 211.500000 1.898679 0.999030 
0.604000 212.399994 1.898679 0.999030 
0.604000 213.299988 1.898679 0.999030 
0.604000 214.199997 1.898679 0.999030 
0.604000 215.099991 1.898679 0.999030 
0.604000 216.000000 1.898679 0.999030 
0.604000 216.899994 1.898679 0.999030 
0.604000 217.799988 1.898679 0.999030 
0.604000 218.699997 1.898679 0.999030 
0.604000 219.599991 1.898679 0.999030 
0.604000 220.500000 1.898679 0.999030 
0.604000 221.399994 1.898679 0.999030 
0.604000 222.299988 1.898679 0.999030 
0.604000 223.199997 1.898679 0.999030 
0.604000 224.099991 1.898679 0.999030 
0.604000 225.000000 1.898679 0.999031 
0.604000 225.899994 1.898679 0.999031 
0.604000 226.799988 1.898679 0.999031 
0.604000 227.699997 1.898678 0.999031 
0.604000 228.599991 1.898673 0.999032 
0.604000 229.500000 1.898648 0.999032 
