0.814000 0.000000 1.816984 0.899026 
0.814000 0.900000 1.816936 0.899026 
0.814000 1.800000 1.816957 0.899026 
0.814000 2.700000 1.816965 0.899026 
0.814000 3.600000 1.816971 0.899026 
0.814000 4.500000 1.816974 0.899026 
0.814000 5.400000 1.816976 0.899026 
0.814000 6.300000 1.816978 0.899026 
0.814000 7.200000 1.816979 0.899026 
0.814000 8.099999 1.816979 0.899026 
0.814000 9.000000 1.816979 0.899026 
0.814000 9.900000 1.816980 0.899026 
0.814000 10.799999 1.816980 0.899025 
0.814000 11.700000 1.816980 0.899025 
0.814000 12.599999 1.816980 0.899025 
0.814000 13.500000 1.816980 0.899025 
0.814000 14.400000 1.816980 0.899025 
0.814000 15.299999 1.816980 0.899025 
0.814000 16.199999 1.816980 0.899025 
0.814000 17.100000 1.816980 0.899025 
0.814000 18.000000 1.816980 0.899025 
0.814000 18.900000 1.816980 0.899025 
0.814000 19.799999 1.816980 0.899025 
0.814000 20.699999 1.816980 0.899025 
0.814000 21.599998 1.816980 0.899025 
0.814000 22.500000 1.816980 0.899025 
0.814000 23.400000 1.816980 0.899025 
0.814000 24.299999 1.816980 0.899025 
0.814000 25.199999 1.816980 0.899025 
0.814000 26.099998 1.816980 0.899025 
0.814000 27.000000 1.816980 0.899025 
0.814000 27.900000 1.816980 0.899025 
0.814000 28.799999 1.816980 0.899025 
0.814000 29.699999 1.816980 0.899025 
0.814000 30.599998 1.816980 0.899025 
0.814000 31.500000 1.816980 0.899025 
0.814000 32.399998 1.816980 0.899025 
0.814000 33.299999 1.816980 0.899025 
0.814000 34.200001 1.816980 0.899025 
0.814000 35.099998 1.816980 0.899025 
0.814000 36.000000 1.816980 0.899025 
0.814000 36.899998 1.816980 0.899025 
0.814000 37.799999 1.816980 0.899025 
0.814000 38.700001 1.816980 0.899025 
0.814000 39.599998 1.816980 0.899025 
0.814000 40.500000 1.816980 0.899025 
0.814000 41.399998 1.816980 0.899025 
0.814000 42.299999 1.816980 0.899025 
0.814000 43.199997 1.816980 0.899025 
0.814000 44.099998 1.816980 0.899025 
0.814000 45.000000 1.816980 0.899025 
0.814000 45.899998 1.816980 0.899025 
0.814000 46.799999 1.816980 0.899025 
0.814000 47.699997 1.816980 0.899025 
0.814000 48.599998 1.816980 0.899025 
0.814000 49.500000 1.816980 0.899025 
0.814000 50.399998 1.816980 0.899025 
0.814000 51.299999 1.816980 0.899025 
0.814000 52.199997 1.816980 0.899025 
0.814000 53.099998 1.816980 0.899025 
0.814000 54.000000 1.816980 0.899025 
0.814000 54.899998 1.816980 0.899025 
0.814000 55.799999 1.816980 0.899025 
0.814000 56.699997 1.816980 0.899025 
0.814000 57.599998 1.816980 0.899025 
0.814000 58.500000 1.816980 0.899025 
0.814000 59.399998 1.816980 0.899025 
0.814000 60.299999 1.816980 0.899025 
0.814000 61.199997 1.816980 0.899025 
0.814000 62.099998 1.816980 0.899025 
0.814000 63.000000 1.816980 0.899025 
0.814000 63.899998 1.816980 0.899025 
0.814000 64.799995 1.816980 0.899025 
0.814000 65.699997 1.816980 0.899025 
0.814000 66.599998 1.816980 0.899025 
0.814000 67.500000 1.816980 0.899025 
0.814000 68.400002 1.816980 0.899025 
0.814000 69.299995 1.816980 0.899025 
0.814000 70.199997 1.816980 0.899025 
0.814000 71.099998 1.816980 0.899025 
0.814000 72.000000 1.816980 0.899025 
0.814000 72.900002 1.816980 0.899025 
0.814000 73.799995 1.816980 0.899025 
0.814000 74.699997 1.816980 0.899025 
0.814000 75.599998 1.816980 0.899025 
0.814000 76.500000 1.816980 0.899025 
0.814000 77.400002 1.816980 0.899025 
0.814000 78.299995 1.816980 0.899025 
0.814000 79.199997 1.816980 0.899025 
0.814000 80.099998 1.816980 0.899025 
0.814000 81.000000 1.816980 0.899025 
0.814000 81.900002 1.816980 0.899025 
0.814000 82.799995 1.816980 0.899025 
0.814000 83.699997 1.816980 0.899025 
0.814000 84.599998 1.816980 0.899025 
0.814000 85.500000 1.816980 0.899025 
0.814000 86.399994 1.816980 0.899025 
0.814000 87.299995 1.816980 0.899025 
0.814000 88.199997 1.816980 0.899025 
0.814000 89.099998 1.816980 0.899025 
0.814000 90.000000 1.816980 0.899025 
0.814000 90.899994 1.816980 0.899025 
0.814000 91.799995 1.816980 0.899025 
0.814000 92.699997 1.816980 0.899025 
0.814000 93.599998 1.816980 0.899025 
0.814000 94.500000 1.816980 0.899025 
0.814000 95.399994 1.816980 0.899025 
0.814000 96.299995 1.816980 0.899025 
0.814000 97.199997 1.816980 0.899025 
0.814000 98.099998 1.816980 0.899025 
0.814000 99.000000 1.816980 0.899025 
0.814000 99.899994 1.816980 0.899025 
0.814000 100.799995 1.816980 0.899025 
0.814000 101.699997 1.816980 0.899025 
0.814000 102.599998 1.816980 0.899025 
0.814000 103.500000 1.816980 0.899025 
0.814000 104.399994 1.816980 0.899025 
0.814000 105.299995 1.816980 0.899025 
0.814000 106.199997 1.816980 0.899025 
0.814000 107.099998 1.816980 0.899025 
0.814000 108.000000 1.816980 0.899025 
0.814000 108.899994 1.816980 0.899025 
0.814000 109.799995 1.816980 0.899025 
0.814000 110.699997 1.816980 0.899025 
0.814000 111.599998 1.816980 0.899025 
0.814000 112.500000 1.816980 0.899025 
0.814000 113.399994 1.816980 0.899025 
0.814000 114.299995 1.816980 0.899025 
0.814000 115.199997 1.816980 0.899025 
0.814000 116.099998 1.816980 0.899025 
0.814000 117.000000 1.816980 0.899025 
0.814000 117.899994 1.816980 0.899025 
0.814000 118.799995 1.816980 0.899025 
0.814000 119.699997 1.816980 0.899025 
0.814000 120.599998 1.816980 0.899025 
0.814000 121.500000 1.816980 0.899025 
0.814000 122.399994 1.816980 0.899025 
0.814000 123.299995 1.816980 0.899025 
0.814000 124.199997 1.816980 0.899025 
0.814000 125.099998 1.816980 0.899025 
0.814000 126.000000 1.816980 0.899025 
0.814000 126.899994 1.816980 0.899025 
0.814000 127.799995 1.816980 0.899025 
0.814000 128.699997 1.816980 0.899025 
0.814000 129.599991 1.816980 0.899025 
0.814000 130.500000 1.816980 0.899025 
0.814000 131.399994 1.816980 0.899025 
0.814000 132.300003 1.816980 0.899025 
0.814000 133.199997 1.816980 0.899025 
0.814000 134.099991 1.816980 0.899025 
0.814000 135.000000 1.816980 0.899025 
0.814000 135.899994 1.816980 0.899025 
0.814000 136.800003 1.816980 0.899025 
0.814000 137.699997 1.816980 0.899025 
0.814000 138.599991 1.816980 0.899025 
0.814000 139.500000 1.816980 0.899025 
0.814000 140.399994 1.816980 0.899025 
0.814000 141.300003 1.816980 0.899025 
0.814000 142.199997 1.816980 0.899025 
0.814000 143.099991 1.816980 0.899025 
0.814000 144.000000 1.816980 0.899025 
0.814000 144.899994 1.816980 0.899025 
0.814000 145.800003 1.816980 0.899025 
0.814000 146.699997 1.816980 0.899025 
0.814000 147.599991 1.816980 0.899025 
0.814000 148.500000 1.816980 0.899025 
0.814000 149.399994 1.816980 0.899025 
0.814000 150.300003 1.816980 0.899025 
0.814000 151.199997 1.816980 0.899025 
0.814000 152.099991 1.816980 0.899025 
0.814000 153.000000 1.816980 0.899025 
0.814000 153.899994 1.816980 0.899025 
0.814000 154.800003 1.816980 0.899025 
0.814000 155.699997 1.816980 0.899025 
0.814000 156.599991 1.816980 0.899025 
0.814000 157.500000 1.816980 0.899025 
0.814000 158.399994 1.816980 0.899025 
0.814000 159.300003 1.816980 0.899025 
0.814000 160.199997 1.816980 0.899025 
0.814000 161.099991 1.816980 0.899025 
0.814000 162.000000 1.816980 0.899025 
0.814000 162.899994 1.816980 0.899025 
0.814000 163.800003 1.816980 0.899025 
0.814000 164.699997 1.816980 0.899025 
0.814000 165.599991 1.816980 0.899025 
0.814000 166.500000 1.816980 0.899025 
0.814000 167.399994 1.816980 0.899025 
0.814000 168.300003 1.816980 0.899025 
0.814000 169.199997 1.816980 0.899025 
0.814000 170.099991 1.816980 0.899025 
0.814000 171.000000 1.816980 0.899025 
0.814000 171.899994 1.816980 0.899025 
0.814000 172.799988 1.816980 0.899025 
0.814000 173.699997 1.816980 0.899025 
0.814000 174.599991 1.816980 0.899025 
0.814000 175.500000 1.816980 0.899025 
0.814000 176.399994 1.816980 0.899025 
0.814000 177.299988 1.816980 0.899025 
0.814000 178.199997 1.816980 0.899025 
0.814000 179.099991 1.816980 0.899025 
0.814000 180.000000 1.816980 0.899025 
0.814000 180.899994 1.816980 0.899025 
0.814000 181.799988 1.816980 0.899025 
0.814000 182.699997 1.816980 0.899025 
0.814000 183.599991 1.816980 0.899025 
0.814000 184.500000 1.816980 0.899025 
0.814000 185.399994 1.816980 0.899025 
0.814000 186.299988 1.816980 0.899025 
0.814000 187.199997 1.816980 0.899025 
0.814000 188.099991 1.816980 0.899025 
0.814000 189.000000 1.816980 0.899025 
0.814000 189.899994 1.816980 0.899025 
0.814000 190.799988 1.816980 0.899025 
0.814000 191.699997 1.816980 0.899025 
0.814000 192.599991 1.816980 0.899025 
0.814000 193.500000 1.816980 0.899025 
0.814000 194.399994 1.816980 0.899025 
0.814000 195.299988 1.816980 0.899025 
0.814000 196.199997 1.816980 0.899025 
0.814000 197.099991 1.816980 0.899025 
0.814000 198.000000 1.816980 0.899025 
0.814000 198.899994 1.816980 0.899025 
0.814000 199.799988 1.816980 0.899025 
0.814000 200.699997 1.816980 0.899025 
0.814000 201.599991 1.816980 0.899025 
0.814000 202.500000 1.816980 0.899025 
0.814000 203.399994 1.816980 0.899025 
0.814000 204.299988 1.816980 0.899025 
0.814000 205.199997 1.816980 0.899025 
0.814000 206.099991 1.816980 0.899025 
0.814000 207.000000 1.816980 0.899025 
0.814000 207.899994 1.816980 0.899025 
0.814000 208.799988 1.816980 0.899025 
0.814000 209.699997 1.816980 0.899025 
0.814000 210.599991 1.816980 0.899025 
0.814000 211.500000 1.816980 0.899025 
0.814000 212.399994 1.816980 0.899025 
0.814000 213.299988 1.816980 0.899025 
0.814000 214.199997 1.816980 0.899025 
0.814000 215.099991 1.816980 0.899025 
0.814000 216.000000 1.816980 0.899025 
0.814000 216.899994 1.816980 0.899025 
0.814000 217.799988 1.816980 0.899025 
0.814000 218.699997 1.816980 0.899025 
0.814000 219.599991 1.816980 0.899025 
0.814000 220.500000 1.816980 0.899026 
0.814000 221.399994 1.816980 0.899026 
0.814000 222.299988 1.816980 0.899026 
0.814000 223.199997 1.816980 0.899026 
0.814000 224.099991 1.816980 0.899026 
0.814000 225.000000 1.816980 0.899026 
0.814000 225.899994 1.816980 0.899026 
0.814000 226.799988 1.816980 0.899026 
0.814000 227.699997 1.816979 0.899026 
0.814000 228.599991 1.816970 0.899027 
0.814000 229.500000 1.816940 0.899027 
