0.478000 0.000000 1.891415 1.119622 
0.478000 0.900000 1.891379 1.119623 
0.478000 1.800000 1.891395 1.119622 
0.478000 2.700000 1.891398 1.119623 
0.478000 3.600000 1.891402 1.119624 
0.478000 4.500000 1.891404 1.119624 
0.478000 5.400000 1.891405 1.119624 
0.478000 6.300000 1.891405 1.119624 
0.478000 7.200000 1.891406 1.119624 
0.478000 8.099999 1.891406 1.119624 
0.478000 9.000000 1.891406 1.119624 
0.478000 9.900000 1.891406 1.119624 
0.478000 10.799999 1.891407 1.119624 
0.478000 11.700000 1.891407 1.119624 
0.478000 12.599999 1.891407 1.119624 
0.478000 13.500000 1.891407 1.119624 
0.478000 14.400000 1.891407 1.119625 
0.478000 15.299999 1.891407 1.119625 
0.478000 16.199999 1.891407 1.119625 
0.478000 17.100000 1.891407 1.119625 
0.478000 18.000000 1.891407 1.119625 
0.478000 18.900000 1.891407 1.119625 
0.478000 19.799999 1.891407 1.119625 
0.478000 20.699999 1.891407 1.119625 
0.478000 21.599998 1.891407 1.119625 
0.478000 22.500000 1.891407 1.119625 
0.478000 23.400000 1.891407 1.119625 
0.478000 24.299999 1.891407 1.119625 
0.478000 25.199999 1.891407 1.119625 
0.478000 26.099998 1.891407 1.119625 
0.478000 27.000000 1.891407 1.119625 
0.478000 27.900000 1.891407 1.119625 
0.478000 28.799999 1.891407 1.119625 
0.478000 29.699999 1.891407 1.119625 
0.478000 30.599998 1.891407 1.119625 
0.478000 31.500000 1.891407 1.119625 
0.478000 32.399998 1.891407 1.119625 
0.478000 33.299999 1.891407 1.119625 
0.478000 34.200001 1.891407 1.119625 
0.478000 35.099998 1.891407 1.119625 
0.478000 36.000000 1.891407 1.119625 
0.478000 36.899998 1.891407 1.119625 
0.478000 37.799999 1.891407 1.119625 
0.478000 38.700001 1.891407 1.119625 
0.478000 39.599998 1.891407 1.119625 
0.478000 40.500000 1.891407 1.119625 
0.478000 41.399998 1.891407 1.119625 
0.478000 42.299999 1.891407 1.119625 
0.478000 43.199997 1.891407 1.119625 
0.478000 44.099998 1.891407 1.119625 
0.478000 45.000000 1.891407 1.119625 
0.478000 45.899998 1.891407 1.119625 
0.478000 46.799999 1.891407 1.119625 
0.478000 47.699997 1.891407 1.119625 
0.478000 48.599998 1.891407 1.119625 
0.478000 49.500000 1.891407 1.119625 
0.478000 50.399998 1.891407 1.119625 
0.478000 51.299999 1.891407 1.119625 
0.478000 52.199997 1.891407 1.119625 
0.478000 53.099998 1.891407 1.119625 
0.478000 54.000000 1.891407 1.119625 
0.478000 54.899998 1.891407 1.119625 
0.478000 55.799999 1.891407 1.119625 
0.478000 56.699997 1.891407 1.119625 
0.478000 57.599998 1.891407 1.119625 
0.478000 58.500000 1.891407 1.119625 
0.478000 59.399998 1.891407 1.119625 
0.478000 60.299999 1.891407 1.119625 
0.478000 61.199997 1.891407 1.119625 
0.478000 62.099998 1.891407 1.119625 
0.478000 63.000000 1.891407 1.119625 
0.478000 63.899998 1.891407 1.119625 
0.478000 64.799995 1.891407 1.119625 
0.478000 65.699997 1.891407 1.119625 
0.478000 66.599998 1.891407 1.119625 
0.478000 67.500000 1.891407 1.119625 
0.478000 68.400002 1.891407 1.119625 
0.478000 69.299995 1.891407 1.119625 
0.478000 70.199997 1.891407 1.119625 
0.478000 71.099998 1.891407 1.119625 
0.478000 72.000000 1.891407 1.119625 
0.478000 72.900002 1.891407 1.119625 
0.478000 73.799995 1.891407 1.119625 
0.478000 74.699997 1.891407 1.119625 
0.478000 75.599998 1.891407 1.119625 
0.478000 76.500000 1.891407 1.119625 
0.478000 77.400002 1.891407 1.119625 
0.478000 78.299995 1.891407 1.119625 
0.478000 79.199997 1.891407 1.119625 
0.478000 80.099998 1.891407 1.119625 
0.478000 81.000000 1.891407 1.119625 
0.478000 81.900002 1.891407 1.119625 
0.478000 82.799995 1.891407 1.119625 
0.478000 83.699997 1.891407 1.119625 
0.478000 84.599998 1.891407 1.119625 
0.478000 85.500000 1.891407 1.119625 
0.478000 86.399994 1.891407 1.119625 
0.478000 87.299995 1.891407 1.119625 
0.478000 88.199997 1.891407 1.119625 
0.478000 89.099998 1.891407 1.119625 
0.478000 90.000000 1.891407 1.119625 
0.478000 90.899994 1.891407 1.119625 
0.478000 91.799995 1.891407 1.119625 
0.478000 92.699997 1.891407 1.119625 
0.478000 93.599998 1.891407 1.119625 
0.478000 94.500000 1.891407 1.119625 
0.478000 95.399994 1.891407 1.119625 
0.478000 96.299995 1.891407 1.119625 
0.478000 97.199997 1.891407 1.119625 
0.478000 98.099998 1.891407 1.119625 
0.478000 99.000000 1.891407 1.119625 
0.478000 99.899994 1.891407 1.119625 
0.478000 100.799995 1.891407 1.119625 
0.478000 101.699997 1.891407 1.119625 
0.478000 102.599998 1.891407 1.119625 
0.478000 103.500000 1.891407 1.119625 
0.478000 104.399994 1.891407 1.119625 
0.478000 105.299995 1.891407 1.119625 
0.478000 106.199997 1.891407 1.119625 
0.478000 107.099998 1.891407 1.119625 
0.478000 108.000000 1.891407 1.119625 
0.478000 108.899994 1.891407 1.119625 
0.478000 109.799995 1.891407 1.119625 
0.478000 110.699997 1.891407 1.119625 
0.478000 111.599998 1.891407 1.119625 
0.478000 112.500000 1.891407 1.119625 
0.478000 113.399994 1.891407 1.119625 
0.478000 114.299995 1.891407 1.119625 
0.478000 115.199997 1.891407 1.119625 
0.478000 116.099998 1.891407 1.119625 
0.478000 117.000000 1.891407 1.119625 
0.478000 117.899994 1.891407 1.119625 
0.478000 118.799995 1.891407 1.119625 
0.478000 119.699997 1.891407 1.119625 
0.478000 120.599998 1.891407 1.119625 
0.478000 121.500000 1.891407 1.119625 
0.478000 122.399994 1.891407 1.119625 
0.478000 123.299995 1.891407 1.119625 
0.478000 124.199997 1.891407 1.119625 
0.478000 125.099998 1.891407 1.119625 
0.478000 126.000000 1.891407 1.119625 
0.478000 126.899994 1.891407 1.119625 
0.478000 127.799995 1.891407 1.119625 
0.478000 128.699997 1.891407 1.119625 
0.478000 129.599991 1.891407 1.119625 
0.478000 130.500000 1.891407 1.119625 
0.478000 131.399994 1.891407 1.119625 
0.478000 132.300003 1.891407 1.119625 
0.478000 133.199997 1.891407 1.119625 
0.478000 134.099991 1.891407 1.119625 
0.478000 135.000000 1.891407 1.119625 
0.478000 135.899994 1.891407 1.119625 
0.478000 136.800003 1.891407 1.119625 
0.478000 137.699997 1.891407 1.119625 
0.478000 138.599991 1.891407 1.119625 
0.478000 139.500000 1.891407 1.119625 
0.478000 140.399994 1.891407 1.119625 
0.478000 141.300003 1.891407 1.119625 
0.478000 142.199997 1.891407 1.119625 
0.478000 143.099991 1.891407 1.119625 
0.478000 144.000000 1.891407 1.119625 
0.478000 144.899994 1.891407 1.119625 
0.478000 145.800003 1.891407 1.119625 
0.478000 146.699997 1.891407 1.119625 
0.478000 147.599991 1.891407 1.119625 
0.478000 148.500000 1.891407 1.119625 
0.478000 149.399994 1.891407 1.119625 
0.478000 150.300003 1.891407 1.119625 
0.478000 151.199997 1.891407 1.119625 
0.478000 152.099991 1.891407 1.119625 
0.478000 153.000000 1.891407 1.119625 
0.478000 153.899994 1.891407 1.119625 
0.478000 154.800003 1.891407 1.119625 
0.478000 155.699997 1.891407 1.119625 
0.478000 156.599991 1.891407 1.119625 
0.478000 157.500000 1.891407 1.119625 
0.478000 158.399994 1.891407 1.119625 
0.478000 159.300003 1.891407 1.119625 
0.478000 160.199997 1.891407 1.119625 
0.478000 161.099991 1.891407 1.119625 
0.478000 162.000000 1.891407 1.119625 
0.478000 162.899994 1.891407 1.119625 
0.478000 163.800003 1.891407 1.119625 
0.478000 164.699997 1.891407 1.119625 
0.478000 165.599991 1.891407 1.119625 
0.478000 166.500000 1.891407 1.119625 
0.478000 167.399994 1.891407 1.119625 
0.478000 168.300003 1.891407 1.119625 
0.478000 169.199997 1.891407 1.119625 
0.478000 170.099991 1.891407 1.119625 
0.478000 171.000000 1.891407 1.119625 
0.478000 171.899994 1.891407 1.119625 
0.478000 172.799988 1.891407 1.119625 
0.478000 173.699997 1.891407 1.119625 
0.478000 174.599991 1.891407 1.119625 
0.478000 175.500000 1.891407 1.119625 
0.478000 176.399994 1.891407 1.119625 
0.478000 177.299988 1.891407 1.119625 
0.478000 178.199997 1.891407 1.119625 
0.478000 179.099991 1.891407 1.119625 
0.478000 180.000000 1.891407 1.119625 
0.478000 180.899994 1.891407 1.119625 
0.478000 181.799988 1.891407 1.119625 
0.478000 182.699997 1.891407 1.119625 
0.478000 183.599991 1.891407 1.119625 
0.478000 184.500000 1.891407 1.119625 
0.478000 185.399994 1.891407 1.119625 
0.478000 186.299988 1.891407 1.119625 
0.478000 187.199997 1.891407 1.119625 
0.478000 188.099991 1.891407 1.119625 
0.478000 189.000000 1.891407 1.119625 
0.478000 189.899994 1.891407 1.119625 
0.478000 190.799988 1.891407 1.119625 
0.478000 191.699997 1.891407 1.119625 
0.478000 192.599991 1.891407 1.119625 
0.478000 193.500000 1.891407 1.119625 
0.478000 194.399994 1.891407 1.119625 
0.478000 195.299988 1.891407 1.119625 
0.478000 196.199997 1.891407 1.119625 
0.478000 197.099991 1.891407 1.119625 
0.478000 198.000000 1.891407 1.119625 
0.478000 198.899994 1.891407 1.119625 
0.478000 199.799988 1.891407 1.119625 
0.478000 200.699997 1.891407 1.119625 
0.478000 201.599991 1.891407 1.119625 
0.478000 202.500000 1.891407 1.119625 
0.478000 203.399994 1.891407 1.119625 
0.478000 204.299988 1.891407 1.119625 
0.478000 205.199997 1.891407 1.119625 
0.478000 206.099991 1.891407 1.119625 
0.478000 207.000000 1.891407 1.119625 
0.478000 207.899994 1.891407 1.119625 
0.478000 208.799988 1.891407 1.119625 
0.478000 209.699997 1.891407 1.119625 
0.478000 210.599991 1.891407 1.119625 
0.478000 211.500000 1.891407 1.119625 
0.478000 212.399994 1.891407 1.119625 
0.478000 213.299988 1.891407 1.119625 
0.478000 214.199997 1.891407 1.119625 
0.478000 215.099991 1.891407 1.119625 
0.478000 216.000000 1.891407 1.119625 
0.478000 216.899994 1.891407 1.119625 
0.478000 217.799988 1.891407 1.119625 
0.478000 218.699997 1.891407 1.119625 
0.478000 219.599991 1.891407 1.119625 
0.478000 220.500000 1.891407 1.119625 
0.478000 221.399994 1.891407 1.119625 
0.478000 222.299988 1.891407 1.119625 
0.478000 223.199997 1.891407 1.119625 
0.478000 224.099991 1.891407 1.119625 
0.478000 225.000000 1.891407 1.119625 
0.478000 225.899994 1.891407 1.119625 
0.478000 226.799988 1.891407 1.119625 
0.478000 227.699997 1.891406 1.119625 
0.478000 228.599991 1.891403 1.119625 
0.478000 229.500000 1.891384 1.119625 
