0.779000 0.000000 1.836273 0.908673 
0.779000 0.900000 1.836225 0.908673 
0.779000 1.800000 1.836245 0.908673 
0.779000 2.700000 1.836253 0.908673 
0.779000 3.600000 1.836259 0.908673 
0.779000 4.500000 1.836262 0.908673 
0.779000 5.400000 1.836263 0.908673 
0.779000 6.300000 1.836265 0.908673 
0.779000 7.200000 1.836266 0.908673 
0.779000 8.099999 1.836267 0.908673 
0.779000 9.000000 1.836267 0.908672 
0.779000 9.900000 1.836267 0.908672 
0.779000 10.799999 1.836267 0.908672 
0.779000 11.700000 1.836267 0.908672 
0.779000 12.599999 1.836267 0.908672 
0.779000 13.500000 1.836267 0.908672 
0.779000 14.400000 1.836267 0.908672 
0.779000 15.299999 1.836267 0.908672 
0.779000 16.199999 1.836267 0.908672 
0.779000 17.100000 1.836267 0.908672 
0.779000 18.000000 1.836267 0.908672 
0.779000 18.900000 1.836267 0.908672 
0.779000 19.799999 1.836267 0.908672 
0.779000 20.699999 1.836267 0.908672 
0.779000 21.599998 1.836267 0.908672 
0.779000 22.500000 1.836267 0.908672 
0.779000 23.400000 1.836267 0.908672 
0.779000 24.299999 1.836267 0.908672 
0.779000 25.199999 1.836267 0.908672 
0.779000 26.099998 1.836267 0.908672 
0.779000 27.000000 1.836267 0.908672 
0.779000 27.900000 1.836267 0.908672 
0.779000 28.799999 1.836267 0.908672 
0.779000 29.699999 1.836267 0.908672 
0.779000 30.599998 1.836267 0.908672 
0.779000 31.500000 1.836267 0.908672 
0.779000 32.399998 1.836267 0.908672 
0.779000 33.299999 1.836267 0.908672 
0.779000 34.200001 1.836267 0.908672 
0.779000 35.099998 1.836267 0.908672 
0.779000 36.000000 1.836267 0.908672 
0.779000 36.899998 1.836267 0.908672 
0.779000 37.799999 1.836267 0.908672 
0.779000 38.700001 1.836267 0.908672 
0.779000 39.599998 1.836267 0.908672 
0.779000 40.500000 1.836267 0.908672 
0.779000 41.399998 1.836267 0.908672 
0.779000 42.299999 1.836267 0.908672 
0.779000 43.199997 1.836267 0.908672 
0.779000 44.099998 1.836267 0.908672 
0.779000 45.000000 1.836267 0.908672 
0.779000 45.899998 1.836267 0.908672 
0.779000 46.799999 1.836267 0.908672 
0.779000 47.699997 1.836267 0.908672 
0.779000 48.599998 1.836267 0.908672 
0.779000 49.500000 1.836267 0.908672 
0.779000 50.399998 1.836267 0.908672 
0.779000 51.299999 1.836267 0.908672 
0.779000 52.199997 1.836267 0.908672 
0.779000 53.099998 1.836267 0.908672 
0.779000 54.000000 1.836267 0.908672 
0.779000 54.899998 1.836267 0.908672 
0.779000 55.799999 1.836267 0.908672 
0.779000 56.699997 1.836267 0.908672 
0.779000 57.599998 1.836267 0.908672 
0.779000 58.500000 1.836267 0.908672 
0.779000 59.399998 1.836267 0.908672 
0.779000 60.299999 1.836267 0.908672 
0.779000 61.199997 1.836267 0.908672 
0.779000 62.099998 1.836267 0.908672 
0.779000 63.000000 1.836267 0.908672 
0.779000 63.899998 1.836267 0.908672 
0.779000 64.799995 1.836267 0.908672 
0.779000 65.699997 1.836267 0.908672 
0.779000 66.599998 1.836267 0.908672 
0.779000 67.500000 1.836267 0.908672 
0.779000 68.400002 1.836267 0.908672 
0.779000 69.299995 1.836267 0.908672 
0.779000 70.199997 1.836267 0.908672 
0.779000 71.099998 1.836267 0.908672 
0.779000 72.000000 1.836267 0.908672 
0.779000 72.900002 1.836267 0.908672 
0.779000 73.799995 1.836267 0.908672 
0.779000 74.699997 1.836267 0.908672 
0.779000 75.599998 1.836267 0.908672 
0.779000 76.500000 1.836267 0.908672 
0.779000 77.400002 1.836267 0.908672 
0.779000 78.299995 1.836267 0.908672 
0.779000 79.199997 1.836267 0.908672 
0.779000 80.099998 1.836267 0.908672 
0.779000 81.000000 1.836267 0.908672 
0.779000 81.900002 1.836267 0.908672 
0.779000 82.799995 1.836267 0.908672 
0.779000 83.699997 1.836267 0.908672 
0.779000 84.599998 1.836267 0.908672 
0.779000 85.500000 1.836267 0.908672 
0.779000 86.399994 1.836267 0.908672 
0.779000 87.299995 1.836267 0.908672 
0.779000 88.199997 1.836267 0.908672 
0.779000 89.099998 1.836267 0.908672 
0.779000 90.000000 1.836267 0.908672 
0.779000 90.899994 1.836267 0.908672 
0.779000 91.799995 1.836267 0.908672 
0.779000 92.699997 1.836267 0.908672 
0.779000 93.599998 1.836267 0.908672 
0.779000 94.500000 1.836267 0.908672 
0.779000 95.399994 1.836267 0.908672 
0.779000 96.299995 1.836267 0.908672 
0.779000 97.199997 1.836267 0.908672 
0.779000 98.099998 1.836267 0.908672 
0.779000 99.000000 1.836267 0.908672 
0.779000 99.899994 1.836267 0.908672 
0.779000 100.799995 1.836267 0.908672 
0.779000 101.699997 1.836267 0.908672 
0.779000 102.599998 1.836267 0.908672 
0.779000 103.500000 1.836267 0.908672 
0.779000 104.399994 1.836267 0.908672 
0.779000 105.299995 1.836267 0.908672 
0.779000 106.199997 1.836267 0.908672 
0.779000 107.099998 1.836267 0.908672 
0.779000 108.000000 1.836267 0.908672 
0.779000 108.899994 1.836267 0.908672 
0.779000 109.799995 1.836267 0.908672 
0.779000 110.699997 1.836267 0.908672 
0.779000 111.599998 1.836267 0.908672 
0.779000 112.500000 1.836267 0.908672 
0.779000 113.399994 1.836267 0.908672 
0.779000 114.299995 1.836267 0.908672 
0.779000 115.199997 1.836267 0.908672 
0.779000 116.099998 1.836267 0.908672 
0.779000 117.000000 1.836267 0.908672 
0.779000 117.899994 1.836267 0.908672 
0.779000 118.799995 1.836267 0.908672 
0.779000 119.699997 1.836267 0.908672 
0.779000 120.599998 1.836267 0.908672 
0.779000 121.500000 1.836267 0.908672 
0.779000 122.399994 1.836267 0.908672 
0.779000 123.299995 1.836267 0.908672 
0.779000 124.199997 1.836267 0.908672 
0.779000 125.099998 1.836267 0.908672 
0.779000 126.000000 1.836267 0.908672 
0.779000 126.899994 1.836267 0.908672 
0.779000 127.799995 1.836267 0.908672 
0.779000 128.699997 1.836267 0.908672 
0.779000 129.599991 1.836267 0.908672 
0.779000 130.500000 1.836267 0.908672 
0.779000 131.399994 1.836267 0.908672 
0.779000 132.300003 1.836267 0.908672 
0.779000 133.199997 1.836267 0.908672 
0.779000 134.099991 1.836267 0.908672 
0.779000 135.000000 1.836267 0.908672 
0.779000 135.899994 1.836267 0.908672 
0.779000 136.800003 1.836267 0.908672 
0.779000 137.699997 1.836267 0.908672 
0.779000 138.599991 1.836267 0.908672 
0.779000 139.500000 1.836267 0.908672 
0.779000 140.399994 1.836267 0.908672 
0.779000 141.300003 1.836267 0.908672 
0.779000 142.199997 1.836267 0.908672 
0.779000 143.099991 1.836267 0.908672 
0.779000 144.000000 1.836267 0.908672 
0.779000 144.899994 1.836267 0.908672 
0.779000 145.800003 1.836267 0.908672 
0.779000 146.699997 1.836267 0.908672 
0.779000 147.599991 1.836267 0.908672 
0.779000 148.500000 1.836267 0.908672 
0.779000 149.399994 1.836267 0.908672 
0.779000 150.300003 1.836267 0.908672 
0.779000 151.199997 1.836267 0.908672 
0.779000 152.099991 1.836267 0.908672 
0.779000 153.000000 1.836267 0.908672 
0.779000 153.899994 1.836267 0.908672 
0.779000 154.800003 1.836267 0.908672 
0.779000 155.699997 1.836267 0.908672 
0.779000 156.599991 1.836267 0.908672 
0.779000 157.500000 1.836267 0.908672 
0.779000 158.399994 1.836267 0.908672 
0.779000 159.300003 1.836267 0.908672 
0.779000 160.199997 1.836267 0.908672 
0.779000 161.099991 1.836267 0.908672 
0.779000 162.000000 1.836267 0.908672 
0.779000 162.899994 1.836267 0.908672 
0.779000 163.800003 1.836267 0.908672 
0.779000 164.699997 1.836267 0.908672 
0.779000 165.599991 1.836267 0.908672 
0.779000 166.500000 1.836267 0.908672 
0.779000 167.399994 1.836267 0.908672 
0.779000 168.300003 1.836267 0.908672 
0.779000 169.199997 1.836267 0.908672 
0.779000 170.099991 1.836267 0.908672 
0.779000 171.000000 1.836267 0.908672 
0.779000 171.899994 1.836267 0.908672 
0.779000 172.799988 1.836267 0.908672 
0.779000 173.699997 1.836267 0.908672 
0.779000 174.599991 1.836267 0.908672 
0.779000 175.500000 1.836267 0.908672 
0.779000 176.399994 1.836267 0.908672 
0.779000 177.299988 1.836267 0.908672 
0.779000 178.199997 1.836267 0.908672 
0.779000 179.099991 1.836267 0.908672 
0.779000 180.000000 1.836267 0.908672 
0.779000 180.899994 1.836267 0.908672 
0.779000 181.799988 1.836267 0.908672 
0.779000 182.699997 1.836267 0.908672 
0.779000 183.599991 1.836267 0.908672 
0.779000 184.500000 1.836267 0.908672 
0.779000 185.399994 1.836267 0.908672 
0.779000 186.299988 1.836267 0.908672 
0.779000 187.199997 1.836267 0.908672 
0.779000 188.099991 1.836267 0.908672 
0.779000 189.000000 1.836267 0.908672 
0.779000 189.899994 1.836267 0.908672 
0.779000 190.799988 1.836267 0.908672 
0.779000 191.699997 1.836267 0.908672 
0.779000 192.599991 1.836267 0.908672 
0.779000 193.500000 1.836267 0.908672 
0.779000 194.399994 1.836267 0.908672 
0.779000 195.299988 1.836267 0.908672 
0.779000 196.199997 1.836267 0.908672 
0.779000 197.099991 1.836267 0.908672 
0.779000 198.000000 1.836267 0.908672 
0.779000 198.899994 1.836267 0.908672 
0.779000 199.799988 1.836267 0.908672 
0.779000 200.699997 1.836267 0.908672 
0.779000 201.599991 1.836267 0.908672 
0.779000 202.500000 1.836267 0.908672 
0.779000 203.399994 1.836267 0.908672 
0.779000 204.299988 1.836267 0.908672 
0.779000 205.199997 1.836267 0.908672 
0.779000 206.099991 1.836267 0.908672 
0.779000 207.000000 1.836267 0.908672 
0.779000 207.899994 1.836267 0.908672 
0.779000 208.799988 1.836267 0.908672 
0.779000 209.699997 1.836267 0.908672 
0.779000 210.599991 1.836267 0.908672 
0.779000 211.500000 1.836267 0.908672 
0.779000 212.399994 1.836267 0.908672 
0.779000 213.299988 1.836267 0.908672 
0.779000 214.199997 1.836267 0.908672 
0.779000 215.099991 1.836267 0.908672 
0.779000 216.000000 1.836267 0.908672 
0.779000 216.899994 1.836267 0.908672 
0.779000 217.799988 1.836267 0.908672 
0.779000 218.699997 1.836267 0.908672 
0.779000 219.599991 1.836267 0.908672 
0.779000 220.500000 1.836267 0.908672 
0.779000 221.399994 1.836267 0.908672 
0.779000 222.299988 1.836267 0.908672 
0.779000 223.199997 1.836268 0.908672 
0.779000 224.099991 1.836268 0.908673 
0.779000 225.000000 1.836268 0.908673 
0.779000 225.899994 1.836268 0.908673 
0.779000 226.799988 1.836268 0.908673 
0.779000 227.699997 1.836267 0.908674 
0.779000 228.599991 1.836258 0.908674 
0.779000 229.500000 1.836229 0.908674 
