0.784000 0.000000 1.833622 0.907149 
0.784000 0.900000 1.833573 0.907150 
0.784000 1.800000 1.833594 0.907150 
0.784000 2.700000 1.833601 0.907150 
0.784000 3.600000 1.833608 0.907150 
0.784000 4.500000 1.833610 0.907150 
0.784000 5.400000 1.833612 0.907150 
0.784000 6.300000 1.833614 0.907150 
0.784000 7.200000 1.833615 0.907149 
0.784000 8.099999 1.833616 0.907149 
0.784000 9.000000 1.833616 0.907149 
0.784000 9.900000 1.833616 0.907149 
0.784000 10.799999 1.833616 0.907149 
0.784000 11.700000 1.833616 0.907149 
0.784000 12.599999 1.833616 0.907149 
0.784000 13.500000 1.833616 0.907149 
0.784000 14.400000 1.833616 0.907149 
0.784000 15.299999 1.833616 0.907149 
0.784000 16.199999 1.833616 0.907149 
0.784000 17.100000 1.833616 0.907149 
0.784000 18.000000 1.833616 0.907149 
0.784000 18.900000 1.833616 0.907149 
0.784000 19.799999 1.833616 0.907149 
0.784000 20.699999 1.833616 0.907149 
0.784000 21.599998 1.833616 0.907149 
0.784000 22.500000 1.833616 0.907149 
0.784000 23.400000 1.833616 0.907149 
0.784000 24.299999 1.833616 0.907149 
0.784000 25.199999 1.833616 0.907149 
0.784000 26.099998 1.833616 0.907149 
0.784000 27.000000 1.833616 0.907149 
0.784000 27.900000 1.833616 0.907149 
0.784000 28.799999 1.833616 0.907149 
0.784000 29.699999 1.833616 0.907149 
0.784000 30.599998 1.833616 0.907149 
0.784000 31.500000 1.833616 0.907149 
0.784000 32.399998 1.833616 0.907149 
0.784000 33.299999 1.833616 0.907149 
0.784000 34.200001 1.833616 0.907149 
0.784000 35.099998 1.833616 0.907149 
0.784000 36.000000 1.833616 0.907149 
0.784000 36.899998 1.833616 0.907149 
0.784000 37.799999 1.833616 0.907149 
0.784000 38.700001 1.833616 0.907149 
0.784000 39.599998 1.833616 0.907149 
0.784000 40.500000 1.833616 0.907149 
0.784000 41.399998 1.833616 0.907149 
0.784000 42.299999 1.833616 0.907149 
0.784000 43.199997 1.833616 0.907149 
0.784000 44.099998 1.833616 0.907149 
0.784000 45.000000 1.833616 0.907149 
0.784000 45.899998 1.833616 0.907149 
0.784000 46.799999 1.833616 0.907149 
0.784000 47.699997 1.833616 0.907149 
0.784000 48.599998 1.833616 0.907149 
0.784000 49.500000 1.833616 0.907149 
0.784000 50.399998 1.833616 0.907149 
0.784000 51.299999 1.833616 0.907149 
0.784000 52.199997 1.833616 0.907149 
0.784000 53.099998 1.833616 0.907149 
0.784000 54.000000 1.833616 0.907149 
0.784000 54.899998 1.833616 0.907149 
0.784000 55.799999 1.833616 0.907149 
0.784000 56.699997 1.833616 0.907149 
0.784000 57.599998 1.833616 0.907149 
0.784000 58.500000 1.833616 0.907149 
0.784000 59.399998 1.833616 0.907149 
0.784000 60.299999 1.833616 0.907149 
0.784000 61.199997 1.833616 0.907149 
0.784000 62.099998 1.833616 0.907149 
0.784000 63.000000 1.833616 0.907149 
0.784000 63.899998 1.833616 0.907149 
0.784000 64.799995 1.833616 0.907149 
0.784000 65.699997 1.833616 0.907149 
0.784000 66.599998 1.833616 0.907149 
0.784000 67.500000 1.833616 0.907149 
0.784000 68.400002 1.833616 0.907149 
0.784000 69.299995 1.833616 0.907149 
0.784000 70.199997 1.833616 0.907149 
0.784000 71.099998 1.833616 0.907149 
0.784000 72.000000 1.833616 0.907149 
0.784000 72.900002 1.833616 0.907149 
0.784000 73.799995 1.833616 0.907149 
0.784000 74.699997 1.833616 0.907149 
0.784000 75.599998 1.833616 0.907149 
0.784000 76.500000 1.833616 0.907149 
0.784000 77.400002 1.833616 0.907149 
0.784000 78.299995 1.833616 0.907149 
0.784000 79.199997 1.833616 0.907149 
0.784000 80.099998 1.833616 0.907149 
0.784000 81.000000 1.833616 0.907149 
0.784000 81.900002 1.833616 0.907149 
0.784000 82.799995 1.833616 0.907149 
0.784000 83.699997 1.833616 0.907149 
0.784000 84.599998 1.833616 0.907149 
0.784000 85.500000 1.833616 0.907149 
0.784000 86.399994 1.833616 0.907149 
0.784000 87.299995 1.833616 0.907149 
0.784000 88.199997 1.833616 0.907149 
0.784000 89.099998 1.833616 0.907149 
0.784000 90.000000 1.833616 0.907149 
0.784000 90.899994 1.833616 0.907149 
0.784000 91.799995 1.833616 0.907149 
0.784000 92.699997 1.833616 0.907149 
0.784000 93.599998 1.833616 0.907149 
0.784000 94.500000 1.833616 0.907149 
0.784000 95.399994 1.833616 0.907149 
0.784000 96.299995 1.833616 0.907149 
0.784000 97.199997 1.833616 0.907149 
0.784000 98.099998 1.833616 0.907149 
0.784000 99.000000 1.833616 0.907149 
0.784000 99.899994 1.833616 0.907149 
0.784000 100.799995 1.833616 0.907149 
0.784000 101.699997 1.833616 0.907149 
0.784000 102.599998 1.833616 0.907149 
0.784000 103.500000 1.833616 0.907149 
0.784000 104.399994 1.833616 0.907149 
0.784000 105.299995 1.833616 0.907149 
0.784000 106.199997 1.833616 0.907149 
0.784000 107.099998 1.833616 0.907149 
0.784000 108.000000 1.833616 0.907149 
0.784000 108.899994 1.833616 0.907149 
0.784000 109.799995 1.833616 0.907149 
0.784000 110.699997 1.833616 0.907149 
0.784000 111.599998 1.833616 0.907149 
0.784000 112.500000 1.833616 0.907149 
0.784000 113.399994 1.833616 0.907149 
0.784000 114.299995 1.833616 0.907149 
0.784000 115.199997 1.833616 0.907149 
0.784000 116.099998 1.833616 0.907149 
0.784000 117.000000 1.833616 0.907149 
0.784000 117.899994 1.833616 0.907149 
0.784000 118.799995 1.833616 0.907149 
0.784000 119.699997 1.833616 0.907149 
0.784000 120.599998 1.833616 0.907149 
0.784000 121.500000 1.833616 0.907149 
0.784000 122.399994 1.833616 0.907149 
0.784000 123.299995 1.833616 0.907149 
0.784000 124.199997 1.833616 0.907149 
0.784000 125.099998 1.833616 0.907149 
0.784000 126.000000 1.833616 0.907149 
0.784000 126.899994 1.833616 0.907149 
0.784000 127.799995 1.833616 0.907149 
0.784000 128.699997 1.833616 0.907149 
0.784000 129.599991 1.833616 0.907149 
0.784000 130.500000 1.833616 0.907149 
0.784000 131.399994 1.833616 0.907149 
0.784000 132.300003 1.833616 0.907149 
0.784000 133.199997 1.833616 0.907149 
0.784000 134.099991 1.833616 0.907149 
0.784000 135.000000 1.833616 0.907149 
0.784000 135.899994 1.833616 0.907149 
0.784000 136.800003 1.833616 0.907149 
0.784000 137.699997 1.833616 0.907149 
0.784000 138.599991 1.833616 0.907149 
0.784000 139.500000 1.833616 0.907149 
0.784000 140.399994 1.833616 0.907149 
0.784000 141.300003 1.833616 0.907149 
0.784000 142.199997 1.833616 0.907149 
0.784000 143.099991 1.833616 0.907149 
0.784000 144.000000 1.833616 0.907149 
0.784000 144.899994 1.833616 0.907149 
0.784000 145.800003 1.833616 0.907149 
0.784000 146.699997 1.833616 0.907149 
0.784000 147.599991 1.833616 0.907149 
0.784000 148.500000 1.833616 0.907149 
0.784000 149.399994 1.833616 0.907149 
0.784000 150.300003 1.833616 0.907149 
0.784000 151.199997 1.833616 0.907149 
0.784000 152.099991 1.833616 0.907149 
0.784000 153.000000 1.833616 0.907149 
0.784000 153.899994 1.833616 0.907149 
0.784000 154.800003 1.833616 0.907149 
0.784000 155.699997 1.833616 0.907149 
0.784000 156.599991 1.833616 0.907149 
0.784000 157.500000 1.833616 0.907149 
0.784000 158.399994 1.833616 0.907149 
0.784000 159.300003 1.833616 0.907149 
0.784000 160.199997 1.833616 0.907149 
0.784000 161.099991 1.833616 0.907149 
0.784000 162.000000 1.833616 0.907149 
0.784000 162.899994 1.833616 0.907149 
0.784000 163.800003 1.833616 0.907149 
0.784000 164.699997 1.833616 0.907149 
0.784000 165.599991 1.833616 0.907149 
0.784000 166.500000 1.833616 0.907149 
0.784000 167.399994 1.833616 0.907149 
0.784000 168.300003 1.833616 0.907149 
0.784000 169.199997 1.833616 0.907149 
0.784000 170.099991 1.833616 0.907149 
0.784000 171.000000 1.833616 0.907149 
0.784000 171.899994 1.833616 0.907149 
0.784000 172.799988 1.833616 0.907149 
0.784000 173.699997 1.833616 0.907149 
0.784000 174.599991 1.833616 0.907149 
0.784000 175.500000 1.833616 0.907149 
0.784000 176.399994 1.833616 0.907149 
0.784000 177.299988 1.833616 0.907149 
0.784000 178.199997 1.833616 0.907149 
0.784000 179.099991 1.833616 0.907149 
0.784000 180.000000 1.833616 0.907149 
0.784000 180.899994 1.833616 0.907149 
0.784000 181.799988 1.833616 0.907149 
0.784000 182.699997 1.833616 0.907149 
0.784000 183.599991 1.833616 0.907149 
0.784000 184.500000 1.833616 0.907149 
0.784000 185.399994 1.833616 0.907149 
0.784000 186.299988 1.833616 0.907149 
0.784000 187.199997 1.833616 0.907149 
0.784000 188.099991 1.833616 0.907149 
0.784000 189.000000 1.833616 0.907149 
0.784000 189.899994 1.833616 0.907149 
0.784000 190.799988 1.833616 0.907149 
0.784000 191.699997 1.833616 0.907149 
0.784000 192.599991 1.833616 0.907149 
0.784000 193.500000 1.833616 0.907149 
0.784000 194.399994 1.833616 0.907149 
0.784000 195.299988 1.833616 0.907149 
0.784000 196.199997 1.833616 0.907149 
0.784000 197.099991 1.833616 0.907149 
0.784000 198.000000 1.833616 0.907149 
0.784000 198.899994 1.833616 0.907149 
0.784000 199.799988 1.833616 0.907149 
0.784000 200.699997 1.833616 0.907149 
0.784000 201.599991 1.833616 0.907149 
0.784000 202.500000 1.833616 0.907149 
0.784000 203.399994 1.833616 0.907149 
0.784000 204.299988 1.833616 0.907149 
0.784000 205.199997 1.833616 0.907149 
0.784000 206.099991 1.833616 0.907149 
0.784000 207.000000 1.833616 0.907149 
0.784000 207.899994 1.833616 0.907149 
0.784000 208.799988 1.833616 0.907149 
0.784000 209.699997 1.833616 0.907149 
0.784000 210.599991 1.833616 0.907149 
0.784000 211.500000 1.833616 0.907149 
0.784000 212.399994 1.833616 0.907149 
0.784000 213.299988 1.833616 0.907149 
0.784000 214.199997 1.833616 0.907149 
0.784000 215.099991 1.833616 0.907149 
0.784000 216.000000 1.833616 0.907149 
0.784000 216.899994 1.833616 0.907149 
0.784000 217.799988 1.833616 0.907149 
0.784000 218.699997 1.833616 0.907149 
0.784000 219.599991 1.833616 0.907149 
0.784000 220.500000 1.833616 0.907149 
0.784000 221.399994 1.833616 0.907149 
0.784000 222.299988 1.833616 0.907149 
0.784000 223.199997 1.833616 0.907149 
0.784000 224.099991 1.833616 0.907149 
0.784000 225.000000 1.833617 0.907149 
0.784000 225.899994 1.833617 0.907149 
0.784000 226.799988 1.833617 0.907150 
0.784000 227.699997 1.833616 0.907150 
0.784000 228.599991 1.833607 0.907150 
0.784000 229.500000 1.833578 0.907151 
