0.854000 0.000000 1.793090 0.890713 
0.854000 0.900000 1.793042 0.890714 
0.854000 1.800000 1.793063 0.890714 
0.854000 2.700000 1.793071 0.890714 
0.854000 3.600000 1.793078 0.890714 
0.854000 4.500000 1.793081 0.890714 
0.854000 5.400000 1.793083 0.890714 
0.854000 6.300000 1.793085 0.890714 
0.854000 7.200000 1.793086 0.890714 
0.854000 8.099999 1.793087 0.890714 
0.854000 9.000000 1.793087 0.890713 
0.854000 9.900000 1.793087 0.890713 
0.854000 10.799999 1.793087 0.890713 
0.854000 11.700000 1.793087 0.890713 
0.854000 12.599999 1.793087 0.890713 
0.854000 13.500000 1.793087 0.890713 
0.854000 14.400000 1.793087 0.890713 
0.854000 15.299999 1.793087 0.890713 
0.854000 16.199999 1.793087 0.890713 
0.854000 17.100000 1.793087 0.890713 
0.854000 18.000000 1.793087 0.890713 
0.854000 18.900000 1.793087 0.890713 
0.854000 19.799999 1.793087 0.890713 
0.854000 20.699999 1.793087 0.890713 
0.854000 21.599998 1.793087 0.890713 
0.854000 22.500000 1.793087 0.890713 
0.854000 23.400000 1.793087 0.890713 
0.854000 24.299999 1.793087 0.890713 
0.854000 25.199999 1.793087 0.890713 
0.854000 26.099998 1.793087 0.890713 
0.854000 27.000000 1.793087 0.890713 
0.854000 27.900000 1.793087 0.890713 
0.854000 28.799999 1.793087 0.890713 
0.854000 29.699999 1.793087 0.890713 
0.854000 30.599998 1.793087 0.890713 
0.854000 31.500000 1.793087 0.890713 
0.854000 32.399998 1.793087 0.890713 
0.854000 33.299999 1.793087 0.890713 
0.854000 34.200001 1.793087 0.890713 
0.854000 35.099998 1.793087 0.890713 
0.854000 36.000000 1.793087 0.890713 
0.854000 36.899998 1.793087 0.890713 
0.854000 37.799999 1.793087 0.890713 
0.854000 38.700001 1.793087 0.890713 
0.854000 39.599998 1.793087 0.890713 
0.854000 40.500000 1.793087 0.890713 
0.854000 41.399998 1.793087 0.890713 
0.854000 42.299999 1.793087 0.890713 
0.854000 43.199997 1.793087 0.890713 
0.854000 44.099998 1.793087 0.890713 
0.854000 45.000000 1.793087 0.890713 
0.854000 45.899998 1.793087 0.890713 
0.854000 46.799999 1.793087 0.890713 
0.854000 47.699997 1.793087 0.890713 
0.854000 48.599998 1.793087 0.890713 
0.854000 49.500000 1.793087 0.890713 
0.854000 50.399998 1.793087 0.890713 
0.854000 51.299999 1.793087 0.890713 
0.854000 52.199997 1.793087 0.890713 
0.854000 53.099998 1.793087 0.890713 
0.854000 54.000000 1.793087 0.890713 
0.854000 54.899998 1.793087 0.890713 
0.854000 55.799999 1.793087 0.890713 
0.854000 56.699997 1.793087 0.890713 
0.854000 57.599998 1.793087 0.890713 
0.854000 58.500000 1.793087 0.890713 
0.854000 59.399998 1.793087 0.890713 
0.854000 60.299999 1.793087 0.890713 
0.854000 61.199997 1.793087 0.890713 
0.854000 62.099998 1.793087 0.890713 
0.854000 63.000000 1.793087 0.890713 
0.854000 63.899998 1.793087 0.890713 
0.854000 64.799995 1.793087 0.890713 
0.854000 65.699997 1.793087 0.890713 
0.854000 66.599998 1.793087 0.890713 
0.854000 67.500000 1.793087 0.890713 
0.854000 68.400002 1.793087 0.890713 
0.854000 69.299995 1.793087 0.890713 
0.854000 70.199997 1.793087 0.890713 
0.854000 71.099998 1.793087 0.890713 
0.854000 72.000000 1.793087 0.890713 
0.854000 72.900002 1.793087 0.890713 
0.854000 73.799995 1.793087 0.890713 
0.854000 74.699997 1.793087 0.890713 
0.854000 75.599998 1.793087 0.890713 
0.854000 76.500000 1.793087 0.890713 
0.854000 77.400002 1.793087 0.890713 
0.854000 78.299995 1.793087 0.890713 
0.854000 79.199997 1.793087 0.890713 
0.854000 80.099998 1.793087 0.890713 
0.854000 81.000000 1.793087 0.890713 
0.854000 81.900002 1.793087 0.890713 
0.854000 82.799995 1.793087 0.890713 
0.854000 83.699997 1.793087 0.890713 
0.854000 84.599998 1.793087 0.890713 
0.854000 85.500000 1.793087 0.890713 
0.854000 86.399994 1.793087 0.890713 
0.854000 87.299995 1.793087 0.890713 
0.854000 88.199997 1.793087 0.890713 
0.854000 89.099998 1.793087 0.890713 
0.854000 90.000000 1.793087 0.890713 
0.854000 90.899994 1.793087 0.890713 
0.854000 91.799995 1.793087 0.890713 
0.854000 92.699997 1.793087 0.890713 
0.854000 93.599998 1.793087 0.890713 
0.854000 94.500000 1.793087 0.890713 
0.854000 95.399994 1.793087 0.890713 
0.854000 96.299995 1.793087 0.890713 
0.854000 97.199997 1.793087 0.890713 
0.854000 98.099998 1.793087 0.890713 
0.854000 99.000000 1.793087 0.890713 
0.854000 99.899994 1.793087 0.890713 
0.854000 100.799995 1.793087 0.890713 
0.854000 101.699997 1.793087 0.890713 
0.854000 102.599998 1.793087 0.890713 
0.854000 103.500000 1.793087 0.890713 
0.854000 104.399994 1.793087 0.890713 
0.854000 105.299995 1.793087 0.890713 
0.854000 106.199997 1.793087 0.890713 
0.854000 107.099998 1.793087 0.890713 
0.854000 108.000000 1.793087 0.890713 
0.854000 108.899994 1.793087 0.890713 
0.854000 109.799995 1.793087 0.890713 
0.854000 110.699997 1.793087 0.890713 
0.854000 111.599998 1.793087 0.890713 
0.854000 112.500000 1.793087 0.890713 
0.854000 113.399994 1.793087 0.890713 
0.854000 114.299995 1.793087 0.890713 
0.854000 115.199997 1.793087 0.890713 
0.854000 116.099998 1.793087 0.890713 
0.854000 117.000000 1.793087 0.890713 
0.854000 117.899994 1.793087 0.890713 
0.854000 118.799995 1.793087 0.890713 
0.854000 119.699997 1.793087 0.890713 
0.854000 120.599998 1.793087 0.890713 
0.854000 121.500000 1.793087 0.890713 
0.854000 122.399994 1.793087 0.890713 
0.854000 123.299995 1.793087 0.890713 
0.854000 124.199997 1.793087 0.890713 
0.854000 125.099998 1.793087 0.890713 
0.854000 126.000000 1.793087 0.890713 
0.854000 126.899994 1.793087 0.890713 
0.854000 127.799995 1.793087 0.890713 
0.854000 128.699997 1.793087 0.890713 
0.854000 129.599991 1.793087 0.890713 
0.854000 130.500000 1.793087 0.890713 
0.854000 131.399994 1.793087 0.890713 
0.854000 132.300003 1.793087 0.890713 
0.854000 133.199997 1.793087 0.890713 
0.854000 134.099991 1.793087 0.890713 
0.854000 135.000000 1.793087 0.890713 
0.854000 135.899994 1.793087 0.890713 
0.854000 136.800003 1.793087 0.890713 
0.854000 137.699997 1.793087 0.890713 
0.854000 138.599991 1.793087 0.890713 
0.854000 139.500000 1.793087 0.890713 
0.854000 140.399994 1.793087 0.890713 
0.854000 141.300003 1.793087 0.890713 
0.854000 142.199997 1.793087 0.890713 
0.854000 143.099991 1.793087 0.890713 
0.854000 144.000000 1.793087 0.890713 
0.854000 144.899994 1.793087 0.890713 
0.854000 145.800003 1.793087 0.890713 
0.854000 146.699997 1.793087 0.890713 
0.854000 147.599991 1.793087 0.890713 
0.854000 148.500000 1.793087 0.890713 
0.854000 149.399994 1.793087 0.890713 
0.854000 150.300003 1.793087 0.890713 
0.854000 151.199997 1.793087 0.890713 
0.854000 152.099991 1.793087 0.890713 
0.854000 153.000000 1.793087 0.890713 
0.854000 153.899994 1.793087 0.890713 
0.854000 154.800003 1.793087 0.890713 
0.854000 155.699997 1.793087 0.890713 
0.854000 156.599991 1.793087 0.890713 
0.854000 157.500000 1.793087 0.890713 
0.854000 158.399994 1.793087 0.890713 
0.854000 159.300003 1.793087 0.890713 
0.854000 160.199997 1.793087 0.890713 
0.854000 161.099991 1.793087 0.890713 
0.854000 162.000000 1.793087 0.890713 
0.854000 162.899994 1.793087 0.890713 
0.854000 163.800003 1.793087 0.890713 
0.854000 164.699997 1.793087 0.890713 
0.854000 165.599991 1.793087 0.890713 
0.854000 166.500000 1.793087 0.890713 
0.854000 167.399994 1.793087 0.890713 
0.854000 168.300003 1.793087 0.890713 
0.854000 169.199997 1.793087 0.890713 
0.854000 170.099991 1.793087 0.890713 
0.854000 171.000000 1.793087 0.890713 
0.854000 171.899994 1.793087 0.890713 
0.854000 172.799988 1.793087 0.890713 
0.854000 173.699997 1.793087 0.890713 
0.854000 174.599991 1.793087 0.890713 
0.854000 175.500000 1.793087 0.890713 
0.854000 176.399994 1.793087 0.890713 
0.854000 177.299988 1.793087 0.890713 
0.854000 178.199997 1.793087 0.890713 
0.854000 179.099991 1.793087 0.890713 
0.854000 180.000000 1.793087 0.890713 
0.854000 180.899994 1.793087 0.890713 
0.854000 181.799988 1.793087 0.890713 
0.854000 182.699997 1.793087 0.890713 
0.854000 183.599991 1.793087 0.890713 
0.854000 184.500000 1.793087 0.890713 
0.854000 185.399994 1.793087 0.890713 
0.854000 186.299988 1.793087 0.890713 
0.854000 187.199997 1.793087 0.890713 
0.854000 188.099991 1.793087 0.890713 
0.854000 189.000000 1.793087 0.890713 
0.854000 189.899994 1.793087 0.890713 
0.854000 190.799988 1.793087 0.890713 
0.854000 191.699997 1.793087 0.890713 
0.854000 192.599991 1.793087 0.890713 
0.854000 193.500000 1.793087 0.890713 
0.854000 194.399994 1.793087 0.890713 
0.854000 195.299988 1.793087 0.890713 
0.854000 196.199997 1.793087 0.890713 
0.854000 197.099991 1.793087 0.890713 
0.854000 198.000000 1.793087 0.890713 
0.854000 198.899994 1.793087 0.890713 
0.854000 199.799988 1.793087 0.890713 
0.854000 200.699997 1.793087 0.890713 
0.854000 201.599991 1.793087 0.890713 
0.854000 202.500000 1.793087 0.890713 
0.854000 203.399994 1.793087 0.890713 
0.854000 204.299988 1.793087 0.890713 
0.854000 205.199997 1.793087 0.890713 
0.854000 206.099991 1.793087 0.890713 
0.854000 207.000000 1.793087 0.890713 
0.854000 207.899994 1.793087 0.890713 
0.854000 208.799988 1.793087 0.890713 
0.854000 209.699997 1.793087 0.890713 
0.854000 210.599991 1.793087 0.890713 
0.854000 211.500000 1.793087 0.890713 
0.854000 212.399994 1.793087 0.890713 
0.854000 213.299988 1.793087 0.890713 
0.854000 214.199997 1.793087 0.890713 
0.854000 215.099991 1.793087 0.890713 
0.854000 216.000000 1.793087 0.890713 
0.854000 216.899994 1.793087 0.890713 
0.854000 217.799988 1.793087 0.890713 
0.854000 218.699997 1.793087 0.890713 
0.854000 219.599991 1.793087 0.890713 
0.854000 220.500000 1.793087 0.890713 
0.854000 221.399994 1.793087 0.890713 
0.854000 222.299988 1.793087 0.890713 
0.854000 223.199997 1.793087 0.890713 
0.854000 224.099991 1.793087 0.890714 
0.854000 225.000000 1.793088 0.890714 
0.854000 225.899994 1.793088 0.890714 
0.854000 226.799988 1.793088 0.890714 
0.854000 227.699997 1.793087 0.890714 
0.854000 228.599991 1.793077 0.890715 
0.854000 229.500000 1.793046 0.890715 
