0.789000 0.000000 1.830934 0.905676 
0.789000 0.900000 1.830886 0.905676 
0.789000 1.800000 1.830907 0.905676 
0.789000 2.700000 1.830914 0.905676 
0.789000 3.600000 1.830921 0.905676 
0.789000 4.500000 1.830923 0.905676 
0.789000 5.400000 1.830925 0.905676 
0.789000 6.300000 1.830927 0.905676 
0.789000 7.200000 1.830928 0.905676 
0.789000 8.099999 1.830929 0.905676 
0.789000 9.000000 1.830929 0.905675 
0.789000 9.900000 1.830929 0.905675 
0.789000 10.799999 1.830929 0.905675 
0.789000 11.700000 1.830929 0.905675 
0.789000 12.599999 1.830929 0.905675 
0.789000 13.500000 1.830929 0.905675 
0.789000 14.400000 1.830929 0.905675 
0.789000 15.299999 1.830929 0.905675 
0.789000 16.199999 1.830929 0.905675 
0.789000 17.100000 1.830929 0.905675 
0.789000 18.000000 1.830929 0.905675 
0.789000 18.900000 1.830929 0.905675 
0.789000 19.799999 1.830929 0.905675 
0.789000 20.699999 1.830929 0.905675 
0.789000 21.599998 1.830929 0.905675 
0.789000 22.500000 1.830929 0.905675 
0.789000 23.400000 1.830929 0.905675 
0.789000 24.299999 1.830929 0.905675 
0.789000 25.199999 1.830929 0.905675 
0.789000 26.099998 1.830929 0.905675 
0.789000 27.000000 1.830929 0.905675 
0.789000 27.900000 1.830929 0.905675 
0.789000 28.799999 1.830929 0.905675 
0.789000 29.699999 1.830929 0.905675 
0.789000 30.599998 1.830929 0.905675 
0.789000 31.500000 1.830929 0.905675 
0.789000 32.399998 1.830929 0.905675 
0.789000 33.299999 1.830929 0.905675 
0.789000 34.200001 1.830929 0.905675 
0.789000 35.099998 1.830929 0.905675 
0.789000 36.000000 1.830929 0.905675 
0.789000 36.899998 1.830929 0.905675 
0.789000 37.799999 1.830929 0.905675 
0.789000 38.700001 1.830929 0.905675 
0.789000 39.599998 1.830929 0.905675 
0.789000 40.500000 1.830929 0.905675 
0.789000 41.399998 1.830929 0.905675 
0.789000 42.299999 1.830929 0.905675 
0.789000 43.199997 1.830929 0.905675 
0.789000 44.099998 1.830929 0.905675 
0.789000 45.000000 1.830929 0.905675 
0.789000 45.899998 1.830929 0.905675 
0.789000 46.799999 1.830929 0.905675 
0.789000 47.699997 1.830929 0.905675 
0.789000 48.599998 1.830929 0.905675 
0.789000 49.500000 1.830929 0.905675 
0.789000 50.399998 1.830929 0.905675 
0.789000 51.299999 1.830929 0.905675 
0.789000 52.199997 1.830929 0.905675 
0.789000 53.099998 1.830929 0.905675 
0.789000 54.000000 1.830929 0.905675 
0.789000 54.899998 1.830929 0.905675 
0.789000 55.799999 1.830929 0.905675 
0.789000 56.699997 1.830929 0.905675 
0.789000 57.599998 1.830929 0.905675 
0.789000 58.500000 1.830929 0.905675 
0.789000 59.399998 1.830929 0.905675 
0.789000 60.299999 1.830929 0.905675 
0.789000 61.199997 1.830929 0.905675 
0.789000 62.099998 1.830929 0.905675 
0.789000 63.000000 1.830929 0.905675 
0.789000 63.899998 1.830929 0.905675 
0.789000 64.799995 1.830929 0.905675 
0.789000 65.699997 1.830929 0.905675 
0.789000 66.599998 1.830929 0.905675 
0.789000 67.500000 1.830929 0.905675 
0.789000 68.400002 1.830929 0.905675 
0.789000 69.299995 1.830929 0.905675 
0.789000 70.199997 1.830929 0.905675 
0.789000 71.099998 1.830929 0.905675 
0.789000 72.000000 1.830929 0.905675 
0.789000 72.900002 1.830929 0.905675 
0.789000 73.799995 1.830929 0.905675 
0.789000 74.699997 1.830929 0.905675 
0.789000 75.599998 1.830929 0.905675 
0.789000 76.500000 1.830929 0.905675 
0.789000 77.400002 1.830929 0.905675 
0.789000 78.299995 1.830929 0.905675 
0.789000 79.199997 1.830929 0.905675 
0.789000 80.099998 1.830929 0.905675 
0.789000 81.000000 1.830929 0.905675 
0.789000 81.900002 1.830929 0.905675 
0.789000 82.799995 1.830929 0.905675 
0.789000 83.699997 1.830929 0.905675 
0.789000 84.599998 1.830929 0.905675 
0.789000 85.500000 1.830929 0.905675 
0.789000 86.399994 1.830929 0.905675 
0.789000 87.299995 1.830929 0.905675 
0.789000 88.199997 1.830929 0.905675 
0.789000 89.099998 1.830929 0.905675 
0.789000 90.000000 1.830929 0.905675 
0.789000 90.899994 1.830929 0.905675 
0.789000 91.799995 1.830929 0.905675 
0.789000 92.699997 1.830929 0.905675 
0.789000 93.599998 1.830929 0.905675 
0.789000 94.500000 1.830929 0.905675 
0.789000 95.399994 1.830929 0.905675 
0.789000 96.299995 1.830929 0.905675 
0.789000 97.199997 1.830929 0.905675 
0.789000 98.099998 1.830929 0.905675 
0.789000 99.000000 1.830929 0.905675 
0.789000 99.899994 1.830929 0.905675 
0.789000 100.799995 1.830929 0.905675 
0.789000 101.699997 1.830929 0.905675 
0.789000 102.599998 1.830929 0.905675 
0.789000 103.500000 1.830929 0.905675 
0.789000 104.399994 1.830929 0.905675 
0.789000 105.299995 1.830929 0.905675 
0.789000 106.199997 1.830929 0.905675 
0.789000 107.099998 1.830929 0.905675 
0.789000 108.000000 1.830929 0.905675 
0.789000 108.899994 1.830929 0.905675 
0.789000 109.799995 1.830929 0.905675 
0.789000 110.699997 1.830929 0.905675 
0.789000 111.599998 1.830929 0.905675 
0.789000 112.500000 1.830929 0.905675 
0.789000 113.399994 1.830929 0.905675 
0.789000 114.299995 1.830929 0.905675 
0.789000 115.199997 1.830929 0.905675 
0.789000 116.099998 1.830929 0.905675 
0.789000 117.000000 1.830929 0.905675 
0.789000 117.899994 1.830929 0.905675 
0.789000 118.799995 1.830929 0.905675 
0.789000 119.699997 1.830929 0.905675 
0.789000 120.599998 1.830929 0.905675 
0.789000 121.500000 1.830929 0.905675 
0.789000 122.399994 1.830929 0.905675 
0.789000 123.299995 1.830929 0.905675 
0.789000 124.199997 1.830929 0.905675 
0.789000 125.099998 1.830929 0.905675 
0.789000 126.000000 1.830929 0.905675 
0.789000 126.899994 1.830929 0.905675 
0.789000 127.799995 1.830929 0.905675 
0.789000 128.699997 1.830929 0.905675 
0.789000 129.599991 1.830929 0.905675 
0.789000 130.500000 1.830929 0.905675 
0.789000 131.399994 1.830929 0.905675 
0.789000 132.300003 1.830929 0.905675 
0.789000 133.199997 1.830929 0.905675 
0.789000 134.099991 1.830929 0.905675 
0.789000 135.000000 1.830929 0.905675 
0.789000 135.899994 1.830929 0.905675 
0.789000 136.800003 1.830929 0.905675 
0.789000 137.699997 1.830929 0.905675 
0.789000 138.599991 1.830929 0.905675 
0.789000 139.500000 1.830929 0.905675 
0.789000 140.399994 1.830929 0.905675 
0.789000 141.300003 1.830929 0.905675 
0.789000 142.199997 1.830929 0.905675 
0.789000 143.099991 1.830929 0.905675 
0.789000 144.000000 1.830929 0.905675 
0.789000 144.899994 1.830929 0.905675 
0.789000 145.800003 1.830929 0.905675 
0.789000 146.699997 1.830929 0.905675 
0.789000 147.599991 1.830929 0.905675 
0.789000 148.500000 1.830929 0.905675 
0.789000 149.399994 1.830929 0.905675 
0.789000 150.300003 1.830929 0.905675 
0.789000 151.199997 1.830929 0.905675 
0.789000 152.099991 1.830929 0.905675 
0.789000 153.000000 1.830929 0.905675 
0.789000 153.899994 1.830929 0.905675 
0.789000 154.800003 1.830929 0.905675 
0.789000 155.699997 1.830929 0.905675 
0.789000 156.599991 1.830929 0.905675 
0.789000 157.500000 1.830929 0.905675 
0.789000 158.399994 1.830929 0.905675 
0.789000 159.300003 1.830929 0.905675 
0.789000 160.199997 1.830929 0.905675 
0.789000 161.099991 1.830929 0.905675 
0.789000 162.000000 1.830929 0.905675 
0.789000 162.899994 1.830929 0.905675 
0.789000 163.800003 1.830929 0.905675 
0.789000 164.699997 1.830929 0.905675 
0.789000 165.599991 1.830929 0.905675 
0.789000 166.500000 1.830929 0.905675 
0.789000 167.399994 1.830929 0.905675 
0.789000 168.300003 1.830929 0.905675 
0.789000 169.199997 1.830929 0.905675 
0.789000 170.099991 1.830929 0.905675 
0.789000 171.000000 1.830929 0.905675 
0.789000 171.899994 1.830929 0.905675 
0.789000 172.799988 1.830929 0.905675 
0.789000 173.699997 1.830929 0.905675 
0.789000 174.599991 1.830929 0.905675 
0.789000 175.500000 1.830929 0.905675 
0.789000 176.399994 1.830929 0.905675 
0.789000 177.299988 1.830929 0.905675 
0.789000 178.199997 1.830929 0.905675 
0.789000 179.099991 1.830929 0.905675 
0.789000 180.000000 1.830929 0.905675 
0.789000 180.899994 1.830929 0.905675 
0.789000 181.799988 1.830929 0.905675 
0.789000 182.699997 1.830929 0.905675 
0.789000 183.599991 1.830929 0.905675 
0.789000 184.500000 1.830929 0.905675 
0.789000 185.399994 1.830929 0.905675 
0.789000 186.299988 1.830929 0.905675 
0.789000 187.199997 1.830929 0.905675 
0.789000 188.099991 1.830929 0.905675 
0.789000 189.000000 1.830929 0.905675 
0.789000 189.899994 1.830929 0.905675 
0.789000 190.799988 1.830929 0.905675 
0.789000 191.699997 1.830929 0.905675 
0.789000 192.599991 1.830929 0.905675 
0.789000 193.500000 1.830929 0.905675 
0.789000 194.399994 1.830929 0.905675 
0.789000 195.299988 1.830929 0.905675 
0.789000 196.199997 1.830929 0.905675 
0.789000 197.099991 1.830929 0.905675 
0.789000 198.000000 1.830929 0.905675 
0.789000 198.899994 1.830929 0.905675 
0.789000 199.799988 1.830929 0.905675 
0.789000 200.699997 1.830929 0.905675 
0.789000 201.599991 1.830929 0.905675 
0.789000 202.500000 1.830929 0.905675 
0.789000 203.399994 1.830929 0.905675 
0.789000 204.299988 1.830929 0.905675 
0.789000 205.199997 1.830929 0.905675 
0.789000 206.099991 1.830929 0.905675 
0.789000 207.000000 1.830929 0.905675 
0.789000 207.899994 1.830929 0.905675 
0.789000 208.799988 1.830929 0.905675 
0.789000 209.699997 1.830929 0.905675 
0.789000 210.599991 1.830929 0.905675 
0.789000 211.500000 1.830929 0.905675 
0.789000 212.399994 1.830929 0.905675 
0.789000 213.299988 1.830929 0.905675 
0.789000 214.199997 1.830929 0.905675 
0.789000 215.099991 1.830929 0.905675 
0.789000 216.000000 1.830929 0.905675 
0.789000 216.899994 1.830929 0.905675 
0.789000 217.799988 1.830929 0.905675 
0.789000 218.699997 1.830929 0.905675 
0.789000 219.599991 1.830929 0.905675 
0.789000 220.500000 1.830929 0.905675 
0.789000 221.399994 1.830929 0.905675 
0.789000 222.299988 1.830929 0.905675 
0.789000 223.199997 1.830929 0.905675 
0.789000 224.099991 1.830929 0.905675 
0.789000 225.000000 1.830930 0.905675 
0.789000 225.899994 1.830930 0.905676 
0.789000 226.799988 1.830930 0.905676 
0.789000 227.699997 1.830929 0.905676 
0.789000 228.599991 1.830920 0.905677 
0.789000 229.500000 1.830890 0.905677 
