0.428000 0.000000 1.872870 1.182305 
0.428000 0.900000 1.872838 1.182305 
0.428000 1.800000 1.872854 1.182305 
0.428000 2.700000 1.872856 1.182305 
0.428000 3.600000 1.872859 1.182306 
0.428000 4.500000 1.872861 1.182306 
0.428000 5.400000 1.872861 1.182307 
0.428000 6.300000 1.872862 1.182307 
0.428000 7.200000 1.872862 1.182307 
0.428000 8.099999 1.872863 1.182307 
0.428000 9.000000 1.872863 1.182307 
0.428000 9.900000 1.872863 1.182307 
0.428000 10.799999 1.872863 1.182307 
0.428000 11.700000 1.872863 1.182307 
0.428000 12.599999 1.872863 1.182308 
0.428000 13.500000 1.872863 1.182308 
0.428000 14.400000 1.872863 1.182308 
0.428000 15.299999 1.872863 1.182308 
0.428000 16.199999 1.872863 1.182308 
0.428000 17.100000 1.872863 1.182308 
0.428000 18.000000 1.872863 1.182308 
0.428000 18.900000 1.872863 1.182308 
0.428000 19.799999 1.872863 1.182308 
0.428000 20.699999 1.872863 1.182308 
0.428000 21.599998 1.872863 1.182308 
0.428000 22.500000 1.872863 1.182308 
0.428000 23.400000 1.872863 1.182308 
0.428000 24.299999 1.872863 1.182308 
0.428000 25.199999 1.872863 1.182308 
0.428000 26.099998 1.872863 1.182308 
0.428000 27.000000 1.872863 1.182308 
0.428000 27.900000 1.872863 1.182308 
0.428000 28.799999 1.872863 1.182308 
0.428000 29.699999 1.872863 1.182308 
0.428000 30.599998 1.872863 1.182308 
0.428000 31.500000 1.872863 1.182308 
0.428000 32.399998 1.872863 1.182308 
0.428000 33.299999 1.872863 1.182308 
0.428000 34.200001 1.872863 1.182308 
0.428000 35.099998 1.872863 1.182308 
0.428000 36.000000 1.872863 1.182308 
0.428000 36.899998 1.872863 1.182308 
0.428000 37.799999 1.872863 1.182308 
0.428000 38.700001 1.872863 1.182308 
0.428000 39.599998 1.872863 1.182308 
0.428000 40.500000 1.872863 1.182308 
0.428000 41.399998 1.872863 1.182308 
0.428000 42.299999 1.872863 1.182308 
0.428000 43.199997 1.872863 1.182308 
0.428000 44.099998 1.872863 1.182308 
0.428000 45.000000 1.872863 1.182308 
0.428000 45.899998 1.872863 1.182308 
0.428000 46.799999 1.872863 1.182308 
0.428000 47.699997 1.872863 1.182308 
0.428000 48.599998 1.872863 1.182308 
0.428000 49.500000 1.872863 1.182308 
0.428000 50.399998 1.872863 1.182308 
0.428000 51.299999 1.872863 1.182308 
0.428000 52.199997 1.872863 1.182308 
0.428000 53.099998 1.872863 1.182308 
0.428000 54.000000 1.872863 1.182308 
0.428000 54.899998 1.872863 1.182308 
0.428000 55.799999 1.872863 1.182308 
0.428000 56.699997 1.872863 1.182308 
0.428000 57.599998 1.872863 1.182308 
0.428000 58.500000 1.872863 1.182308 
0.428000 59.399998 1.872863 1.182308 
0.428000 60.299999 1.872863 1.182308 
0.428000 61.199997 1.872863 1.182308 
0.428000 62.099998 1.872863 1.182308 
0.428000 63.000000 1.872863 1.182308 
0.428000 63.899998 1.872863 1.182308 
0.428000 64.799995 1.872863 1.182308 
0.428000 65.699997 1.872863 1.182308 
0.428000 66.599998 1.872863 1.182308 
0.428000 67.500000 1.872863 1.182308 
0.428000 68.400002 1.872863 1.182308 
0.428000 69.299995 1.872863 1.182308 
0.428000 70.199997 1.872863 1.182308 
0.428000 71.099998 1.872863 1.182308 
0.428000 72.000000 1.872863 1.182308 
0.428000 72.900002 1.872863 1.182308 
0.428000 73.799995 1.872863 1.182308 
0.428000 74.699997 1.872863 1.182308 
0.428000 75.599998 1.872863 1.182308 
0.428000 76.500000 1.872863 1.182308 
0.428000 77.400002 1.872863 1.182308 
0.428000 78.299995 1.872863 1.182308 
0.428000 79.199997 1.872863 1.182308 
0.428000 80.099998 1.872863 1.182308 
0.428000 81.000000 1.872863 1.182308 
0.428000 81.900002 1.872863 1.182308 
0.428000 82.799995 1.872863 1.182308 
0.428000 83.699997 1.872863 1.182308 
0.428000 84.599998 1.872863 1.182308 
0.428000 85.500000 1.872863 1.182308 
0.428000 86.399994 1.872863 1.182308 
0.428000 87.299995 1.872863 1.182308 
0.428000 88.199997 1.872863 1.182308 
0.428000 89.099998 1.872863 1.182308 
0.428000 90.000000 1.872863 1.182308 
0.428000 90.899994 1.872863 1.182308 
0.428000 91.799995 1.872863 1.182308 
0.428000 92.699997 1.872863 1.182308 
0.428000 93.599998 1.872863 1.182308 
0.428000 94.500000 1.872863 1.182308 
0.428000 95.399994 1.872863 1.182308 
0.428000 96.299995 1.872863 1.182308 
0.428000 97.199997 1.872863 1.182308 
0.428000 98.099998 1.872863 1.182308 
0.428000 99.000000 1.872863 1.182308 
0.428000 99.899994 1.872863 1.182308 
0.428000 100.799995 1.872863 1.182308 
0.428000 101.699997 1.872863 1.182308 
0.428000 102.599998 1.872863 1.182308 
0.428000 103.500000 1.872863 1.182308 
0.428000 104.399994 1.872863 1.182308 
0.428000 105.299995 1.872863 1.182308 
0.428000 106.199997 1.872863 1.182308 
0.428000 107.099998 1.872863 1.182308 
0.428000 108.000000 1.872863 1.182308 
0.428000 108.899994 1.872863 1.182308 
0.428000 109.799995 1.872863 1.182308 
0.428000 110.699997 1.872863 1.182308 
0.428000 111.599998 1.872863 1.182308 
0.428000 112.500000 1.872863 1.182308 
0.428000 113.399994 1.872863 1.182308 
0.428000 114.299995 1.872863 1.182308 
0.428000 115.199997 1.872863 1.182308 
0.428000 116.099998 1.872863 1.182308 
0.428000 117.000000 1.872863 1.182308 
0.428000 117.899994 1.872863 1.182308 
0.428000 118.799995 1.872863 1.182308 
0.428000 119.699997 1.872863 1.182308 
0.428000 120.599998 1.872863 1.182308 
0.428000 121.500000 1.872863 1.182308 
0.428000 122.399994 1.872863 1.182308 
0.428000 123.299995 1.872863 1.182308 
0.428000 124.199997 1.872863 1.182308 
0.428000 125.099998 1.872863 1.182308 
0.428000 126.000000 1.872863 1.182308 
0.428000 126.899994 1.872863 1.182308 
0.428000 127.799995 1.872863 1.182308 
0.428000 128.699997 1.872863 1.182308 
0.428000 129.599991 1.872863 1.182308 
0.428000 130.500000 1.872863 1.182308 
0.428000 131.399994 1.872863 1.182308 
0.428000 132.300003 1.872863 1.182308 
0.428000 133.199997 1.872863 1.182308 
0.428000 134.099991 1.872863 1.182308 
0.428000 135.000000 1.872863 1.182308 
0.428000 135.899994 1.872863 1.182308 
0.428000 136.800003 1.872863 1.182308 
0.428000 137.699997 1.872863 1.182308 
0.428000 138.599991 1.872863 1.182308 
0.428000 139.500000 1.872863 1.182308 
0.428000 140.399994 1.872863 1.182308 
0.428000 141.300003 1.872863 1.182308 
0.428000 142.199997 1.872863 1.182308 
0.428000 143.099991 1.872863 1.182308 
0.428000 144.000000 1.872863 1.182308 
0.428000 144.899994 1.872863 1.182308 
0.428000 145.800003 1.872863 1.182308 
0.428000 146.699997 1.872863 1.182308 
0.428000 147.599991 1.872863 1.182308 
0.428000 148.500000 1.872863 1.182308 
0.428000 149.399994 1.872863 1.182308 
0.428000 150.300003 1.872863 1.182308 
0.428000 151.199997 1.872863 1.182308 
0.428000 152.099991 1.872863 1.182308 
0.428000 153.000000 1.872863 1.182308 
0.428000 153.899994 1.872863 1.182308 
0.428000 154.800003 1.872863 1.182308 
0.428000 155.699997 1.872863 1.182308 
0.428000 156.599991 1.872863 1.182308 
0.428000 157.500000 1.872863 1.182308 
0.428000 158.399994 1.872863 1.182308 
0.428000 159.300003 1.872863 1.182308 
0.428000 160.199997 1.872863 1.182308 
0.428000 161.099991 1.872863 1.182308 
0.428000 162.000000 1.872863 1.182308 
0.428000 162.899994 1.872863 1.182308 
0.428000 163.800003 1.872863 1.182308 
0.428000 164.699997 1.872863 1.182308 
0.428000 165.599991 1.872863 1.182308 
0.428000 166.500000 1.872863 1.182308 
0.428000 167.399994 1.872863 1.182308 
0.428000 168.300003 1.872863 1.182308 
0.428000 169.199997 1.872863 1.182308 
0.428000 170.099991 1.872863 1.182308 
0.428000 171.000000 1.872863 1.182308 
0.428000 171.899994 1.872863 1.182308 
0.428000 172.799988 1.872863 1.182308 
0.428000 173.699997 1.872863 1.182308 
0.428000 174.599991 1.872863 1.182308 
0.428000 175.500000 1.872863 1.182308 
0.428000 176.399994 1.872863 1.182308 
0.428000 177.299988 1.872863 1.182308 
0.428000 178.199997 1.872863 1.182308 
0.428000 179.099991 1.872863 1.182308 
0.428000 180.000000 1.872863 1.182308 
0.428000 180.899994 1.872863 1.182308 
0.428000 181.799988 1.872863 1.182308 
0.428000 182.699997 1.872863 1.182308 
0.428000 183.599991 1.872863 1.182308 
0.428000 184.500000 1.872863 1.182308 
0.428000 185.399994 1.872863 1.182308 
0.428000 186.299988 1.872863 1.182308 
0.428000 187.199997 1.872863 1.182308 
0.428000 188.099991 1.872863 1.182308 
0.428000 189.000000 1.872863 1.182308 
0.428000 189.899994 1.872863 1.182308 
0.428000 190.799988 1.872863 1.182308 
0.428000 191.699997 1.872863 1.182308 
0.428000 192.599991 1.872863 1.182308 
0.428000 193.500000 1.872863 1.182308 
0.428000 194.399994 1.872863 1.182308 
0.428000 195.299988 1.872863 1.182308 
0.428000 196.199997 1.872863 1.182308 
0.428000 197.099991 1.872863 1.182308 
0.428000 198.000000 1.872863 1.182308 
0.428000 198.899994 1.872863 1.182308 
0.428000 199.799988 1.872863 1.182308 
0.428000 200.699997 1.872863 1.182308 
0.428000 201.599991 1.872863 1.182308 
0.428000 202.500000 1.872863 1.182308 
0.428000 203.399994 1.872863 1.182308 
0.428000 204.299988 1.872863 1.182308 
0.428000 205.199997 1.872863 1.182308 
0.428000 206.099991 1.872863 1.182308 
0.428000 207.000000 1.872863 1.182308 
0.428000 207.899994 1.872863 1.182308 
0.428000 208.799988 1.872863 1.182308 
0.428000 209.699997 1.872863 1.182308 
0.428000 210.599991 1.872863 1.182308 
0.428000 211.500000 1.872863 1.182308 
0.428000 212.399994 1.872863 1.182308 
0.428000 213.299988 1.872863 1.182308 
0.428000 214.199997 1.872863 1.182308 
0.428000 215.099991 1.872863 1.182308 
0.428000 216.000000 1.872863 1.182308 
0.428000 216.899994 1.872863 1.182308 
0.428000 217.799988 1.872863 1.182308 
0.428000 218.699997 1.872863 1.182308 
0.428000 219.599991 1.872863 1.182308 
0.428000 220.500000 1.872863 1.182308 
0.428000 221.399994 1.872863 1.182308 
0.428000 222.299988 1.872863 1.182308 
0.428000 223.199997 1.872863 1.182308 
0.428000 224.099991 1.872863 1.182308 
0.428000 225.000000 1.872863 1.182308 
0.428000 225.899994 1.872863 1.182308 
0.428000 226.799988 1.872863 1.182308 
0.428000 227.699997 1.872863 1.182308 
0.428000 228.599991 1.872860 1.182308 
0.428000 229.500000 1.872843 1.182308 
