0.210000 0.000000 1.688022 1.540078 
0.210000 0.900000 1.688006 1.540079 
0.210000 1.800000 1.688013 1.540079 
0.210000 2.700000 1.688014 1.540081 
0.210000 3.600000 1.688015 1.540082 
0.210000 4.500000 1.688016 1.540083 
0.210000 5.400000 1.688016 1.540084 
0.210000 6.300000 1.688016 1.540085 
0.210000 7.200000 1.688017 1.540085 
0.210000 8.099999 1.688017 1.540085 
0.210000 9.000000 1.688017 1.540085 
0.210000 9.900000 1.688017 1.540085 
0.210000 10.799999 1.688017 1.540085 
0.210000 11.700000 1.688017 1.540085 
0.210000 12.599999 1.688017 1.540085 
0.210000 13.500000 1.688017 1.540085 
0.210000 14.400000 1.688017 1.540085 
0.210000 15.299999 1.688017 1.540085 
0.210000 16.199999 1.688017 1.540085 
0.210000 17.100000 1.688017 1.540085 
0.210000 18.000000 1.688017 1.540085 
0.210000 18.900000 1.688017 1.540085 
0.210000 19.799999 1.688017 1.540085 
0.210000 20.699999 1.688017 1.540085 
0.210000 21.599998 1.688017 1.540085 
0.210000 22.500000 1.688017 1.540085 
0.210000 23.400000 1.688017 1.540085 
0.210000 24.299999 1.688017 1.540085 
0.210000 25.199999 1.688017 1.540085 
0.210000 26.099998 1.688017 1.540085 
0.210000 27.000000 1.688017 1.540085 
0.210000 27.900000 1.688017 1.540085 
0.210000 28.799999 1.688017 1.540085 
0.210000 29.699999 1.688017 1.540085 
0.210000 30.599998 1.688017 1.540085 
0.210000 31.500000 1.688017 1.540085 
0.210000 32.399998 1.688017 1.540085 
0.210000 33.299999 1.688017 1.540085 
0.210000 34.200001 1.688017 1.540085 
0.210000 35.099998 1.688017 1.540085 
0.210000 36.000000 1.688017 1.540085 
0.210000 36.899998 1.688017 1.540085 
0.210000 37.799999 1.688017 1.540085 
0.210000 38.700001 1.688017 1.540085 
0.210000 39.599998 1.688017 1.540085 
0.210000 40.500000 1.688017 1.540085 
0.210000 41.399998 1.688017 1.540085 
0.210000 42.299999 1.688017 1.540085 
0.210000 43.199997 1.688017 1.540085 
0.210000 44.099998 1.688017 1.540085 
0.210000 45.000000 1.688017 1.540085 
0.210000 45.899998 1.688017 1.540085 
0.210000 46.799999 1.688017 1.540085 
0.210000 47.699997 1.688017 1.540085 
0.210000 48.599998 1.688017 1.540085 
0.210000 49.500000 1.688017 1.540085 
0.210000 50.399998 1.688017 1.540085 
0.210000 51.299999 1.688017 1.540085 
0.210000 52.199997 1.688017 1.540085 
0.210000 53.099998 1.688017 1.540085 
0.210000 54.000000 1.688017 1.540085 
0.210000 54.899998 1.688017 1.540085 
0.210000 55.799999 1.688017 1.540085 
0.210000 56.699997 1.688017 1.540085 
0.210000 57.599998 1.688017 1.540085 
0.210000 58.500000 1.688017 1.540085 
0.210000 59.399998 1.688017 1.540085 
0.210000 60.299999 1.688017 1.540085 
0.210000 61.199997 1.688017 1.540085 
0.210000 62.099998 1.688017 1.540085 
0.210000 63.000000 1.688017 1.540085 
0.210000 63.899998 1.688017 1.540085 
0.210000 64.799995 1.688017 1.540085 
0.210000 65.699997 1.688017 1.540085 
0.210000 66.599998 1.688017 1.540085 
0.210000 67.500000 1.688017 1.540085 
0.210000 68.400002 1.688017 1.540085 
0.210000 69.299995 1.688017 1.540085 
0.210000 70.199997 1.688017 1.540085 
0.210000 71.099998 1.688017 1.540085 
0.210000 72.000000 1.688017 1.540085 
0.210000 72.900002 1.688017 1.540085 
0.210000 73.799995 1.688017 1.540085 
0.210000 74.699997 1.688017 1.540085 
0.210000 75.599998 1.688017 1.540085 
0.210000 76.500000 1.688017 1.540085 
0.210000 77.400002 1.688017 1.540085 
0.210000 78.299995 1.688017 1.540085 
0.210000 79.199997 1.688017 1.540085 
0.210000 80.099998 1.688017 1.540085 
0.210000 81.000000 1.688017 1.540085 
0.210000 81.900002 1.688017 1.540085 
0.210000 82.799995 1.688017 1.540085 
0.210000 83.699997 1.688017 1.540085 
0.210000 84.599998 1.688017 1.540085 
0.210000 85.500000 1.688017 1.540085 
0.210000 86.399994 1.688017 1.540085 
0.210000 87.299995 1.688017 1.540085 
0.210000 88.199997 1.688017 1.540085 
0.210000 89.099998 1.688017 1.540085 
0.210000 90.000000 1.688017 1.540085 
0.210000 90.899994 1.688017 1.540085 
0.210000 91.799995 1.688017 1.540085 
0.210000 92.699997 1.688017 1.540085 
0.210000 93.599998 1.688017 1.540085 
0.210000 94.500000 1.688017 1.540085 
0.210000 95.399994 1.688017 1.540085 
0.210000 96.299995 1.688017 1.540085 
0.210000 97.199997 1.688017 1.540085 
0.210000 98.099998 1.688017 1.540085 
0.210000 99.000000 1.688017 1.540085 
0.210000 99.899994 1.688017 1.540085 
0.210000 100.799995 1.688017 1.540085 
0.210000 101.699997 1.688017 1.540085 
0.210000 102.599998 1.688017 1.540085 
0.210000 103.500000 1.688017 1.540085 
0.210000 104.399994 1.688017 1.540085 
0.210000 105.299995 1.688017 1.540085 
0.210000 106.199997 1.688017 1.540085 
0.210000 107.099998 1.688017 1.540085 
0.210000 108.000000 1.688017 1.540085 
0.210000 108.899994 1.688017 1.540085 
0.210000 109.799995 1.688017 1.540085 
0.210000 110.699997 1.688017 1.540085 
0.210000 111.599998 1.688017 1.540085 
0.210000 112.500000 1.688017 1.540085 
0.210000 113.399994 1.688017 1.540085 
0.210000 114.299995 1.688017 1.540085 
0.210000 115.199997 1.688017 1.540085 
0.210000 116.099998 1.688017 1.540085 
0.210000 117.000000 1.688017 1.540085 
0.210000 117.899994 1.688017 1.540085 
0.210000 118.799995 1.688017 1.540085 
0.210000 119.699997 1.688017 1.540085 
0.210000 120.599998 1.688017 1.540085 
0.210000 121.500000 1.688017 1.540085 
0.210000 122.399994 1.688017 1.540085 
0.210000 123.299995 1.688017 1.540085 
0.210000 124.199997 1.688017 1.540085 
0.210000 125.099998 1.688017 1.540085 
0.210000 126.000000 1.688017 1.540085 
0.210000 126.899994 1.688017 1.540085 
0.210000 127.799995 1.688017 1.540085 
0.210000 128.699997 1.688017 1.540085 
0.210000 129.599991 1.688017 1.540085 
0.210000 130.500000 1.688017 1.540085 
0.210000 131.399994 1.688017 1.540085 
0.210000 132.300003 1.688017 1.540085 
0.210000 133.199997 1.688017 1.540085 
0.210000 134.099991 1.688017 1.540085 
0.210000 135.000000 1.688017 1.540085 
0.210000 135.899994 1.688017 1.540085 
0.210000 136.800003 1.688017 1.540085 
0.210000 137.699997 1.688017 1.540085 
0.210000 138.599991 1.688017 1.540085 
0.210000 139.500000 1.688017 1.540085 
0.210000 140.399994 1.688017 1.540085 
0.210000 141.300003 1.688017 1.540085 
0.210000 142.199997 1.688017 1.540085 
0.210000 143.099991 1.688017 1.540085 
0.210000 144.000000 1.688017 1.540085 
0.210000 144.899994 1.688017 1.540085 
0.210000 145.800003 1.688017 1.540085 
0.210000 146.699997 1.688017 1.540085 
0.210000 147.599991 1.688017 1.540085 
0.210000 148.500000 1.688017 1.540085 
0.210000 149.399994 1.688017 1.540085 
0.210000 150.300003 1.688017 1.540085 
0.210000 151.199997 1.688017 1.540085 
0.210000 152.099991 1.688017 1.540085 
0.210000 153.000000 1.688017 1.540085 
0.210000 153.899994 1.688017 1.540085 
0.210000 154.800003 1.688017 1.540085 
0.210000 155.699997 1.688017 1.540085 
0.210000 156.599991 1.688017 1.540085 
0.210000 157.500000 1.688017 1.540085 
0.210000 158.399994 1.688017 1.540085 
0.210000 159.300003 1.688017 1.540085 
0.210000 160.199997 1.688017 1.540085 
0.210000 161.099991 1.688017 1.540085 
0.210000 162.000000 1.688017 1.540085 
0.210000 162.899994 1.688017 1.540085 
0.210000 163.800003 1.688017 1.540085 
0.210000 164.699997 1.688017 1.540085 
0.210000 165.599991 1.688017 1.540085 
0.210000 166.500000 1.688017 1.540085 
0.210000 167.399994 1.688017 1.540085 
0.210000 168.300003 1.688017 1.540085 
0.210000 169.199997 1.688017 1.540085 
0.210000 170.099991 1.688017 1.540085 
0.210000 171.000000 1.688017 1.540085 
0.210000 171.899994 1.688017 1.540085 
0.210000 172.799988 1.688017 1.540085 
0.210000 173.699997 1.688017 1.540085 
0.210000 174.599991 1.688017 1.540085 
0.210000 175.500000 1.688017 1.540085 
0.210000 176.399994 1.688017 1.540085 
0.210000 177.299988 1.688017 1.540085 
0.210000 178.199997 1.688017 1.540085 
0.210000 179.099991 1.688017 1.540085 
0.210000 180.000000 1.688017 1.540085 
0.210000 180.899994 1.688017 1.540085 
0.210000 181.799988 1.688017 1.540085 
0.210000 182.699997 1.688017 1.540085 
0.210000 183.599991 1.688017 1.540085 
0.210000 184.500000 1.688017 1.540085 
0.210000 185.399994 1.688017 1.540085 
0.210000 186.299988 1.688017 1.540085 
0.210000 187.199997 1.688017 1.540085 
0.210000 188.099991 1.688017 1.540085 
0.210000 189.000000 1.688017 1.540085 
0.210000 189.899994 1.688017 1.540085 
0.210000 190.799988 1.688017 1.540085 
0.210000 191.699997 1.688017 1.540085 
0.210000 192.599991 1.688017 1.540085 
0.210000 193.500000 1.688017 1.540085 
0.210000 194.399994 1.688017 1.540085 
0.210000 195.299988 1.688017 1.540085 
0.210000 196.199997 1.688017 1.540085 
0.210000 197.099991 1.688017 1.540085 
0.210000 198.000000 1.688017 1.540085 
0.210000 198.899994 1.688017 1.540085 
0.210000 199.799988 1.688017 1.540085 
0.210000 200.699997 1.688017 1.540085 
0.210000 201.599991 1.688017 1.540085 
0.210000 202.500000 1.688017 1.540085 
0.210000 203.399994 1.688017 1.540085 
0.210000 204.299988 1.688017 1.540085 
0.210000 205.199997 1.688017 1.540085 
0.210000 206.099991 1.688017 1.540085 
0.210000 207.000000 1.688017 1.540085 
0.210000 207.899994 1.688017 1.540085 
0.210000 208.799988 1.688017 1.540085 
0.210000 209.699997 1.688017 1.540085 
0.210000 210.599991 1.688017 1.540085 
0.210000 211.500000 1.688017 1.540085 
0.210000 212.399994 1.688017 1.540085 
0.210000 213.299988 1.688017 1.540085 
0.210000 214.199997 1.688017 1.540085 
0.210000 215.099991 1.688017 1.540085 
0.210000 216.000000 1.688017 1.540085 
0.210000 216.899994 1.688017 1.540085 
0.210000 217.799988 1.688017 1.540085 
0.210000 218.699997 1.688017 1.540085 
0.210000 219.599991 1.688017 1.540085 
0.210000 220.500000 1.688017 1.540085 
0.210000 221.399994 1.688017 1.540085 
0.210000 222.299988 1.688017 1.540085 
0.210000 223.199997 1.688017 1.540085 
0.210000 224.099991 1.688017 1.540085 
0.210000 225.000000 1.688017 1.540085 
0.210000 225.899994 1.688017 1.540085 
0.210000 226.799988 1.688017 1.540085 
0.210000 227.699997 1.688016 1.540085 
0.210000 228.599991 1.688016 1.540085 
0.210000 229.500000 1.688007 1.540085 
