0.757000 0.000000 1.847484 0.915983 
0.757000 0.900000 1.847437 0.915983 
0.757000 1.800000 1.847456 0.915983 
0.757000 2.700000 1.847464 0.915983 
0.757000 3.600000 1.847470 0.915983 
0.757000 4.500000 1.847473 0.915983 
0.757000 5.400000 1.847475 0.915983 
0.757000 6.300000 1.847476 0.915983 
0.757000 7.200000 1.847477 0.915983 
0.757000 8.099999 1.847478 0.915983 
0.757000 9.000000 1.847478 0.915983 
0.757000 9.900000 1.847478 0.915983 
0.757000 10.799999 1.847478 0.915983 
0.757000 11.700000 1.847478 0.915983 
0.757000 12.599999 1.847478 0.915983 
0.757000 13.500000 1.847478 0.915983 
0.757000 14.400000 1.847478 0.915983 
0.757000 15.299999 1.847478 0.915983 
0.757000 16.199999 1.847478 0.915983 
0.757000 17.100000 1.847478 0.915983 
0.757000 18.000000 1.847478 0.915983 
0.757000 18.900000 1.847478 0.915983 
0.757000 19.799999 1.847478 0.915983 
0.757000 20.699999 1.847478 0.915983 
0.757000 21.599998 1.847478 0.915983 
0.757000 22.500000 1.847478 0.915983 
0.757000 23.400000 1.847478 0.915983 
0.757000 24.299999 1.847478 0.915983 
0.757000 25.199999 1.847478 0.915983 
0.757000 26.099998 1.847478 0.915983 
0.757000 27.000000 1.847478 0.915983 
0.757000 27.900000 1.847478 0.915983 
0.757000 28.799999 1.847478 0.915983 
0.757000 29.699999 1.847478 0.915983 
0.757000 30.599998 1.847478 0.915983 
0.757000 31.500000 1.847478 0.915983 
0.757000 32.399998 1.847478 0.915983 
0.757000 33.299999 1.847478 0.915983 
0.757000 34.200001 1.847478 0.915983 
0.757000 35.099998 1.847478 0.915983 
0.757000 36.000000 1.847478 0.915983 
0.757000 36.899998 1.847478 0.915983 
0.757000 37.799999 1.847478 0.915983 
0.757000 38.700001 1.847478 0.915983 
0.757000 39.599998 1.847478 0.915983 
0.757000 40.500000 1.847478 0.915983 
0.757000 41.399998 1.847478 0.915983 
0.757000 42.299999 1.847478 0.915983 
0.757000 43.199997 1.847478 0.915983 
0.757000 44.099998 1.847478 0.915983 
0.757000 45.000000 1.847478 0.915983 
0.757000 45.899998 1.847478 0.915983 
0.757000 46.799999 1.847478 0.915983 
0.757000 47.699997 1.847478 0.915983 
0.757000 48.599998 1.847478 0.915983 
0.757000 49.500000 1.847478 0.915983 
0.757000 50.399998 1.847478 0.915983 
0.757000 51.299999 1.847478 0.915983 
0.757000 52.199997 1.847478 0.915983 
0.757000 53.099998 1.847478 0.915983 
0.757000 54.000000 1.847478 0.915983 
0.757000 54.899998 1.847478 0.915983 
0.757000 55.799999 1.847478 0.915983 
0.757000 56.699997 1.847478 0.915983 
0.757000 57.599998 1.847478 0.915983 
0.757000 58.500000 1.847478 0.915983 
0.757000 59.399998 1.847478 0.915983 
0.757000 60.299999 1.847478 0.915983 
0.757000 61.199997 1.847478 0.915983 
0.757000 62.099998 1.847478 0.915983 
0.757000 63.000000 1.847478 0.915983 
0.757000 63.899998 1.847478 0.915983 
0.757000 64.799995 1.847478 0.915983 
0.757000 65.699997 1.847478 0.915983 
0.757000 66.599998 1.847478 0.915983 
0.757000 67.500000 1.847478 0.915983 
0.757000 68.400002 1.847478 0.915983 
0.757000 69.299995 1.847478 0.915983 
0.757000 70.199997 1.847478 0.915983 
0.757000 71.099998 1.847478 0.915983 
0.757000 72.000000 1.847478 0.915983 
0.757000 72.900002 1.847478 0.915983 
0.757000 73.799995 1.847478 0.915983 
0.757000 74.699997 1.847478 0.915983 
0.757000 75.599998 1.847478 0.915983 
0.757000 76.500000 1.847478 0.915983 
0.757000 77.400002 1.847478 0.915983 
0.757000 78.299995 1.847478 0.915983 
0.757000 79.199997 1.847478 0.915983 
0.757000 80.099998 1.847478 0.915983 
0.757000 81.000000 1.847478 0.915983 
0.757000 81.900002 1.847478 0.915983 
0.757000 82.799995 1.847478 0.915983 
0.757000 83.699997 1.847478 0.915983 
0.757000 84.599998 1.847478 0.915983 
0.757000 85.500000 1.847478 0.915983 
0.757000 86.399994 1.847478 0.915983 
0.757000 87.299995 1.847478 0.915983 
0.757000 88.199997 1.847478 0.915983 
0.757000 89.099998 1.847478 0.915983 
0.757000 90.000000 1.847478 0.915983 
0.757000 90.899994 1.847478 0.915983 
0.757000 91.799995 1.847478 0.915983 
0.757000 92.699997 1.847478 0.915983 
0.757000 93.599998 1.847478 0.915983 
0.757000 94.500000 1.847478 0.915983 
0.757000 95.399994 1.847478 0.915983 
0.757000 96.299995 1.847478 0.915983 
0.757000 97.199997 1.847478 0.915983 
0.757000 98.099998 1.847478 0.915983 
0.757000 99.000000 1.847478 0.915983 
0.757000 99.899994 1.847478 0.915983 
0.757000 100.799995 1.847478 0.915983 
0.757000 101.699997 1.847478 0.915983 
0.757000 102.599998 1.847478 0.915983 
0.757000 103.500000 1.847478 0.915983 
0.757000 104.399994 1.847478 0.915983 
0.757000 105.299995 1.847478 0.915983 
0.757000 106.199997 1.847478 0.915983 
0.757000 107.099998 1.847478 0.915983 
0.757000 108.000000 1.847478 0.915983 
0.757000 108.899994 1.847478 0.915983 
0.757000 109.799995 1.847478 0.915983 
0.757000 110.699997 1.847478 0.915983 
0.757000 111.599998 1.847478 0.915983 
0.757000 112.500000 1.847478 0.915983 
0.757000 113.399994 1.847478 0.915983 
0.757000 114.299995 1.847478 0.915983 
0.757000 115.199997 1.847478 0.915983 
0.757000 116.099998 1.847478 0.915983 
0.757000 117.000000 1.847478 0.915983 
0.757000 117.899994 1.847478 0.915983 
0.757000 118.799995 1.847478 0.915983 
0.757000 119.699997 1.847478 0.915983 
0.757000 120.599998 1.847478 0.915983 
0.757000 121.500000 1.847478 0.915983 
0.757000 122.399994 1.847478 0.915983 
0.757000 123.299995 1.847478 0.915983 
0.757000 124.199997 1.847478 0.915983 
0.757000 125.099998 1.847478 0.915983 
0.757000 126.000000 1.847478 0.915983 
0.757000 126.899994 1.847478 0.915983 
0.757000 127.799995 1.847478 0.915983 
0.757000 128.699997 1.847478 0.915983 
0.757000 129.599991 1.847478 0.915983 
0.757000 130.500000 1.847478 0.915983 
0.757000 131.399994 1.847478 0.915983 
0.757000 132.300003 1.847478 0.915983 
0.757000 133.199997 1.847478 0.915983 
0.757000 134.099991 1.847478 0.915983 
0.757000 135.000000 1.847478 0.915983 
0.757000 135.899994 1.847478 0.915983 
0.757000 136.800003 1.847478 0.915983 
0.757000 137.699997 1.847478 0.915983 
0.757000 138.599991 1.847478 0.915983 
0.757000 139.500000 1.847478 0.915983 
0.757000 140.399994 1.847478 0.915983 
0.757000 141.300003 1.847478 0.915983 
0.757000 142.199997 1.847478 0.915983 
0.757000 143.099991 1.847478 0.915983 
0.757000 144.000000 1.847478 0.915983 
0.757000 144.899994 1.847478 0.915983 
0.757000 145.800003 1.847478 0.915983 
0.757000 146.699997 1.847478 0.915983 
0.757000 147.599991 1.847478 0.915983 
0.757000 148.500000 1.847478 0.915983 
0.757000 149.399994 1.847478 0.915983 
0.757000 150.300003 1.847478 0.915983 
0.757000 151.199997 1.847478 0.915983 
0.757000 152.099991 1.847478 0.915983 
0.757000 153.000000 1.847478 0.915983 
0.757000 153.899994 1.847478 0.915983 
0.757000 154.800003 1.847478 0.915983 
0.757000 155.699997 1.847478 0.915983 
0.757000 156.599991 1.847478 0.915983 
0.757000 157.500000 1.847478 0.915983 
0.757000 158.399994 1.847478 0.915983 
0.757000 159.300003 1.847478 0.915983 
0.757000 160.199997 1.847478 0.915983 
0.757000 161.099991 1.847478 0.915983 
0.757000 162.000000 1.847478 0.915983 
0.757000 162.899994 1.847478 0.915983 
0.757000 163.800003 1.847478 0.915983 
0.757000 164.699997 1.847478 0.915983 
0.757000 165.599991 1.847478 0.915983 
0.757000 166.500000 1.847478 0.915983 
0.757000 167.399994 1.847478 0.915983 
0.757000 168.300003 1.847478 0.915983 
0.757000 169.199997 1.847478 0.915983 
0.757000 170.099991 1.847478 0.915983 
0.757000 171.000000 1.847478 0.915983 
0.757000 171.899994 1.847478 0.915983 
0.757000 172.799988 1.847478 0.915983 
0.757000 173.699997 1.847478 0.915983 
0.757000 174.599991 1.847478 0.915983 
0.757000 175.500000 1.847478 0.915983 
0.757000 176.399994 1.847478 0.915983 
0.757000 177.299988 1.847478 0.915983 
0.757000 178.199997 1.847478 0.915983 
0.757000 179.099991 1.847478 0.915983 
0.757000 180.000000 1.847478 0.915983 
0.757000 180.899994 1.847478 0.915983 
0.757000 181.799988 1.847478 0.915983 
0.757000 182.699997 1.847478 0.915983 
0.757000 183.599991 1.847478 0.915983 
0.757000 184.500000 1.847478 0.915983 
0.757000 185.399994 1.847478 0.915983 
0.757000 186.299988 1.847478 0.915983 
0.757000 187.199997 1.847478 0.915983 
0.757000 188.099991 1.847478 0.915983 
0.757000 189.000000 1.847478 0.915983 
0.757000 189.899994 1.847478 0.915983 
0.757000 190.799988 1.847478 0.915983 
0.757000 191.699997 1.847478 0.915983 
0.757000 192.599991 1.847478 0.915983 
0.757000 193.500000 1.847478 0.915983 
0.757000 194.399994 1.847478 0.915983 
0.757000 195.299988 1.847478 0.915983 
0.757000 196.199997 1.847478 0.915983 
0.757000 197.099991 1.847478 0.915983 
0.757000 198.000000 1.847478 0.915983 
0.757000 198.899994 1.847478 0.915983 
0.757000 199.799988 1.847478 0.915983 
0.757000 200.699997 1.847478 0.915983 
0.757000 201.599991 1.847478 0.915983 
0.757000 202.500000 1.847478 0.915983 
0.757000 203.399994 1.847478 0.915983 
0.757000 204.299988 1.847478 0.915983 
0.757000 205.199997 1.847478 0.915983 
0.757000 206.099991 1.847478 0.915983 
0.757000 207.000000 1.847478 0.915983 
0.757000 207.899994 1.847478 0.915983 
0.757000 208.799988 1.847478 0.915983 
0.757000 209.699997 1.847478 0.915983 
0.757000 210.599991 1.847478 0.915983 
0.757000 211.500000 1.847478 0.915983 
0.757000 212.399994 1.847478 0.915983 
0.757000 213.299988 1.847478 0.915983 
0.757000 214.199997 1.847478 0.915983 
0.757000 215.099991 1.847478 0.915983 
0.757000 216.000000 1.847478 0.915983 
0.757000 216.899994 1.847478 0.915983 
0.757000 217.799988 1.847478 0.915983 
0.757000 218.699997 1.847478 0.915983 
0.757000 219.599991 1.847478 0.915983 
0.757000 220.500000 1.847478 0.915983 
0.757000 221.399994 1.847478 0.915983 
0.757000 222.299988 1.847478 0.915983 
0.757000 223.199997 1.847479 0.915983 
0.757000 224.099991 1.847479 0.915983 
0.757000 225.000000 1.847479 0.915983 
0.757000 225.899994 1.847479 0.915983 
0.757000 226.799988 1.847479 0.915983 
0.757000 227.699997 1.847478 0.915984 
0.757000 228.599991 1.847470 0.915984 
0.757000 229.500000 1.847441 0.915984 
