0.676000 0.000000 1.881239 0.952325 
0.676000 0.900000 1.881192 0.952325 
0.676000 1.800000 1.881212 0.952325 
0.676000 2.700000 1.881218 0.952325 
0.676000 3.600000 1.881224 0.952326 
0.676000 4.500000 1.881226 0.952325 
0.676000 5.400000 1.881228 0.952325 
0.676000 6.300000 1.881229 0.952325 
0.676000 7.200000 1.881230 0.952325 
0.676000 8.099999 1.881231 0.952325 
0.676000 9.000000 1.881231 0.952325 
0.676000 9.900000 1.881231 0.952325 
0.676000 10.799999 1.881231 0.952324 
0.676000 11.700000 1.881231 0.952324 
0.676000 12.599999 1.881231 0.952324 
0.676000 13.500000 1.881231 0.952324 
0.676000 14.400000 1.881231 0.952324 
0.676000 15.299999 1.881231 0.952324 
0.676000 16.199999 1.881231 0.952324 
0.676000 17.100000 1.881231 0.952324 
0.676000 18.000000 1.881231 0.952324 
0.676000 18.900000 1.881231 0.952324 
0.676000 19.799999 1.881231 0.952324 
0.676000 20.699999 1.881231 0.952324 
0.676000 21.599998 1.881231 0.952324 
0.676000 22.500000 1.881231 0.952324 
0.676000 23.400000 1.881231 0.952324 
0.676000 24.299999 1.881231 0.952324 
0.676000 25.199999 1.881231 0.952324 
0.676000 26.099998 1.881231 0.952324 
0.676000 27.000000 1.881231 0.952324 
0.676000 27.900000 1.881231 0.952324 
0.676000 28.799999 1.881231 0.952324 
0.676000 29.699999 1.881231 0.952324 
0.676000 30.599998 1.881231 0.952324 
0.676000 31.500000 1.881231 0.952324 
0.676000 32.399998 1.881231 0.952324 
0.676000 33.299999 1.881231 0.952324 
0.676000 34.200001 1.881231 0.952324 
0.676000 35.099998 1.881231 0.952324 
0.676000 36.000000 1.881231 0.952324 
0.676000 36.899998 1.881231 0.952324 
0.676000 37.799999 1.881231 0.952324 
0.676000 38.700001 1.881231 0.952324 
0.676000 39.599998 1.881231 0.952324 
0.676000 40.500000 1.881231 0.952324 
0.676000 41.399998 1.881231 0.952324 
0.676000 42.299999 1.881231 0.952324 
0.676000 43.199997 1.881231 0.952324 
0.676000 44.099998 1.881231 0.952324 
0.676000 45.000000 1.881231 0.952324 
0.676000 45.899998 1.881231 0.952324 
0.676000 46.799999 1.881231 0.952324 
0.676000 47.699997 1.881231 0.952324 
0.676000 48.599998 1.881231 0.952324 
0.676000 49.500000 1.881231 0.952324 
0.676000 50.399998 1.881231 0.952324 
0.676000 51.299999 1.881231 0.952324 
0.676000 52.199997 1.881231 0.952324 
0.676000 53.099998 1.881231 0.952324 
0.676000 54.000000 1.881231 0.952324 
0.676000 54.899998 1.881231 0.952324 
0.676000 55.799999 1.881231 0.952324 
0.676000 56.699997 1.881231 0.952324 
0.676000 57.599998 1.881231 0.952324 
0.676000 58.500000 1.881231 0.952324 
0.676000 59.399998 1.881231 0.952324 
0.676000 60.299999 1.881231 0.952324 
0.676000 61.199997 1.881231 0.952324 
0.676000 62.099998 1.881231 0.952324 
0.676000 63.000000 1.881231 0.952324 
0.676000 63.899998 1.881231 0.952324 
0.676000 64.799995 1.881231 0.952324 
0.676000 65.699997 1.881231 0.952324 
0.676000 66.599998 1.881231 0.952324 
0.676000 67.500000 1.881231 0.952324 
0.676000 68.400002 1.881231 0.952324 
0.676000 69.299995 1.881231 0.952324 
0.676000 70.199997 1.881231 0.952324 
0.676000 71.099998 1.881231 0.952324 
0.676000 72.000000 1.881231 0.952324 
0.676000 72.900002 1.881231 0.952324 
0.676000 73.799995 1.881231 0.952324 
0.676000 74.699997 1.881231 0.952324 
0.676000 75.599998 1.881231 0.952324 
0.676000 76.500000 1.881231 0.952324 
0.676000 77.400002 1.881231 0.952324 
0.676000 78.299995 1.881231 0.952324 
0.676000 79.199997 1.881231 0.952324 
0.676000 80.099998 1.881231 0.952324 
0.676000 81.000000 1.881231 0.952324 
0.676000 81.900002 1.881231 0.952324 
0.676000 82.799995 1.881231 0.952324 
0.676000 83.699997 1.881231 0.952324 
0.676000 84.599998 1.881231 0.952324 
0.676000 85.500000 1.881231 0.952324 
0.676000 86.399994 1.881231 0.952324 
0.676000 87.299995 1.881231 0.952324 
0.676000 88.199997 1.881231 0.952324 
0.676000 89.099998 1.881231 0.952324 
0.676000 90.000000 1.881231 0.952324 
0.676000 90.899994 1.881231 0.952324 
0.676000 91.799995 1.881231 0.952324 
0.676000 92.699997 1.881231 0.952324 
0.676000 93.599998 1.881231 0.952324 
0.676000 94.500000 1.881231 0.952324 
0.676000 95.399994 1.881231 0.952324 
0.676000 96.299995 1.881231 0.952324 
0.676000 97.199997 1.881231 0.952324 
0.676000 98.099998 1.881231 0.952324 
0.676000 99.000000 1.881231 0.952324 
0.676000 99.899994 1.881231 0.952324 
0.676000 100.799995 1.881231 0.952324 
0.676000 101.699997 1.881231 0.952324 
0.676000 102.599998 1.881231 0.952324 
0.676000 103.500000 1.881231 0.952324 
0.676000 104.399994 1.881231 0.952324 
0.676000 105.299995 1.881231 0.952324 
0.676000 106.199997 1.881231 0.952324 
0.676000 107.099998 1.881231 0.952324 
0.676000 108.000000 1.881231 0.952324 
0.676000 108.899994 1.881231 0.952324 
0.676000 109.799995 1.881231 0.952324 
0.676000 110.699997 1.881231 0.952324 
0.676000 111.599998 1.881231 0.952324 
0.676000 112.500000 1.881231 0.952324 
0.676000 113.399994 1.881231 0.952324 
0.676000 114.299995 1.881231 0.952324 
0.676000 115.199997 1.881231 0.952324 
0.676000 116.099998 1.881231 0.952324 
0.676000 117.000000 1.881231 0.952324 
0.676000 117.899994 1.881231 0.952324 
0.676000 118.799995 1.881231 0.952324 
0.676000 119.699997 1.881231 0.952324 
0.676000 120.599998 1.881231 0.952324 
0.676000 121.500000 1.881231 0.952324 
0.676000 122.399994 1.881231 0.952324 
0.676000 123.299995 1.881231 0.952324 
0.676000 124.199997 1.881231 0.952324 
0.676000 125.099998 1.881231 0.952324 
0.676000 126.000000 1.881231 0.952324 
0.676000 126.899994 1.881231 0.952324 
0.676000 127.799995 1.881231 0.952324 
0.676000 128.699997 1.881231 0.952324 
0.676000 129.599991 1.881231 0.952324 
0.676000 130.500000 1.881231 0.952324 
0.676000 131.399994 1.881231 0.952324 
0.676000 132.300003 1.881231 0.952324 
0.676000 133.199997 1.881231 0.952324 
0.676000 134.099991 1.881231 0.952324 
0.676000 135.000000 1.881231 0.952324 
0.676000 135.899994 1.881231 0.952324 
0.676000 136.800003 1.881231 0.952324 
0.676000 137.699997 1.881231 0.952324 
0.676000 138.599991 1.881231 0.952324 
0.676000 139.500000 1.881231 0.952324 
0.676000 140.399994 1.881231 0.952324 
0.676000 141.300003 1.881231 0.952324 
0.676000 142.199997 1.881231 0.952324 
0.676000 143.099991 1.881231 0.952324 
0.676000 144.000000 1.881231 0.952324 
0.676000 144.899994 1.881231 0.952324 
0.676000 145.800003 1.881231 0.952324 
0.676000 146.699997 1.881231 0.952324 
0.676000 147.599991 1.881231 0.952324 
0.676000 148.500000 1.881231 0.952324 
0.676000 149.399994 1.881231 0.952324 
0.676000 150.300003 1.881231 0.952324 
0.676000 151.199997 1.881231 0.952324 
0.676000 152.099991 1.881231 0.952324 
0.676000 153.000000 1.881231 0.952324 
0.676000 153.899994 1.881231 0.952324 
0.676000 154.800003 1.881231 0.952324 
0.676000 155.699997 1.881231 0.952324 
0.676000 156.599991 1.881231 0.952324 
0.676000 157.500000 1.881231 0.952324 
0.676000 158.399994 1.881231 0.952324 
0.676000 159.300003 1.881231 0.952324 
0.676000 160.199997 1.881231 0.952324 
0.676000 161.099991 1.881231 0.952324 
0.676000 162.000000 1.881231 0.952324 
0.676000 162.899994 1.881231 0.952324 
0.676000 163.800003 1.881231 0.952324 
0.676000 164.699997 1.881231 0.952324 
0.676000 165.599991 1.881231 0.952324 
0.676000 166.500000 1.881231 0.952324 
0.676000 167.399994 1.881231 0.952324 
0.676000 168.300003 1.881231 0.952324 
0.676000 169.199997 1.881231 0.952324 
0.676000 170.099991 1.881231 0.952324 
0.676000 171.000000 1.881231 0.952324 
0.676000 171.899994 1.881231 0.952324 
0.676000 172.799988 1.881231 0.952324 
0.676000 173.699997 1.881231 0.952324 
0.676000 174.599991 1.881231 0.952324 
0.676000 175.500000 1.881231 0.952324 
0.676000 176.399994 1.881231 0.952324 
0.676000 177.299988 1.881231 0.952324 
0.676000 178.199997 1.881231 0.952324 
0.676000 179.099991 1.881231 0.952324 
0.676000 180.000000 1.881231 0.952324 
0.676000 180.899994 1.881231 0.952324 
0.676000 181.799988 1.881231 0.952324 
0.676000 182.699997 1.881231 0.952324 
0.676000 183.599991 1.881231 0.952324 
0.676000 184.500000 1.881231 0.952324 
0.676000 185.399994 1.881231 0.952324 
0.676000 186.299988 1.881231 0.952324 
0.676000 187.199997 1.881231 0.952324 
0.676000 188.099991 1.881231 0.952324 
0.676000 189.000000 1.881231 0.952324 
0.676000 189.899994 1.881231 0.952324 
0.676000 190.799988 1.881231 0.952324 
0.676000 191.699997 1.881231 0.952324 
0.676000 192.599991 1.881231 0.952324 
0.676000 193.500000 1.881231 0.952324 
0.676000 194.399994 1.881231 0.952324 
0.676000 195.299988 1.881231 0.952324 
0.676000 196.199997 1.881231 0.952324 
0.676000 197.099991 1.881231 0.952324 
0.676000 198.000000 1.881231 0.952324 
0.676000 198.899994 1.881231 0.952324 
0.676000 199.799988 1.881231 0.952324 
0.676000 200.699997 1.881231 0.952324 
0.676000 201.599991 1.881231 0.952324 
0.676000 202.500000 1.881231 0.952324 
0.676000 203.399994 1.881231 0.952324 
0.676000 204.299988 1.881231 0.952324 
0.676000 205.199997 1.881231 0.952324 
0.676000 206.099991 1.881231 0.952324 
0.676000 207.000000 1.881231 0.952324 
0.676000 207.899994 1.881231 0.952324 
0.676000 208.799988 1.881231 0.952324 
0.676000 209.699997 1.881231 0.952324 
0.676000 210.599991 1.881231 0.952324 
0.676000 211.500000 1.881231 0.952324 
0.676000 212.399994 1.881231 0.952324 
0.676000 213.299988 1.881231 0.952324 
0.676000 214.199997 1.881231 0.952324 
0.676000 215.099991 1.881231 0.952324 
0.676000 216.000000 1.881231 0.952324 
0.676000 216.899994 1.881231 0.952324 
0.676000 217.799988 1.881231 0.952324 
0.676000 218.699997 1.881231 0.952324 
0.676000 219.599991 1.881231 0.952324 
0.676000 220.500000 1.881231 0.952324 
0.676000 221.399994 1.881231 0.952325 
0.676000 222.299988 1.881231 0.952325 
0.676000 223.199997 1.881231 0.952325 
0.676000 224.099991 1.881231 0.952325 
0.676000 225.000000 1.881231 0.952325 
0.676000 225.899994 1.881231 0.952326 
0.676000 226.799988 1.881231 0.952326 
0.676000 227.699997 1.881231 0.952326 
0.676000 228.599991 1.881224 0.952326 
0.676000 229.500000 1.881198 0.952327 
