0.351000 0.000000 1.825882 1.294822 
0.351000 0.900000 1.825856 1.294823 
0.351000 1.800000 1.825869 1.294822 
0.351000 2.700000 1.825870 1.294823 
0.351000 3.600000 1.825873 1.294824 
0.351000 4.500000 1.825874 1.294825 
0.351000 5.400000 1.825874 1.294826 
0.351000 6.300000 1.825875 1.294826 
0.351000 7.200000 1.825875 1.294826 
0.351000 8.099999 1.825875 1.294826 
0.351000 9.000000 1.825875 1.294826 
0.351000 9.900000 1.825875 1.294827 
0.351000 10.799999 1.825875 1.294827 
0.351000 11.700000 1.825875 1.294827 
0.351000 12.599999 1.825875 1.294827 
0.351000 13.500000 1.825875 1.294827 
0.351000 14.400000 1.825875 1.294827 
0.351000 15.299999 1.825875 1.294827 
0.351000 16.199999 1.825875 1.294827 
0.351000 17.100000 1.825875 1.294827 
0.351000 18.000000 1.825875 1.294827 
0.351000 18.900000 1.825875 1.294827 
0.351000 19.799999 1.825875 1.294827 
0.351000 20.699999 1.825875 1.294827 
0.351000 21.599998 1.825875 1.294827 
0.351000 22.500000 1.825875 1.294827 
0.351000 23.400000 1.825875 1.294827 
0.351000 24.299999 1.825875 1.294827 
0.351000 25.199999 1.825875 1.294827 
0.351000 26.099998 1.825875 1.294827 
0.351000 27.000000 1.825875 1.294827 
0.351000 27.900000 1.825875 1.294827 
0.351000 28.799999 1.825875 1.294827 
0.351000 29.699999 1.825875 1.294827 
0.351000 30.599998 1.825875 1.294827 
0.351000 31.500000 1.825875 1.294827 
0.351000 32.399998 1.825875 1.294827 
0.351000 33.299999 1.825875 1.294827 
0.351000 34.200001 1.825875 1.294827 
0.351000 35.099998 1.825875 1.294827 
0.351000 36.000000 1.825875 1.294827 
0.351000 36.899998 1.825875 1.294827 
0.351000 37.799999 1.825875 1.294827 
0.351000 38.700001 1.825875 1.294827 
0.351000 39.599998 1.825875 1.294827 
0.351000 40.500000 1.825875 1.294827 
0.351000 41.399998 1.825875 1.294827 
0.351000 42.299999 1.825875 1.294827 
0.351000 43.199997 1.825875 1.294827 
0.351000 44.099998 1.825875 1.294827 
0.351000 45.000000 1.825875 1.294827 
0.351000 45.899998 1.825875 1.294827 
0.351000 46.799999 1.825875 1.294827 
0.351000 47.699997 1.825875 1.294827 
0.351000 48.599998 1.825875 1.294827 
0.351000 49.500000 1.825875 1.294827 
0.351000 50.399998 1.825875 1.294827 
0.351000 51.299999 1.825875 1.294827 
0.351000 52.199997 1.825875 1.294827 
0.351000 53.099998 1.825875 1.294827 
0.351000 54.000000 1.825875 1.294827 
0.351000 54.899998 1.825875 1.294827 
0.351000 55.799999 1.825875 1.294827 
0.351000 56.699997 1.825875 1.294827 
0.351000 57.599998 1.825875 1.294827 
0.351000 58.500000 1.825875 1.294827 
0.351000 59.399998 1.825875 1.294827 
0.351000 60.299999 1.825875 1.294827 
0.351000 61.199997 1.825875 1.294827 
0.351000 62.099998 1.825875 1.294827 
0.351000 63.000000 1.825875 1.294827 
0.351000 63.899998 1.825875 1.294827 
0.351000 64.799995 1.825875 1.294827 
0.351000 65.699997 1.825875 1.294827 
0.351000 66.599998 1.825875 1.294827 
0.351000 67.500000 1.825875 1.294827 
0.351000 68.400002 1.825875 1.294827 
0.351000 69.299995 1.825875 1.294827 
0.351000 70.199997 1.825875 1.294827 
0.351000 71.099998 1.825875 1.294827 
0.351000 72.000000 1.825875 1.294827 
0.351000 72.900002 1.825875 1.294827 
0.351000 73.799995 1.825875 1.294827 
0.351000 74.699997 1.825875 1.294827 
0.351000 75.599998 1.825875 1.294827 
0.351000 76.500000 1.825875 1.294827 
0.351000 77.400002 1.825875 1.294827 
0.351000 78.299995 1.825875 1.294827 
0.351000 79.199997 1.825875 1.294827 
0.351000 80.099998 1.825875 1.294827 
0.351000 81.000000 1.825875 1.294827 
0.351000 81.900002 1.825875 1.294827 
0.351000 82.799995 1.825875 1.294827 
0.351000 83.699997 1.825875 1.294827 
0.351000 84.599998 1.825875 1.294827 
0.351000 85.500000 1.825875 1.294827 
0.351000 86.399994 1.825875 1.294827 
0.351000 87.299995 1.825875 1.294827 
0.351000 88.199997 1.825875 1.294827 
0.351000 89.099998 1.825875 1.294827 
0.351000 90.000000 1.825875 1.294827 
0.351000 90.899994 1.825875 1.294827 
0.351000 91.799995 1.825875 1.294827 
0.351000 92.699997 1.825875 1.294827 
0.351000 93.599998 1.825875 1.294827 
0.351000 94.500000 1.825875 1.294827 
0.351000 95.399994 1.825875 1.294827 
0.351000 96.299995 1.825875 1.294827 
0.351000 97.199997 1.825875 1.294827 
0.351000 98.099998 1.825875 1.294827 
0.351000 99.000000 1.825875 1.294827 
0.351000 99.899994 1.825875 1.294827 
0.351000 100.799995 1.825875 1.294827 
0.351000 101.699997 1.825875 1.294827 
0.351000 102.599998 1.825875 1.294827 
0.351000 103.500000 1.825875 1.294827 
0.351000 104.399994 1.825875 1.294827 
0.351000 105.299995 1.825875 1.294827 
0.351000 106.199997 1.825875 1.294827 
0.351000 107.099998 1.825875 1.294827 
0.351000 108.000000 1.825875 1.294827 
0.351000 108.899994 1.825875 1.294827 
0.351000 109.799995 1.825875 1.294827 
0.351000 110.699997 1.825875 1.294827 
0.351000 111.599998 1.825875 1.294827 
0.351000 112.500000 1.825875 1.294827 
0.351000 113.399994 1.825875 1.294827 
0.351000 114.299995 1.825875 1.294827 
0.351000 115.199997 1.825875 1.294827 
0.351000 116.099998 1.825875 1.294827 
0.351000 117.000000 1.825875 1.294827 
0.351000 117.899994 1.825875 1.294827 
0.351000 118.799995 1.825875 1.294827 
0.351000 119.699997 1.825875 1.294827 
0.351000 120.599998 1.825875 1.294827 
0.351000 121.500000 1.825875 1.294827 
0.351000 122.399994 1.825875 1.294827 
0.351000 123.299995 1.825875 1.294827 
0.351000 124.199997 1.825875 1.294827 
0.351000 125.099998 1.825875 1.294827 
0.351000 126.000000 1.825875 1.294827 
0.351000 126.899994 1.825875 1.294827 
0.351000 127.799995 1.825875 1.294827 
0.351000 128.699997 1.825875 1.294827 
0.351000 129.599991 1.825875 1.294827 
0.351000 130.500000 1.825875 1.294827 
0.351000 131.399994 1.825875 1.294827 
0.351000 132.300003 1.825875 1.294827 
0.351000 133.199997 1.825875 1.294827 
0.351000 134.099991 1.825875 1.294827 
0.351000 135.000000 1.825875 1.294827 
0.351000 135.899994 1.825875 1.294827 
0.351000 136.800003 1.825875 1.294827 
0.351000 137.699997 1.825875 1.294827 
0.351000 138.599991 1.825875 1.294827 
0.351000 139.500000 1.825875 1.294827 
0.351000 140.399994 1.825875 1.294827 
0.351000 141.300003 1.825875 1.294827 
0.351000 142.199997 1.825875 1.294827 
0.351000 143.099991 1.825875 1.294827 
0.351000 144.000000 1.825875 1.294827 
0.351000 144.899994 1.825875 1.294827 
0.351000 145.800003 1.825875 1.294827 
0.351000 146.699997 1.825875 1.294827 
0.351000 147.599991 1.825875 1.294827 
0.351000 148.500000 1.825875 1.294827 
0.351000 149.399994 1.825875 1.294827 
0.351000 150.300003 1.825875 1.294827 
0.351000 151.199997 1.825875 1.294827 
0.351000 152.099991 1.825875 1.294827 
0.351000 153.000000 1.825875 1.294827 
0.351000 153.899994 1.825875 1.294827 
0.351000 154.800003 1.825875 1.294827 
0.351000 155.699997 1.825875 1.294827 
0.351000 156.599991 1.825875 1.294827 
0.351000 157.500000 1.825875 1.294827 
0.351000 158.399994 1.825875 1.294827 
0.351000 159.300003 1.825875 1.294827 
0.351000 160.199997 1.825875 1.294827 
0.351000 161.099991 1.825875 1.294827 
0.351000 162.000000 1.825875 1.294827 
0.351000 162.899994 1.825875 1.294827 
0.351000 163.800003 1.825875 1.294827 
0.351000 164.699997 1.825875 1.294827 
0.351000 165.599991 1.825875 1.294827 
0.351000 166.500000 1.825875 1.294827 
0.351000 167.399994 1.825875 1.294827 
0.351000 168.300003 1.825875 1.294827 
0.351000 169.199997 1.825875 1.294827 
0.351000 170.099991 1.825875 1.294827 
0.351000 171.000000 1.825875 1.294827 
0.351000 171.899994 1.825875 1.294827 
0.351000 172.799988 1.825875 1.294827 
0.351000 173.699997 1.825875 1.294827 
0.351000 174.599991 1.825875 1.294827 
0.351000 175.500000 1.825875 1.294827 
0.351000 176.399994 1.825875 1.294827 
0.351000 177.299988 1.825875 1.294827 
0.351000 178.199997 1.825875 1.294827 
0.351000 179.099991 1.825875 1.294827 
0.351000 180.000000 1.825875 1.294827 
0.351000 180.899994 1.825875 1.294827 
0.351000 181.799988 1.825875 1.294827 
0.351000 182.699997 1.825875 1.294827 
0.351000 183.599991 1.825875 1.294827 
0.351000 184.500000 1.825875 1.294827 
0.351000 185.399994 1.825875 1.294827 
0.351000 186.299988 1.825875 1.294827 
0.351000 187.199997 1.825875 1.294827 
0.351000 188.099991 1.825875 1.294827 
0.351000 189.000000 1.825875 1.294827 
0.351000 189.899994 1.825875 1.294827 
0.351000 190.799988 1.825875 1.294827 
0.351000 191.699997 1.825875 1.294827 
0.351000 192.599991 1.825875 1.294827 
0.351000 193.500000 1.825875 1.294827 
0.351000 194.399994 1.825875 1.294827 
0.351000 195.299988 1.825875 1.294827 
0.351000 196.199997 1.825875 1.294827 
0.351000 197.099991 1.825875 1.294827 
0.351000 198.000000 1.825875 1.294827 
0.351000 198.899994 1.825875 1.294827 
0.351000 199.799988 1.825875 1.294827 
0.351000 200.699997 1.825875 1.294827 
0.351000 201.599991 1.825875 1.294827 
0.351000 202.500000 1.825875 1.294827 
0.351000 203.399994 1.825875 1.294827 
0.351000 204.299988 1.825875 1.294827 
0.351000 205.199997 1.825875 1.294827 
0.351000 206.099991 1.825875 1.294827 
0.351000 207.000000 1.825875 1.294827 
0.351000 207.899994 1.825875 1.294827 
0.351000 208.799988 1.825875 1.294827 
0.351000 209.699997 1.825875 1.294827 
0.351000 210.599991 1.825875 1.294827 
0.351000 211.500000 1.825875 1.294827 
0.351000 212.399994 1.825875 1.294827 
0.351000 213.299988 1.825875 1.294827 
0.351000 214.199997 1.825875 1.294827 
0.351000 215.099991 1.825875 1.294827 
0.351000 216.000000 1.825875 1.294827 
0.351000 216.899994 1.825875 1.294827 
0.351000 217.799988 1.825875 1.294827 
0.351000 218.699997 1.825875 1.294827 
0.351000 219.599991 1.825875 1.294827 
0.351000 220.500000 1.825875 1.294827 
0.351000 221.399994 1.825875 1.294827 
0.351000 222.299988 1.825875 1.294827 
0.351000 223.199997 1.825875 1.294827 
0.351000 224.099991 1.825875 1.294827 
0.351000 225.000000 1.825875 1.294827 
0.351000 225.899994 1.825875 1.294827 
0.351000 226.799988 1.825875 1.294827 
0.351000 227.699997 1.825875 1.294827 
0.351000 228.599991 1.825874 1.294827 
0.351000 229.500000 1.825860 1.294827 
