0.160000 0.000000 1.627212 1.633777 
0.160000 0.900000 1.627200 1.633778 
0.160000 1.800000 1.627205 1.633778 
0.160000 2.700000 1.627205 1.633780 
0.160000 3.600000 1.627206 1.633781 
0.160000 4.500000 1.627207 1.633782 
0.160000 5.400000 1.627207 1.633783 
0.160000 6.300000 1.627207 1.633783 
0.160000 7.200000 1.627207 1.633783 
0.160000 8.099999 1.627207 1.633783 
0.160000 9.000000 1.627207 1.633783 
0.160000 9.900000 1.627207 1.633783 
0.160000 10.799999 1.627207 1.633783 
0.160000 11.700000 1.627207 1.633783 
0.160000 12.599999 1.627207 1.633783 
0.160000 13.500000 1.627207 1.633783 
0.160000 14.400000 1.627207 1.633783 
0.160000 15.299999 1.627207 1.633783 
0.160000 16.199999 1.627207 1.633783 
0.160000 17.100000 1.627207 1.633783 
0.160000 18.000000 1.627207 1.633783 
0.160000 18.900000 1.627207 1.633783 
0.160000 19.799999 1.627207 1.633783 
0.160000 20.699999 1.627207 1.633783 
0.160000 21.599998 1.627207 1.633783 
0.160000 22.500000 1.627207 1.633783 
0.160000 23.400000 1.627207 1.633783 
0.160000 24.299999 1.627207 1.633783 
0.160000 25.199999 1.627207 1.633783 
0.160000 26.099998 1.627207 1.633783 
0.160000 27.000000 1.627207 1.633783 
0.160000 27.900000 1.627207 1.633783 
0.160000 28.799999 1.627207 1.633783 
0.160000 29.699999 1.627207 1.633783 
0.160000 30.599998 1.627207 1.633783 
0.160000 31.500000 1.627207 1.633783 
0.160000 32.399998 1.627207 1.633783 
0.160000 33.299999 1.627207 1.633783 
0.160000 34.200001 1.627207 1.633783 
0.160000 35.099998 1.627207 1.633783 
0.160000 36.000000 1.627207 1.633783 
0.160000 36.899998 1.627207 1.633783 
0.160000 37.799999 1.627207 1.633783 
0.160000 38.700001 1.627207 1.633783 
0.160000 39.599998 1.627207 1.633783 
0.160000 40.500000 1.627207 1.633783 
0.160000 41.399998 1.627207 1.633783 
0.160000 42.299999 1.627207 1.633783 
0.160000 43.199997 1.627207 1.633783 
0.160000 44.099998 1.627207 1.633783 
0.160000 45.000000 1.627207 1.633783 
0.160000 45.899998 1.627207 1.633783 
0.160000 46.799999 1.627207 1.633783 
0.160000 47.699997 1.627207 1.633783 
0.160000 48.599998 1.627207 1.633783 
0.160000 49.500000 1.627207 1.633783 
0.160000 50.399998 1.627207 1.633783 
0.160000 51.299999 1.627207 1.633783 
0.160000 52.199997 1.627207 1.633783 
0.160000 53.099998 1.627207 1.633783 
0.160000 54.000000 1.627207 1.633783 
0.160000 54.899998 1.627207 1.633783 
0.160000 55.799999 1.627207 1.633783 
0.160000 56.699997 1.627207 1.633783 
0.160000 57.599998 1.627207 1.633783 
0.160000 58.500000 1.627207 1.633783 
0.160000 59.399998 1.627207 1.633783 
0.160000 60.299999 1.627207 1.633783 
0.160000 61.199997 1.627207 1.633783 
0.160000 62.099998 1.627207 1.633783 
0.160000 63.000000 1.627207 1.633783 
0.160000 63.899998 1.627207 1.633783 
0.160000 64.799995 1.627207 1.633783 
0.160000 65.699997 1.627207 1.633783 
0.160000 66.599998 1.627207 1.633783 
0.160000 67.500000 1.627207 1.633783 
0.160000 68.400002 1.627207 1.633783 
0.160000 69.299995 1.627207 1.633783 
0.160000 70.199997 1.627207 1.633783 
0.160000 71.099998 1.627207 1.633783 
0.160000 72.000000 1.627207 1.633783 
0.160000 72.900002 1.627207 1.633783 
0.160000 73.799995 1.627207 1.633783 
0.160000 74.699997 1.627207 1.633783 
0.160000 75.599998 1.627207 1.633783 
0.160000 76.500000 1.627207 1.633783 
0.160000 77.400002 1.627207 1.633783 
0.160000 78.299995 1.627207 1.633783 
0.160000 79.199997 1.627207 1.633783 
0.160000 80.099998 1.627207 1.633783 
0.160000 81.000000 1.627207 1.633783 
0.160000 81.900002 1.627207 1.633783 
0.160000 82.799995 1.627207 1.633783 
0.160000 83.699997 1.627207 1.633783 
0.160000 84.599998 1.627207 1.633783 
0.160000 85.500000 1.627207 1.633783 
0.160000 86.399994 1.627207 1.633783 
0.160000 87.299995 1.627207 1.633783 
0.160000 88.199997 1.627207 1.633783 
0.160000 89.099998 1.627207 1.633783 
0.160000 90.000000 1.627207 1.633783 
0.160000 90.899994 1.627207 1.633783 
0.160000 91.799995 1.627207 1.633783 
0.160000 92.699997 1.627207 1.633783 
0.160000 93.599998 1.627207 1.633783 
0.160000 94.500000 1.627207 1.633783 
0.160000 95.399994 1.627207 1.633783 
0.160000 96.299995 1.627207 1.633783 
0.160000 97.199997 1.627207 1.633783 
0.160000 98.099998 1.627207 1.633783 
0.160000 99.000000 1.627207 1.633783 
0.160000 99.899994 1.627207 1.633783 
0.160000 100.799995 1.627207 1.633783 
0.160000 101.699997 1.627207 1.633783 
0.160000 102.599998 1.627207 1.633783 
0.160000 103.500000 1.627207 1.633783 
0.160000 104.399994 1.627207 1.633783 
0.160000 105.299995 1.627207 1.633783 
0.160000 106.199997 1.627207 1.633783 
0.160000 107.099998 1.627207 1.633783 
0.160000 108.000000 1.627207 1.633783 
0.160000 108.899994 1.627207 1.633783 
0.160000 109.799995 1.627207 1.633783 
0.160000 110.699997 1.627207 1.633783 
0.160000 111.599998 1.627207 1.633783 
0.160000 112.500000 1.627207 1.633783 
0.160000 113.399994 1.627207 1.633783 
0.160000 114.299995 1.627207 1.633783 
0.160000 115.199997 1.627207 1.633783 
0.160000 116.099998 1.627207 1.633783 
0.160000 117.000000 1.627207 1.633783 
0.160000 117.899994 1.627207 1.633783 
0.160000 118.799995 1.627207 1.633783 
0.160000 119.699997 1.627207 1.633783 
0.160000 120.599998 1.627207 1.633783 
0.160000 121.500000 1.627207 1.633783 
0.160000 122.399994 1.627207 1.633783 
0.160000 123.299995 1.627207 1.633783 
0.160000 124.199997 1.627207 1.633783 
0.160000 125.099998 1.627207 1.633783 
0.160000 126.000000 1.627207 1.633783 
0.160000 126.899994 1.627207 1.633783 
0.160000 127.799995 1.627207 1.633783 
0.160000 128.699997 1.627207 1.633783 
0.160000 129.599991 1.627207 1.633783 
0.160000 130.500000 1.627207 1.633783 
0.160000 131.399994 1.627207 1.633783 
0.160000 132.300003 1.627207 1.633783 
0.160000 133.199997 1.627207 1.633783 
0.160000 134.099991 1.627207 1.633783 
0.160000 135.000000 1.627207 1.633783 
0.160000 135.899994 1.627207 1.633783 
0.160000 136.800003 1.627207 1.633783 
0.160000 137.699997 1.627207 1.633783 
0.160000 138.599991 1.627207 1.633783 
0.160000 139.500000 1.627207 1.633783 
0.160000 140.399994 1.627207 1.633783 
0.160000 141.300003 1.627207 1.633783 
0.160000 142.199997 1.627207 1.633783 
0.160000 143.099991 1.627207 1.633783 
0.160000 144.000000 1.627207 1.633783 
0.160000 144.899994 1.627207 1.633783 
0.160000 145.800003 1.627207 1.633783 
0.160000 146.699997 1.627207 1.633783 
0.160000 147.599991 1.627207 1.633783 
0.160000 148.500000 1.627207 1.633783 
0.160000 149.399994 1.627207 1.633783 
0.160000 150.300003 1.627207 1.633783 
0.160000 151.199997 1.627207 1.633783 
0.160000 152.099991 1.627207 1.633783 
0.160000 153.000000 1.627207 1.633783 
0.160000 153.899994 1.627207 1.633783 
0.160000 154.800003 1.627207 1.633783 
0.160000 155.699997 1.627207 1.633783 
0.160000 156.599991 1.627207 1.633783 
0.160000 157.500000 1.627207 1.633783 
0.160000 158.399994 1.627207 1.633783 
0.160000 159.300003 1.627207 1.633783 
0.160000 160.199997 1.627207 1.633783 
0.160000 161.099991 1.627207 1.633783 
0.160000 162.000000 1.627207 1.633783 
0.160000 162.899994 1.627207 1.633783 
0.160000 163.800003 1.627207 1.633783 
0.160000 164.699997 1.627207 1.633783 
0.160000 165.599991 1.627207 1.633783 
0.160000 166.500000 1.627207 1.633783 
0.160000 167.399994 1.627207 1.633783 
0.160000 168.300003 1.627207 1.633783 
0.160000 169.199997 1.627207 1.633783 
0.160000 170.099991 1.627207 1.633783 
0.160000 171.000000 1.627207 1.633783 
0.160000 171.899994 1.627207 1.633783 
0.160000 172.799988 1.627207 1.633783 
0.160000 173.699997 1.627207 1.633783 
0.160000 174.599991 1.627207 1.633783 
0.160000 175.500000 1.627207 1.633783 
0.160000 176.399994 1.627207 1.633783 
0.160000 177.299988 1.627207 1.633783 
0.160000 178.199997 1.627207 1.633783 
0.160000 179.099991 1.627207 1.633783 
0.160000 180.000000 1.627207 1.633783 
0.160000 180.899994 1.627207 1.633783 
0.160000 181.799988 1.627207 1.633783 
0.160000 182.699997 1.627207 1.633783 
0.160000 183.599991 1.627207 1.633783 
0.160000 184.500000 1.627207 1.633783 
0.160000 185.399994 1.627207 1.633783 
0.160000 186.299988 1.627207 1.633783 
0.160000 187.199997 1.627207 1.633783 
0.160000 188.099991 1.627207 1.633783 
0.160000 189.000000 1.627207 1.633783 
0.160000 189.899994 1.627207 1.633783 
0.160000 190.799988 1.627207 1.633783 
0.160000 191.699997 1.627207 1.633783 
0.160000 192.599991 1.627207 1.633783 
0.160000 193.500000 1.627207 1.633783 
0.160000 194.399994 1.627207 1.633783 
0.160000 195.299988 1.627207 1.633783 
0.160000 196.199997 1.627207 1.633783 
0.160000 197.099991 1.627207 1.633783 
0.160000 198.000000 1.627207 1.633783 
0.160000 198.899994 1.627207 1.633783 
0.160000 199.799988 1.627207 1.633783 
0.160000 200.699997 1.627207 1.633783 
0.160000 201.599991 1.627207 1.633783 
0.160000 202.500000 1.627207 1.633783 
0.160000 203.399994 1.627207 1.633783 
0.160000 204.299988 1.627207 1.633783 
0.160000 205.199997 1.627207 1.633783 
0.160000 206.099991 1.627207 1.633783 
0.160000 207.000000 1.627207 1.633783 
0.160000 207.899994 1.627207 1.633783 
0.160000 208.799988 1.627207 1.633783 
0.160000 209.699997 1.627207 1.633783 
0.160000 210.599991 1.627207 1.633783 
0.160000 211.500000 1.627207 1.633783 
0.160000 212.399994 1.627207 1.633783 
0.160000 213.299988 1.627207 1.633783 
0.160000 214.199997 1.627207 1.633783 
0.160000 215.099991 1.627207 1.633783 
0.160000 216.000000 1.627207 1.633783 
0.160000 216.899994 1.627207 1.633783 
0.160000 217.799988 1.627207 1.633783 
0.160000 218.699997 1.627207 1.633783 
0.160000 219.599991 1.627207 1.633783 
0.160000 220.500000 1.627207 1.633783 
0.160000 221.399994 1.627207 1.633783 
0.160000 222.299988 1.627207 1.633783 
0.160000 223.199997 1.627207 1.633783 
0.160000 224.099991 1.627207 1.633783 
0.160000 225.000000 1.627207 1.633783 
0.160000 225.899994 1.627207 1.633783 
0.160000 226.799988 1.627207 1.633783 
0.160000 227.699997 1.627207 1.633783 
0.160000 228.599991 1.627207 1.633783 
0.160000 229.500000 1.627200 1.633783 
