0.299000 0.000000 1.782070 1.380472 
0.299000 0.900000 1.782047 1.380472 
0.299000 1.800000 1.782057 1.380472 
0.299000 2.700000 1.782058 1.380473 
0.299000 3.600000 1.782061 1.380474 
0.299000 4.500000 1.782062 1.380475 
0.299000 5.400000 1.782063 1.380476 
0.299000 6.300000 1.782063 1.380477 
0.299000 7.200000 1.782063 1.380477 
0.299000 8.099999 1.782063 1.380477 
0.299000 9.000000 1.782063 1.380477 
0.299000 9.900000 1.782063 1.380477 
0.299000 10.799999 1.782063 1.380477 
0.299000 11.700000 1.782063 1.380477 
0.299000 12.599999 1.782063 1.380477 
0.299000 13.500000 1.782063 1.380477 
0.299000 14.400000 1.782063 1.380477 
0.299000 15.299999 1.782063 1.380477 
0.299000 16.199999 1.782063 1.380477 
0.299000 17.100000 1.782063 1.380477 
0.299000 18.000000 1.782063 1.380477 
0.299000 18.900000 1.782063 1.380477 
0.299000 19.799999 1.782063 1.380477 
0.299000 20.699999 1.782063 1.380477 
0.299000 21.599998 1.782063 1.380477 
0.299000 22.500000 1.782063 1.380477 
0.299000 23.400000 1.782063 1.380477 
0.299000 24.299999 1.782063 1.380477 
0.299000 25.199999 1.782063 1.380477 
0.299000 26.099998 1.782063 1.380477 
0.299000 27.000000 1.782063 1.380477 
0.299000 27.900000 1.782063 1.380477 
0.299000 28.799999 1.782063 1.380477 
0.299000 29.699999 1.782063 1.380477 
0.299000 30.599998 1.782063 1.380477 
0.299000 31.500000 1.782063 1.380477 
0.299000 32.399998 1.782063 1.380477 
0.299000 33.299999 1.782063 1.380477 
0.299000 34.200001 1.782063 1.380477 
0.299000 35.099998 1.782063 1.380477 
0.299000 36.000000 1.782063 1.380477 
0.299000 36.899998 1.782063 1.380477 
0.299000 37.799999 1.782063 1.380477 
0.299000 38.700001 1.782063 1.380477 
0.299000 39.599998 1.782063 1.380477 
0.299000 40.500000 1.782063 1.380477 
0.299000 41.399998 1.782063 1.380477 
0.299000 42.299999 1.782063 1.380477 
0.299000 43.199997 1.782063 1.380477 
0.299000 44.099998 1.782063 1.380477 
0.299000 45.000000 1.782063 1.380477 
0.299000 45.899998 1.782063 1.380477 
0.299000 46.799999 1.782063 1.380477 
0.299000 47.699997 1.782063 1.380477 
0.299000 48.599998 1.782063 1.380477 
0.299000 49.500000 1.782063 1.380477 
0.299000 50.399998 1.782063 1.380477 
0.299000 51.299999 1.782063 1.380477 
0.299000 52.199997 1.782063 1.380477 
0.299000 53.099998 1.782063 1.380477 
0.299000 54.000000 1.782063 1.380477 
0.299000 54.899998 1.782063 1.380477 
0.299000 55.799999 1.782063 1.380477 
0.299000 56.699997 1.782063 1.380477 
0.299000 57.599998 1.782063 1.380477 
0.299000 58.500000 1.782063 1.380477 
0.299000 59.399998 1.782063 1.380477 
0.299000 60.299999 1.782063 1.380477 
0.299000 61.199997 1.782063 1.380477 
0.299000 62.099998 1.782063 1.380477 
0.299000 63.000000 1.782063 1.380477 
0.299000 63.899998 1.782063 1.380477 
0.299000 64.799995 1.782063 1.380477 
0.299000 65.699997 1.782063 1.380477 
0.299000 66.599998 1.782063 1.380477 
0.299000 67.500000 1.782063 1.380477 
0.299000 68.400002 1.782063 1.380477 
0.299000 69.299995 1.782063 1.380477 
0.299000 70.199997 1.782063 1.380477 
0.299000 71.099998 1.782063 1.380477 
0.299000 72.000000 1.782063 1.380477 
0.299000 72.900002 1.782063 1.380477 
0.299000 73.799995 1.782063 1.380477 
0.299000 74.699997 1.782063 1.380477 
0.299000 75.599998 1.782063 1.380477 
0.299000 76.500000 1.782063 1.380477 
0.299000 77.400002 1.782063 1.380477 
0.299000 78.299995 1.782063 1.380477 
0.299000 79.199997 1.782063 1.380477 
0.299000 80.099998 1.782063 1.380477 
0.299000 81.000000 1.782063 1.380477 
0.299000 81.900002 1.782063 1.380477 
0.299000 82.799995 1.782063 1.380477 
0.299000 83.699997 1.782063 1.380477 
0.299000 84.599998 1.782063 1.380477 
0.299000 85.500000 1.782063 1.380477 
0.299000 86.399994 1.782063 1.380477 
0.299000 87.299995 1.782063 1.380477 
0.299000 88.199997 1.782063 1.380477 
0.299000 89.099998 1.782063 1.380477 
0.299000 90.000000 1.782063 1.380477 
0.299000 90.899994 1.782063 1.380477 
0.299000 91.799995 1.782063 1.380477 
0.299000 92.699997 1.782063 1.380477 
0.299000 93.599998 1.782063 1.380477 
0.299000 94.500000 1.782063 1.380477 
0.299000 95.399994 1.782063 1.380477 
0.299000 96.299995 1.782063 1.380477 
0.299000 97.199997 1.782063 1.380477 
0.299000 98.099998 1.782063 1.380477 
0.299000 99.000000 1.782063 1.380477 
0.299000 99.899994 1.782063 1.380477 
0.299000 100.799995 1.782063 1.380477 
0.299000 101.699997 1.782063 1.380477 
0.299000 102.599998 1.782063 1.380477 
0.299000 103.500000 1.782063 1.380477 
0.299000 104.399994 1.782063 1.380477 
0.299000 105.299995 1.782063 1.380477 
0.299000 106.199997 1.782063 1.380477 
0.299000 107.099998 1.782063 1.380477 
0.299000 108.000000 1.782063 1.380477 
0.299000 108.899994 1.782063 1.380477 
0.299000 109.799995 1.782063 1.380477 
0.299000 110.699997 1.782063 1.380477 
0.299000 111.599998 1.782063 1.380477 
0.299000 112.500000 1.782063 1.380477 
0.299000 113.399994 1.782063 1.380477 
0.299000 114.299995 1.782063 1.380477 
0.299000 115.199997 1.782063 1.380477 
0.299000 116.099998 1.782063 1.380477 
0.299000 117.000000 1.782063 1.380477 
0.299000 117.899994 1.782063 1.380477 
0.299000 118.799995 1.782063 1.380477 
0.299000 119.699997 1.782063 1.380477 
0.299000 120.599998 1.782063 1.380477 
0.299000 121.500000 1.782063 1.380477 
0.299000 122.399994 1.782063 1.380477 
0.299000 123.299995 1.782063 1.380477 
0.299000 124.199997 1.782063 1.380477 
0.299000 125.099998 1.782063 1.380477 
0.299000 126.000000 1.782063 1.380477 
0.299000 126.899994 1.782063 1.380477 
0.299000 127.799995 1.782063 1.380477 
0.299000 128.699997 1.782063 1.380477 
0.299000 129.599991 1.782063 1.380477 
0.299000 130.500000 1.782063 1.380477 
0.299000 131.399994 1.782063 1.380477 
0.299000 132.300003 1.782063 1.380477 
0.299000 133.199997 1.782063 1.380477 
0.299000 134.099991 1.782063 1.380477 
0.299000 135.000000 1.782063 1.380477 
0.299000 135.899994 1.782063 1.380477 
0.299000 136.800003 1.782063 1.380477 
0.299000 137.699997 1.782063 1.380477 
0.299000 138.599991 1.782063 1.380477 
0.299000 139.500000 1.782063 1.380477 
0.299000 140.399994 1.782063 1.380477 
0.299000 141.300003 1.782063 1.380477 
0.299000 142.199997 1.782063 1.380477 
0.299000 143.099991 1.782063 1.380477 
0.299000 144.000000 1.782063 1.380477 
0.299000 144.899994 1.782063 1.380477 
0.299000 145.800003 1.782063 1.380477 
0.299000 146.699997 1.782063 1.380477 
0.299000 147.599991 1.782063 1.380477 
0.299000 148.500000 1.782063 1.380477 
0.299000 149.399994 1.782063 1.380477 
0.299000 150.300003 1.782063 1.380477 
0.299000 151.199997 1.782063 1.380477 
0.299000 152.099991 1.782063 1.380477 
0.299000 153.000000 1.782063 1.380477 
0.299000 153.899994 1.782063 1.380477 
0.299000 154.800003 1.782063 1.380477 
0.299000 155.699997 1.782063 1.380477 
0.299000 156.599991 1.782063 1.380477 
0.299000 157.500000 1.782063 1.380477 
0.299000 158.399994 1.782063 1.380477 
0.299000 159.300003 1.782063 1.380477 
0.299000 160.199997 1.782063 1.380477 
0.299000 161.099991 1.782063 1.380477 
0.299000 162.000000 1.782063 1.380477 
0.299000 162.899994 1.782063 1.380477 
0.299000 163.800003 1.782063 1.380477 
0.299000 164.699997 1.782063 1.380477 
0.299000 165.599991 1.782063 1.380477 
0.299000 166.500000 1.782063 1.380477 
0.299000 167.399994 1.782063 1.380477 
0.299000 168.300003 1.782063 1.380477 
0.299000 169.199997 1.782063 1.380477 
0.299000 170.099991 1.782063 1.380477 
0.299000 171.000000 1.782063 1.380477 
0.299000 171.899994 1.782063 1.380477 
0.299000 172.799988 1.782063 1.380477 
0.299000 173.699997 1.782063 1.380477 
0.299000 174.599991 1.782063 1.380477 
0.299000 175.500000 1.782063 1.380477 
0.299000 176.399994 1.782063 1.380477 
0.299000 177.299988 1.782063 1.380477 
0.299000 178.199997 1.782063 1.380477 
0.299000 179.099991 1.782063 1.380477 
0.299000 180.000000 1.782063 1.380477 
0.299000 180.899994 1.782063 1.380477 
0.299000 181.799988 1.782063 1.380477 
0.299000 182.699997 1.782063 1.380477 
0.299000 183.599991 1.782063 1.380477 
0.299000 184.500000 1.782063 1.380477 
0.299000 185.399994 1.782063 1.380477 
0.299000 186.299988 1.782063 1.380477 
0.299000 187.199997 1.782063 1.380477 
0.299000 188.099991 1.782063 1.380477 
0.299000 189.000000 1.782063 1.380477 
0.299000 189.899994 1.782063 1.380477 
0.299000 190.799988 1.782063 1.380477 
0.299000 191.699997 1.782063 1.380477 
0.299000 192.599991 1.782063 1.380477 
0.299000 193.500000 1.782063 1.380477 
0.299000 194.399994 1.782063 1.380477 
0.299000 195.299988 1.782063 1.380477 
0.299000 196.199997 1.782063 1.380477 
0.299000 197.099991 1.782063 1.380477 
0.299000 198.000000 1.782063 1.380477 
0.299000 198.899994 1.782063 1.380477 
0.299000 199.799988 1.782063 1.380477 
0.299000 200.699997 1.782063 1.380477 
0.299000 201.599991 1.782063 1.380477 
0.299000 202.500000 1.782063 1.380477 
0.299000 203.399994 1.782063 1.380477 
0.299000 204.299988 1.782063 1.380477 
0.299000 205.199997 1.782063 1.380477 
0.299000 206.099991 1.782063 1.380477 
0.299000 207.000000 1.782063 1.380477 
0.299000 207.899994 1.782063 1.380477 
0.299000 208.799988 1.782063 1.380477 
0.299000 209.699997 1.782063 1.380477 
0.299000 210.599991 1.782063 1.380477 
0.299000 211.500000 1.782063 1.380477 
0.299000 212.399994 1.782063 1.380477 
0.299000 213.299988 1.782063 1.380477 
0.299000 214.199997 1.782063 1.380477 
0.299000 215.099991 1.782063 1.380477 
0.299000 216.000000 1.782063 1.380477 
0.299000 216.899994 1.782063 1.380477 
0.299000 217.799988 1.782063 1.380477 
0.299000 218.699997 1.782063 1.380477 
0.299000 219.599991 1.782063 1.380477 
0.299000 220.500000 1.782063 1.380477 
0.299000 221.399994 1.782063 1.380477 
0.299000 222.299988 1.782063 1.380477 
0.299000 223.199997 1.782063 1.380477 
0.299000 224.099991 1.782063 1.380477 
0.299000 225.000000 1.782063 1.380477 
0.299000 225.899994 1.782063 1.380477 
0.299000 226.799988 1.782063 1.380477 
0.299000 227.699997 1.782063 1.380477 
0.299000 228.599991 1.782062 1.380477 
0.299000 229.500000 1.782049 1.380477 
