0.533000 0.000000 1.901187 1.060512 
0.533000 0.900000 1.901147 1.060512 
0.533000 1.800000 1.901165 1.060512 
0.533000 2.700000 1.901169 1.060512 
0.533000 3.600000 1.901173 1.060513 
0.533000 4.500000 1.901175 1.060513 
0.533000 5.400000 1.901177 1.060513 
0.533000 6.300000 1.901178 1.060512 
0.533000 7.200000 1.901178 1.060512 
0.533000 8.099999 1.901179 1.060512 
0.533000 9.000000 1.901179 1.060512 
0.533000 9.900000 1.901179 1.060512 
0.533000 10.799999 1.901179 1.060512 
0.533000 11.700000 1.901179 1.060512 
0.533000 12.599999 1.901179 1.060512 
0.533000 13.500000 1.901179 1.060513 
0.533000 14.400000 1.901179 1.060513 
0.533000 15.299999 1.901180 1.060513 
0.533000 16.199999 1.901180 1.060513 
0.533000 17.100000 1.901180 1.060513 
0.533000 18.000000 1.901180 1.060513 
0.533000 18.900000 1.901180 1.060513 
0.533000 19.799999 1.901180 1.060513 
0.533000 20.699999 1.901180 1.060513 
0.533000 21.599998 1.901180 1.060513 
0.533000 22.500000 1.901180 1.060513 
0.533000 23.400000 1.901180 1.060513 
0.533000 24.299999 1.901180 1.060513 
0.533000 25.199999 1.901180 1.060513 
0.533000 26.099998 1.901180 1.060513 
0.533000 27.000000 1.901180 1.060513 
0.533000 27.900000 1.901180 1.060513 
0.533000 28.799999 1.901180 1.060513 
0.533000 29.699999 1.901180 1.060513 
0.533000 30.599998 1.901180 1.060513 
0.533000 31.500000 1.901180 1.060513 
0.533000 32.399998 1.901180 1.060513 
0.533000 33.299999 1.901180 1.060513 
0.533000 34.200001 1.901180 1.060513 
0.533000 35.099998 1.901180 1.060513 
0.533000 36.000000 1.901180 1.060513 
0.533000 36.899998 1.901180 1.060513 
0.533000 37.799999 1.901180 1.060513 
0.533000 38.700001 1.901180 1.060513 
0.533000 39.599998 1.901180 1.060513 
0.533000 40.500000 1.901180 1.060513 
0.533000 41.399998 1.901180 1.060513 
0.533000 42.299999 1.901180 1.060513 
0.533000 43.199997 1.901180 1.060513 
0.533000 44.099998 1.901180 1.060513 
0.533000 45.000000 1.901180 1.060513 
0.533000 45.899998 1.901180 1.060513 
0.533000 46.799999 1.901180 1.060513 
0.533000 47.699997 1.901180 1.060513 
0.533000 48.599998 1.901180 1.060513 
0.533000 49.500000 1.901180 1.060513 
0.533000 50.399998 1.901180 1.060513 
0.533000 51.299999 1.901180 1.060513 
0.533000 52.199997 1.901180 1.060513 
0.533000 53.099998 1.901180 1.060513 
0.533000 54.000000 1.901180 1.060513 
0.533000 54.899998 1.901180 1.060513 
0.533000 55.799999 1.901180 1.060513 
0.533000 56.699997 1.901180 1.060513 
0.533000 57.599998 1.901180 1.060513 
0.533000 58.500000 1.901180 1.060513 
0.533000 59.399998 1.901180 1.060513 
0.533000 60.299999 1.901180 1.060513 
0.533000 61.199997 1.901180 1.060513 
0.533000 62.099998 1.901180 1.060513 
0.533000 63.000000 1.901180 1.060513 
0.533000 63.899998 1.901180 1.060513 
0.533000 64.799995 1.901180 1.060513 
0.533000 65.699997 1.901180 1.060513 
0.533000 66.599998 1.901180 1.060513 
0.533000 67.500000 1.901180 1.060513 
0.533000 68.400002 1.901180 1.060513 
0.533000 69.299995 1.901180 1.060513 
0.533000 70.199997 1.901180 1.060513 
0.533000 71.099998 1.901180 1.060513 
0.533000 72.000000 1.901180 1.060513 
0.533000 72.900002 1.901180 1.060513 
0.533000 73.799995 1.901180 1.060513 
0.533000 74.699997 1.901180 1.060513 
0.533000 75.599998 1.901180 1.060513 
0.533000 76.500000 1.901180 1.060513 
0.533000 77.400002 1.901180 1.060513 
0.533000 78.299995 1.901180 1.060513 
0.533000 79.199997 1.901180 1.060513 
0.533000 80.099998 1.901180 1.060513 
0.533000 81.000000 1.901180 1.060513 
0.533000 81.900002 1.901180 1.060513 
0.533000 82.799995 1.901180 1.060513 
0.533000 83.699997 1.901180 1.060513 
0.533000 84.599998 1.901180 1.060513 
0.533000 85.500000 1.901180 1.060513 
0.533000 86.399994 1.901180 1.060513 
0.533000 87.299995 1.901180 1.060513 
0.533000 88.199997 1.901180 1.060513 
0.533000 89.099998 1.901180 1.060513 
0.533000 90.000000 1.901180 1.060513 
0.533000 90.899994 1.901180 1.060513 
0.533000 91.799995 1.901180 1.060513 
0.533000 92.699997 1.901180 1.060513 
0.533000 93.599998 1.901180 1.060513 
0.533000 94.500000 1.901180 1.060513 
0.533000 95.399994 1.901180 1.060513 
0.533000 96.299995 1.901180 1.060513 
0.533000 97.199997 1.901180 1.060513 
0.533000 98.099998 1.901180 1.060513 
0.533000 99.000000 1.901180 1.060513 
0.533000 99.899994 1.901180 1.060513 
0.533000 100.799995 1.901180 1.060513 
0.533000 101.699997 1.901180 1.060513 
0.533000 102.599998 1.901180 1.060513 
0.533000 103.500000 1.901180 1.060513 
0.533000 104.399994 1.901180 1.060513 
0.533000 105.299995 1.901180 1.060513 
0.533000 106.199997 1.901180 1.060513 
0.533000 107.099998 1.901180 1.060513 
0.533000 108.000000 1.901180 1.060513 
0.533000 108.899994 1.901180 1.060513 
0.533000 109.799995 1.901180 1.060513 
0.533000 110.699997 1.901180 1.060513 
0.533000 111.599998 1.901180 1.060513 
0.533000 112.500000 1.901180 1.060513 
0.533000 113.399994 1.901180 1.060513 
0.533000 114.299995 1.901180 1.060513 
0.533000 115.199997 1.901180 1.060513 
0.533000 116.099998 1.901180 1.060513 
0.533000 117.000000 1.901180 1.060513 
0.533000 117.899994 1.901180 1.060513 
0.533000 118.799995 1.901180 1.060513 
0.533000 119.699997 1.901180 1.060513 
0.533000 120.599998 1.901180 1.060513 
0.533000 121.500000 1.901180 1.060513 
0.533000 122.399994 1.901180 1.060513 
0.533000 123.299995 1.901180 1.060513 
0.533000 124.199997 1.901180 1.060513 
0.533000 125.099998 1.901180 1.060513 
0.533000 126.000000 1.901180 1.060513 
0.533000 126.899994 1.901180 1.060513 
0.533000 127.799995 1.901180 1.060513 
0.533000 128.699997 1.901180 1.060513 
0.533000 129.599991 1.901180 1.060513 
0.533000 130.500000 1.901180 1.060513 
0.533000 131.399994 1.901180 1.060513 
0.533000 132.300003 1.901180 1.060513 
0.533000 133.199997 1.901180 1.060513 
0.533000 134.099991 1.901180 1.060513 
0.533000 135.000000 1.901180 1.060513 
0.533000 135.899994 1.901180 1.060513 
0.533000 136.800003 1.901180 1.060513 
0.533000 137.699997 1.901180 1.060513 
0.533000 138.599991 1.901180 1.060513 
0.533000 139.500000 1.901180 1.060513 
0.533000 140.399994 1.901180 1.060513 
0.533000 141.300003 1.901180 1.060513 
0.533000 142.199997 1.901180 1.060513 
0.533000 143.099991 1.901180 1.060513 
0.533000 144.000000 1.901180 1.060513 
0.533000 144.899994 1.901180 1.060513 
0.533000 145.800003 1.901180 1.060513 
0.533000 146.699997 1.901180 1.060513 
0.533000 147.599991 1.901180 1.060513 
0.533000 148.500000 1.901180 1.060513 
0.533000 149.399994 1.901180 1.060513 
0.533000 150.300003 1.901180 1.060513 
0.533000 151.199997 1.901180 1.060513 
0.533000 152.099991 1.901180 1.060513 
0.533000 153.000000 1.901180 1.060513 
0.533000 153.899994 1.901180 1.060513 
0.533000 154.800003 1.901180 1.060513 
0.533000 155.699997 1.901180 1.060513 
0.533000 156.599991 1.901180 1.060513 
0.533000 157.500000 1.901180 1.060513 
0.533000 158.399994 1.901180 1.060513 
0.533000 159.300003 1.901180 1.060513 
0.533000 160.199997 1.901180 1.060513 
0.533000 161.099991 1.901180 1.060513 
0.533000 162.000000 1.901180 1.060513 
0.533000 162.899994 1.901180 1.060513 
0.533000 163.800003 1.901180 1.060513 
0.533000 164.699997 1.901180 1.060513 
0.533000 165.599991 1.901180 1.060513 
0.533000 166.500000 1.901180 1.060513 
0.533000 167.399994 1.901180 1.060513 
0.533000 168.300003 1.901180 1.060513 
0.533000 169.199997 1.901180 1.060513 
0.533000 170.099991 1.901180 1.060513 
0.533000 171.000000 1.901180 1.060513 
0.533000 171.899994 1.901180 1.060513 
0.533000 172.799988 1.901180 1.060513 
0.533000 173.699997 1.901180 1.060513 
0.533000 174.599991 1.901180 1.060513 
0.533000 175.500000 1.901180 1.060513 
0.533000 176.399994 1.901180 1.060513 
0.533000 177.299988 1.901180 1.060513 
0.533000 178.199997 1.901180 1.060513 
0.533000 179.099991 1.901180 1.060513 
0.533000 180.000000 1.901180 1.060513 
0.533000 180.899994 1.901180 1.060513 
0.533000 181.799988 1.901180 1.060513 
0.533000 182.699997 1.901180 1.060513 
0.533000 183.599991 1.901180 1.060513 
0.533000 184.500000 1.901180 1.060513 
0.533000 185.399994 1.901180 1.060513 
0.533000 186.299988 1.901180 1.060513 
0.533000 187.199997 1.901180 1.060513 
0.533000 188.099991 1.901180 1.060513 
0.533000 189.000000 1.901180 1.060513 
0.533000 189.899994 1.901180 1.060513 
0.533000 190.799988 1.901180 1.060513 
0.533000 191.699997 1.901180 1.060513 
0.533000 192.599991 1.901180 1.060513 
0.533000 193.500000 1.901180 1.060513 
0.533000 194.399994 1.901180 1.060513 
0.533000 195.299988 1.901180 1.060513 
0.533000 196.199997 1.901180 1.060513 
0.533000 197.099991 1.901180 1.060513 
0.533000 198.000000 1.901180 1.060513 
0.533000 198.899994 1.901180 1.060513 
0.533000 199.799988 1.901180 1.060513 
0.533000 200.699997 1.901180 1.060513 
0.533000 201.599991 1.901180 1.060513 
0.533000 202.500000 1.901180 1.060513 
0.533000 203.399994 1.901180 1.060513 
0.533000 204.299988 1.901180 1.060513 
0.533000 205.199997 1.901180 1.060513 
0.533000 206.099991 1.901180 1.060513 
0.533000 207.000000 1.901180 1.060513 
0.533000 207.899994 1.901180 1.060513 
0.533000 208.799988 1.901180 1.060513 
0.533000 209.699997 1.901180 1.060513 
0.533000 210.599991 1.901180 1.060513 
0.533000 211.500000 1.901180 1.060513 
0.533000 212.399994 1.901180 1.060513 
0.533000 213.299988 1.901180 1.060513 
0.533000 214.199997 1.901180 1.060513 
0.533000 215.099991 1.901180 1.060513 
0.533000 216.000000 1.901180 1.060513 
0.533000 216.899994 1.901180 1.060513 
0.533000 217.799988 1.901180 1.060513 
0.533000 218.699997 1.901180 1.060513 
0.533000 219.599991 1.901180 1.060513 
0.533000 220.500000 1.901180 1.060513 
0.533000 221.399994 1.901180 1.060513 
0.533000 222.299988 1.901180 1.060513 
0.533000 223.199997 1.901180 1.060513 
0.533000 224.099991 1.901180 1.060513 
0.533000 225.000000 1.901180 1.060514 
0.533000 225.899994 1.901180 1.060514 
0.533000 226.799988 1.901179 1.060514 
0.533000 227.699997 1.901179 1.060514 
0.533000 228.599991 1.901175 1.060514 
0.533000 229.500000 1.901152 1.060514 
