0.014000 0.000000 1.434948 1.903680 
0.014000 0.900000 1.434947 1.903680 
0.014000 1.800000 1.434947 1.903680 
0.014000 2.700000 1.434947 1.903681 
0.014000 3.600000 1.434947 1.903681 
0.014000 4.500000 1.434947 1.903681 
0.014000 5.400000 1.434947 1.903681 
0.014000 6.300000 1.434947 1.903681 
0.014000 7.200000 1.434947 1.903681 
0.014000 8.099999 1.434947 1.903681 
0.014000 9.000000 1.434947 1.903681 
0.014000 9.900000 1.434947 1.903681 
0.014000 10.799999 1.434947 1.903681 
0.014000 11.700000 1.434947 1.903681 
0.014000 12.599999 1.434947 1.903681 
0.014000 13.500000 1.434947 1.903681 
0.014000 14.400000 1.434947 1.903681 
0.014000 15.299999 1.434947 1.903681 
0.014000 16.199999 1.434947 1.903681 
0.014000 17.100000 1.434947 1.903681 
0.014000 18.000000 1.434947 1.903681 
0.014000 18.900000 1.434947 1.903681 
0.014000 19.799999 1.434947 1.903681 
0.014000 20.699999 1.434947 1.903681 
0.014000 21.599998 1.434947 1.903681 
0.014000 22.500000 1.434947 1.903681 
0.014000 23.400000 1.434947 1.903681 
0.014000 24.299999 1.434947 1.903681 
0.014000 25.199999 1.434947 1.903681 
0.014000 26.099998 1.434947 1.903681 
0.014000 27.000000 1.434947 1.903681 
0.014000 27.900000 1.434947 1.903681 
0.014000 28.799999 1.434947 1.903681 
0.014000 29.699999 1.434947 1.903681 
0.014000 30.599998 1.434947 1.903681 
0.014000 31.500000 1.434947 1.903681 
0.014000 32.399998 1.434947 1.903681 
0.014000 33.299999 1.434947 1.903681 
0.014000 34.200001 1.434947 1.903681 
0.014000 35.099998 1.434947 1.903681 
0.014000 36.000000 1.434947 1.903681 
0.014000 36.899998 1.434947 1.903681 
0.014000 37.799999 1.434947 1.903681 
0.014000 38.700001 1.434947 1.903681 
0.014000 39.599998 1.434947 1.903681 
0.014000 40.500000 1.434947 1.903681 
0.014000 41.399998 1.434947 1.903681 
0.014000 42.299999 1.434947 1.903681 
0.014000 43.199997 1.434947 1.903681 
0.014000 44.099998 1.434947 1.903681 
0.014000 45.000000 1.434947 1.903681 
0.014000 45.899998 1.434947 1.903681 
0.014000 46.799999 1.434947 1.903681 
0.014000 47.699997 1.434947 1.903681 
0.014000 48.599998 1.434947 1.903681 
0.014000 49.500000 1.434947 1.903681 
0.014000 50.399998 1.434947 1.903681 
0.014000 51.299999 1.434947 1.903681 
0.014000 52.199997 1.434947 1.903681 
0.014000 53.099998 1.434947 1.903681 
0.014000 54.000000 1.434947 1.903681 
0.014000 54.899998 1.434947 1.903681 
0.014000 55.799999 1.434947 1.903681 
0.014000 56.699997 1.434947 1.903681 
0.014000 57.599998 1.434947 1.903681 
0.014000 58.500000 1.434947 1.903681 
0.014000 59.399998 1.434947 1.903681 
0.014000 60.299999 1.434947 1.903681 
0.014000 61.199997 1.434947 1.903681 
0.014000 62.099998 1.434947 1.903681 
0.014000 63.000000 1.434947 1.903681 
0.014000 63.899998 1.434947 1.903681 
0.014000 64.799995 1.434947 1.903681 
0.014000 65.699997 1.434947 1.903681 
0.014000 66.599998 1.434947 1.903681 
0.014000 67.500000 1.434947 1.903681 
0.014000 68.400002 1.434947 1.903681 
0.014000 69.299995 1.434947 1.903681 
0.014000 70.199997 1.434947 1.903681 
0.014000 71.099998 1.434947 1.903681 
0.014000 72.000000 1.434947 1.903681 
0.014000 72.900002 1.434947 1.903681 
0.014000 73.799995 1.434947 1.903681 
0.014000 74.699997 1.434947 1.903681 
0.014000 75.599998 1.434947 1.903681 
0.014000 76.500000 1.434947 1.903681 
0.014000 77.400002 1.434947 1.903681 
0.014000 78.299995 1.434947 1.903681 
0.014000 79.199997 1.434947 1.903681 
0.014000 80.099998 1.434947 1.903681 
0.014000 81.000000 1.434947 1.903681 
0.014000 81.900002 1.434947 1.903681 
0.014000 82.799995 1.434947 1.903681 
0.014000 83.699997 1.434947 1.903681 
0.014000 84.599998 1.434947 1.903681 
0.014000 85.500000 1.434947 1.903681 
0.014000 86.399994 1.434947 1.903681 
0.014000 87.299995 1.434947 1.903681 
0.014000 88.199997 1.434947 1.903681 
0.014000 89.099998 1.434947 1.903681 
0.014000 90.000000 1.434947 1.903681 
0.014000 90.899994 1.434947 1.903681 
0.014000 91.799995 1.434947 1.903681 
0.014000 92.699997 1.434947 1.903681 
0.014000 93.599998 1.434947 1.903681 
0.014000 94.500000 1.434947 1.903681 
0.014000 95.399994 1.434947 1.903681 
0.014000 96.299995 1.434947 1.903681 
0.014000 97.199997 1.434947 1.903681 
0.014000 98.099998 1.434947 1.903681 
0.014000 99.000000 1.434947 1.903681 
0.014000 99.899994 1.434947 1.903681 
0.014000 100.799995 1.434947 1.903681 
0.014000 101.699997 1.434947 1.903681 
0.014000 102.599998 1.434947 1.903681 
0.014000 103.500000 1.434947 1.903681 
0.014000 104.399994 1.434947 1.903681 
0.014000 105.299995 1.434947 1.903681 
0.014000 106.199997 1.434947 1.903681 
0.014000 107.099998 1.434947 1.903681 
0.014000 108.000000 1.434947 1.903681 
0.014000 108.899994 1.434947 1.903681 
0.014000 109.799995 1.434947 1.903681 
0.014000 110.699997 1.434947 1.903681 
0.014000 111.599998 1.434947 1.903681 
0.014000 112.500000 1.434947 1.903681 
0.014000 113.399994 1.434947 1.903681 
0.014000 114.299995 1.434947 1.903681 
0.014000 115.199997 1.434947 1.903681 
0.014000 116.099998 1.434947 1.903681 
0.014000 117.000000 1.434947 1.903681 
0.014000 117.899994 1.434947 1.903681 
0.014000 118.799995 1.434947 1.903681 
0.014000 119.699997 1.434947 1.903681 
0.014000 120.599998 1.434947 1.903681 
0.014000 121.500000 1.434947 1.903681 
0.014000 122.399994 1.434947 1.903681 
0.014000 123.299995 1.434947 1.903681 
0.014000 124.199997 1.434947 1.903681 
0.014000 125.099998 1.434947 1.903681 
0.014000 126.000000 1.434947 1.903681 
0.014000 126.899994 1.434947 1.903681 
0.014000 127.799995 1.434947 1.903681 
0.014000 128.699997 1.434947 1.903681 
0.014000 129.599991 1.434947 1.903681 
0.014000 130.500000 1.434947 1.903681 
0.014000 131.399994 1.434947 1.903681 
0.014000 132.300003 1.434947 1.903681 
0.014000 133.199997 1.434947 1.903681 
0.014000 134.099991 1.434947 1.903681 
0.014000 135.000000 1.434947 1.903681 
0.014000 135.899994 1.434947 1.903681 
0.014000 136.800003 1.434947 1.903681 
0.014000 137.699997 1.434947 1.903681 
0.014000 138.599991 1.434947 1.903681 
0.014000 139.500000 1.434947 1.903681 
0.014000 140.399994 1.434947 1.903681 
0.014000 141.300003 1.434947 1.903681 
0.014000 142.199997 1.434947 1.903681 
0.014000 143.099991 1.434947 1.903681 
0.014000 144.000000 1.434947 1.903681 
0.014000 144.899994 1.434947 1.903681 
0.014000 145.800003 1.434947 1.903681 
0.014000 146.699997 1.434947 1.903681 
0.014000 147.599991 1.434947 1.903681 
0.014000 148.500000 1.434947 1.903681 
0.014000 149.399994 1.434947 1.903681 
0.014000 150.300003 1.434947 1.903681 
0.014000 151.199997 1.434947 1.903681 
0.014000 152.099991 1.434947 1.903681 
0.014000 153.000000 1.434947 1.903681 
0.014000 153.899994 1.434947 1.903681 
0.014000 154.800003 1.434947 1.903681 
0.014000 155.699997 1.434947 1.903681 
0.014000 156.599991 1.434947 1.903681 
0.014000 157.500000 1.434947 1.903681 
0.014000 158.399994 1.434947 1.903681 
0.014000 159.300003 1.434947 1.903681 
0.014000 160.199997 1.434947 1.903681 
0.014000 161.099991 1.434947 1.903681 
0.014000 162.000000 1.434947 1.903681 
0.014000 162.899994 1.434947 1.903681 
0.014000 163.800003 1.434947 1.903681 
0.014000 164.699997 1.434947 1.903681 
0.014000 165.599991 1.434947 1.903681 
0.014000 166.500000 1.434947 1.903681 
0.014000 167.399994 1.434947 1.903681 
0.014000 168.300003 1.434947 1.903681 
0.014000 169.199997 1.434947 1.903681 
0.014000 170.099991 1.434947 1.903681 
0.014000 171.000000 1.434947 1.903681 
0.014000 171.899994 1.434947 1.903681 
0.014000 172.799988 1.434947 1.903681 
0.014000 173.699997 1.434947 1.903681 
0.014000 174.599991 1.434947 1.903681 
0.014000 175.500000 1.434947 1.903681 
0.014000 176.399994 1.434947 1.903681 
0.014000 177.299988 1.434947 1.903681 
0.014000 178.199997 1.434947 1.903681 
0.014000 179.099991 1.434947 1.903681 
0.014000 180.000000 1.434947 1.903681 
0.014000 180.899994 1.434947 1.903681 
0.014000 181.799988 1.434947 1.903681 
0.014000 182.699997 1.434947 1.903681 
0.014000 183.599991 1.434947 1.903681 
0.014000 184.500000 1.434947 1.903681 
0.014000 185.399994 1.434947 1.903681 
0.014000 186.299988 1.434947 1.903681 
0.014000 187.199997 1.434947 1.903681 
0.014000 188.099991 1.434947 1.903681 
0.014000 189.000000 1.434947 1.903681 
0.014000 189.899994 1.434947 1.903681 
0.014000 190.799988 1.434947 1.903681 
0.014000 191.699997 1.434947 1.903681 
0.014000 192.599991 1.434947 1.903681 
0.014000 193.500000 1.434947 1.903681 
0.014000 194.399994 1.434947 1.903681 
0.014000 195.299988 1.434947 1.903681 
0.014000 196.199997 1.434947 1.903681 
0.014000 197.099991 1.434947 1.903681 
0.014000 198.000000 1.434947 1.903681 
0.014000 198.899994 1.434947 1.903681 
0.014000 199.799988 1.434947 1.903681 
0.014000 200.699997 1.434947 1.903681 
0.014000 201.599991 1.434947 1.903681 
0.014000 202.500000 1.434947 1.903681 
0.014000 203.399994 1.434947 1.903681 
0.014000 204.299988 1.434947 1.903681 
0.014000 205.199997 1.434947 1.903681 
0.014000 206.099991 1.434947 1.903681 
0.014000 207.000000 1.434947 1.903681 
0.014000 207.899994 1.434947 1.903681 
0.014000 208.799988 1.434947 1.903681 
0.014000 209.699997 1.434947 1.903681 
0.014000 210.599991 1.434947 1.903681 
0.014000 211.500000 1.434947 1.903681 
0.014000 212.399994 1.434947 1.903681 
0.014000 213.299988 1.434947 1.903681 
0.014000 214.199997 1.434947 1.903681 
0.014000 215.099991 1.434947 1.903681 
0.014000 216.000000 1.434947 1.903681 
0.014000 216.899994 1.434947 1.903681 
0.014000 217.799988 1.434947 1.903681 
0.014000 218.699997 1.434947 1.903681 
0.014000 219.599991 1.434947 1.903681 
0.014000 220.500000 1.434947 1.903681 
0.014000 221.399994 1.434947 1.903681 
0.014000 222.299988 1.434947 1.903681 
0.014000 223.199997 1.434947 1.903681 
0.014000 224.099991 1.434947 1.903681 
0.014000 225.000000 1.434947 1.903681 
0.014000 225.899994 1.434947 1.903681 
0.014000 226.799988 1.434947 1.903681 
0.014000 227.699997 1.434947 1.903681 
0.014000 228.599991 1.434947 1.903681 
0.014000 229.500000 1.434947 1.903681 
