0.286000 0.000000 1.769724 1.402902 
0.286000 0.900000 1.769703 1.402902 
0.286000 1.800000 1.769712 1.402903 
0.286000 2.700000 1.769713 1.402904 
0.286000 3.600000 1.769715 1.402905 
0.286000 4.500000 1.769717 1.402905 
0.286000 5.400000 1.769717 1.402906 
0.286000 6.300000 1.769717 1.402907 
0.286000 7.200000 1.769718 1.402907 
0.286000 8.099999 1.769718 1.402907 
0.286000 9.000000 1.769718 1.402908 
0.286000 9.900000 1.769718 1.402908 
0.286000 10.799999 1.769718 1.402908 
0.286000 11.700000 1.769718 1.402908 
0.286000 12.599999 1.769718 1.402908 
0.286000 13.500000 1.769718 1.402908 
0.286000 14.400000 1.769718 1.402908 
0.286000 15.299999 1.769718 1.402908 
0.286000 16.199999 1.769718 1.402908 
0.286000 17.100000 1.769718 1.402908 
0.286000 18.000000 1.769718 1.402908 
0.286000 18.900000 1.769718 1.402908 
0.286000 19.799999 1.769718 1.402908 
0.286000 20.699999 1.769718 1.402908 
0.286000 21.599998 1.769718 1.402908 
0.286000 22.500000 1.769718 1.402908 
0.286000 23.400000 1.769718 1.402908 
0.286000 24.299999 1.769718 1.402908 
0.286000 25.199999 1.769718 1.402908 
0.286000 26.099998 1.769718 1.402908 
0.286000 27.000000 1.769718 1.402908 
0.286000 27.900000 1.769718 1.402908 
0.286000 28.799999 1.769718 1.402908 
0.286000 29.699999 1.769718 1.402908 
0.286000 30.599998 1.769718 1.402908 
0.286000 31.500000 1.769718 1.402908 
0.286000 32.399998 1.769718 1.402908 
0.286000 33.299999 1.769718 1.402908 
0.286000 34.200001 1.769718 1.402908 
0.286000 35.099998 1.769718 1.402908 
0.286000 36.000000 1.769718 1.402908 
0.286000 36.899998 1.769718 1.402908 
0.286000 37.799999 1.769718 1.402908 
0.286000 38.700001 1.769718 1.402908 
0.286000 39.599998 1.769718 1.402908 
0.286000 40.500000 1.769718 1.402908 
0.286000 41.399998 1.769718 1.402908 
0.286000 42.299999 1.769718 1.402908 
0.286000 43.199997 1.769718 1.402908 
0.286000 44.099998 1.769718 1.402908 
0.286000 45.000000 1.769718 1.402908 
0.286000 45.899998 1.769718 1.402908 
0.286000 46.799999 1.769718 1.402908 
0.286000 47.699997 1.769718 1.402908 
0.286000 48.599998 1.769718 1.402908 
0.286000 49.500000 1.769718 1.402908 
0.286000 50.399998 1.769718 1.402908 
0.286000 51.299999 1.769718 1.402908 
0.286000 52.199997 1.769718 1.402908 
0.286000 53.099998 1.769718 1.402908 
0.286000 54.000000 1.769718 1.402908 
0.286000 54.899998 1.769718 1.402908 
0.286000 55.799999 1.769718 1.402908 
0.286000 56.699997 1.769718 1.402908 
0.286000 57.599998 1.769718 1.402908 
0.286000 58.500000 1.769718 1.402908 
0.286000 59.399998 1.769718 1.402908 
0.286000 60.299999 1.769718 1.402908 
0.286000 61.199997 1.769718 1.402908 
0.286000 62.099998 1.769718 1.402908 
0.286000 63.000000 1.769718 1.402908 
0.286000 63.899998 1.769718 1.402908 
0.286000 64.799995 1.769718 1.402908 
0.286000 65.699997 1.769718 1.402908 
0.286000 66.599998 1.769718 1.402908 
0.286000 67.500000 1.769718 1.402908 
0.286000 68.400002 1.769718 1.402908 
0.286000 69.299995 1.769718 1.402908 
0.286000 70.199997 1.769718 1.402908 
0.286000 71.099998 1.769718 1.402908 
0.286000 72.000000 1.769718 1.402908 
0.286000 72.900002 1.769718 1.402908 
0.286000 73.799995 1.769718 1.402908 
0.286000 74.699997 1.769718 1.402908 
0.286000 75.599998 1.769718 1.402908 
0.286000 76.500000 1.769718 1.402908 
0.286000 77.400002 1.769718 1.402908 
0.286000 78.299995 1.769718 1.402908 
0.286000 79.199997 1.769718 1.402908 
0.286000 80.099998 1.769718 1.402908 
0.286000 81.000000 1.769718 1.402908 
0.286000 81.900002 1.769718 1.402908 
0.286000 82.799995 1.769718 1.402908 
0.286000 83.699997 1.769718 1.402908 
0.286000 84.599998 1.769718 1.402908 
0.286000 85.500000 1.769718 1.402908 
0.286000 86.399994 1.769718 1.402908 
0.286000 87.299995 1.769718 1.402908 
0.286000 88.199997 1.769718 1.402908 
0.286000 89.099998 1.769718 1.402908 
0.286000 90.000000 1.769718 1.402908 
0.286000 90.899994 1.769718 1.402908 
0.286000 91.799995 1.769718 1.402908 
0.286000 92.699997 1.769718 1.402908 
0.286000 93.599998 1.769718 1.402908 
0.286000 94.500000 1.769718 1.402908 
0.286000 95.399994 1.769718 1.402908 
0.286000 96.299995 1.769718 1.402908 
0.286000 97.199997 1.769718 1.402908 
0.286000 98.099998 1.769718 1.402908 
0.286000 99.000000 1.769718 1.402908 
0.286000 99.899994 1.769718 1.402908 
0.286000 100.799995 1.769718 1.402908 
0.286000 101.699997 1.769718 1.402908 
0.286000 102.599998 1.769718 1.402908 
0.286000 103.500000 1.769718 1.402908 
0.286000 104.399994 1.769718 1.402908 
0.286000 105.299995 1.769718 1.402908 
0.286000 106.199997 1.769718 1.402908 
0.286000 107.099998 1.769718 1.402908 
0.286000 108.000000 1.769718 1.402908 
0.286000 108.899994 1.769718 1.402908 
0.286000 109.799995 1.769718 1.402908 
0.286000 110.699997 1.769718 1.402908 
0.286000 111.599998 1.769718 1.402908 
0.286000 112.500000 1.769718 1.402908 
0.286000 113.399994 1.769718 1.402908 
0.286000 114.299995 1.769718 1.402908 
0.286000 115.199997 1.769718 1.402908 
0.286000 116.099998 1.769718 1.402908 
0.286000 117.000000 1.769718 1.402908 
0.286000 117.899994 1.769718 1.402908 
0.286000 118.799995 1.769718 1.402908 
0.286000 119.699997 1.769718 1.402908 
0.286000 120.599998 1.769718 1.402908 
0.286000 121.500000 1.769718 1.402908 
0.286000 122.399994 1.769718 1.402908 
0.286000 123.299995 1.769718 1.402908 
0.286000 124.199997 1.769718 1.402908 
0.286000 125.099998 1.769718 1.402908 
0.286000 126.000000 1.769718 1.402908 
0.286000 126.899994 1.769718 1.402908 
0.286000 127.799995 1.769718 1.402908 
0.286000 128.699997 1.769718 1.402908 
0.286000 129.599991 1.769718 1.402908 
0.286000 130.500000 1.769718 1.402908 
0.286000 131.399994 1.769718 1.402908 
0.286000 132.300003 1.769718 1.402908 
0.286000 133.199997 1.769718 1.402908 
0.286000 134.099991 1.769718 1.402908 
0.286000 135.000000 1.769718 1.402908 
0.286000 135.899994 1.769718 1.402908 
0.286000 136.800003 1.769718 1.402908 
0.286000 137.699997 1.769718 1.402908 
0.286000 138.599991 1.769718 1.402908 
0.286000 139.500000 1.769718 1.402908 
0.286000 140.399994 1.769718 1.402908 
0.286000 141.300003 1.769718 1.402908 
0.286000 142.199997 1.769718 1.402908 
0.286000 143.099991 1.769718 1.402908 
0.286000 144.000000 1.769718 1.402908 
0.286000 144.899994 1.769718 1.402908 
0.286000 145.800003 1.769718 1.402908 
0.286000 146.699997 1.769718 1.402908 
0.286000 147.599991 1.769718 1.402908 
0.286000 148.500000 1.769718 1.402908 
0.286000 149.399994 1.769718 1.402908 
0.286000 150.300003 1.769718 1.402908 
0.286000 151.199997 1.769718 1.402908 
0.286000 152.099991 1.769718 1.402908 
0.286000 153.000000 1.769718 1.402908 
0.286000 153.899994 1.769718 1.402908 
0.286000 154.800003 1.769718 1.402908 
0.286000 155.699997 1.769718 1.402908 
0.286000 156.599991 1.769718 1.402908 
0.286000 157.500000 1.769718 1.402908 
0.286000 158.399994 1.769718 1.402908 
0.286000 159.300003 1.769718 1.402908 
0.286000 160.199997 1.769718 1.402908 
0.286000 161.099991 1.769718 1.402908 
0.286000 162.000000 1.769718 1.402908 
0.286000 162.899994 1.769718 1.402908 
0.286000 163.800003 1.769718 1.402908 
0.286000 164.699997 1.769718 1.402908 
0.286000 165.599991 1.769718 1.402908 
0.286000 166.500000 1.769718 1.402908 
0.286000 167.399994 1.769718 1.402908 
0.286000 168.300003 1.769718 1.402908 
0.286000 169.199997 1.769718 1.402908 
0.286000 170.099991 1.769718 1.402908 
0.286000 171.000000 1.769718 1.402908 
0.286000 171.899994 1.769718 1.402908 
0.286000 172.799988 1.769718 1.402908 
0.286000 173.699997 1.769718 1.402908 
0.286000 174.599991 1.769718 1.402908 
0.286000 175.500000 1.769718 1.402908 
0.286000 176.399994 1.769718 1.402908 
0.286000 177.299988 1.769718 1.402908 
0.286000 178.199997 1.769718 1.402908 
0.286000 179.099991 1.769718 1.402908 
0.286000 180.000000 1.769718 1.402908 
0.286000 180.899994 1.769718 1.402908 
0.286000 181.799988 1.769718 1.402908 
0.286000 182.699997 1.769718 1.402908 
0.286000 183.599991 1.769718 1.402908 
0.286000 184.500000 1.769718 1.402908 
0.286000 185.399994 1.769718 1.402908 
0.286000 186.299988 1.769718 1.402908 
0.286000 187.199997 1.769718 1.402908 
0.286000 188.099991 1.769718 1.402908 
0.286000 189.000000 1.769718 1.402908 
0.286000 189.899994 1.769718 1.402908 
0.286000 190.799988 1.769718 1.402908 
0.286000 191.699997 1.769718 1.402908 
0.286000 192.599991 1.769718 1.402908 
0.286000 193.500000 1.769718 1.402908 
0.286000 194.399994 1.769718 1.402908 
0.286000 195.299988 1.769718 1.402908 
0.286000 196.199997 1.769718 1.402908 
0.286000 197.099991 1.769718 1.402908 
0.286000 198.000000 1.769718 1.402908 
0.286000 198.899994 1.769718 1.402908 
0.286000 199.799988 1.769718 1.402908 
0.286000 200.699997 1.769718 1.402908 
0.286000 201.599991 1.769718 1.402908 
0.286000 202.500000 1.769718 1.402908 
0.286000 203.399994 1.769718 1.402908 
0.286000 204.299988 1.769718 1.402908 
0.286000 205.199997 1.769718 1.402908 
0.286000 206.099991 1.769718 1.402908 
0.286000 207.000000 1.769718 1.402908 
0.286000 207.899994 1.769718 1.402908 
0.286000 208.799988 1.769718 1.402908 
0.286000 209.699997 1.769718 1.402908 
0.286000 210.599991 1.769718 1.402908 
0.286000 211.500000 1.769718 1.402908 
0.286000 212.399994 1.769718 1.402908 
0.286000 213.299988 1.769718 1.402908 
0.286000 214.199997 1.769718 1.402908 
0.286000 215.099991 1.769718 1.402908 
0.286000 216.000000 1.769718 1.402908 
0.286000 216.899994 1.769718 1.402908 
0.286000 217.799988 1.769718 1.402908 
0.286000 218.699997 1.769718 1.402908 
0.286000 219.599991 1.769718 1.402908 
0.286000 220.500000 1.769718 1.402908 
0.286000 221.399994 1.769718 1.402908 
0.286000 222.299988 1.769718 1.402908 
0.286000 223.199997 1.769718 1.402908 
0.286000 224.099991 1.769718 1.402908 
0.286000 225.000000 1.769718 1.402908 
0.286000 225.899994 1.769718 1.402908 
0.286000 226.799988 1.769718 1.402908 
0.286000 227.699997 1.769717 1.402908 
0.286000 228.599991 1.769717 1.402908 
0.286000 229.500000 1.769705 1.402908 
