0.613000 0.000000 1.897265 0.992370 
0.613000 0.900000 1.897222 0.992370 
0.613000 1.800000 1.897240 0.992370 
0.613000 2.700000 1.897245 0.992370 
0.613000 3.600000 1.897251 0.992370 
0.613000 4.500000 1.897253 0.992370 
0.613000 5.400000 1.897255 0.992370 
0.613000 6.300000 1.897256 0.992370 
0.613000 7.200000 1.897257 0.992370 
0.613000 8.099999 1.897257 0.992370 
0.613000 9.000000 1.897257 0.992370 
0.613000 9.900000 1.897257 0.992370 
0.613000 10.799999 1.897258 0.992370 
0.613000 11.700000 1.897258 0.992370 
0.613000 12.599999 1.897258 0.992370 
0.613000 13.500000 1.897258 0.992370 
0.613000 14.400000 1.897258 0.992370 
0.613000 15.299999 1.897258 0.992370 
0.613000 16.199999 1.897258 0.992370 
0.613000 17.100000 1.897258 0.992370 
0.613000 18.000000 1.897258 0.992370 
0.613000 18.900000 1.897258 0.992370 
0.613000 19.799999 1.897258 0.992370 
0.613000 20.699999 1.897258 0.992370 
0.613000 21.599998 1.897258 0.992370 
0.613000 22.500000 1.897258 0.992370 
0.613000 23.400000 1.897258 0.992370 
0.613000 24.299999 1.897258 0.992370 
0.613000 25.199999 1.897258 0.992370 
0.613000 26.099998 1.897258 0.992370 
0.613000 27.000000 1.897258 0.992370 
0.613000 27.900000 1.897258 0.992370 
0.613000 28.799999 1.897258 0.992370 
0.613000 29.699999 1.897258 0.992370 
0.613000 30.599998 1.897258 0.992370 
0.613000 31.500000 1.897258 0.992370 
0.613000 32.399998 1.897258 0.992370 
0.613000 33.299999 1.897258 0.992370 
0.613000 34.200001 1.897258 0.992370 
0.613000 35.099998 1.897258 0.992370 
0.613000 36.000000 1.897258 0.992370 
0.613000 36.899998 1.897258 0.992370 
0.613000 37.799999 1.897258 0.992370 
0.613000 38.700001 1.897258 0.992370 
0.613000 39.599998 1.897258 0.992370 
0.613000 40.500000 1.897258 0.992370 
0.613000 41.399998 1.897258 0.992370 
0.613000 42.299999 1.897258 0.992370 
0.613000 43.199997 1.897258 0.992370 
0.613000 44.099998 1.897258 0.992370 
0.613000 45.000000 1.897258 0.992370 
0.613000 45.899998 1.897258 0.992370 
0.613000 46.799999 1.897258 0.992370 
0.613000 47.699997 1.897258 0.992370 
0.613000 48.599998 1.897258 0.992370 
0.613000 49.500000 1.897258 0.992370 
0.613000 50.399998 1.897258 0.992370 
0.613000 51.299999 1.897258 0.992370 
0.613000 52.199997 1.897258 0.992370 
0.613000 53.099998 1.897258 0.992370 
0.613000 54.000000 1.897258 0.992370 
0.613000 54.899998 1.897258 0.992370 
0.613000 55.799999 1.897258 0.992370 
0.613000 56.699997 1.897258 0.992370 
0.613000 57.599998 1.897258 0.992370 
0.613000 58.500000 1.897258 0.992370 
0.613000 59.399998 1.897258 0.992370 
0.613000 60.299999 1.897258 0.992370 
0.613000 61.199997 1.897258 0.992370 
0.613000 62.099998 1.897258 0.992370 
0.613000 63.000000 1.897258 0.992370 
0.613000 63.899998 1.897258 0.992370 
0.613000 64.799995 1.897258 0.992370 
0.613000 65.699997 1.897258 0.992370 
0.613000 66.599998 1.897258 0.992370 
0.613000 67.500000 1.897258 0.992370 
0.613000 68.400002 1.897258 0.992370 
0.613000 69.299995 1.897258 0.992370 
0.613000 70.199997 1.897258 0.992370 
0.613000 71.099998 1.897258 0.992370 
0.613000 72.000000 1.897258 0.992370 
0.613000 72.900002 1.897258 0.992370 
0.613000 73.799995 1.897258 0.992370 
0.613000 74.699997 1.897258 0.992370 
0.613000 75.599998 1.897258 0.992370 
0.613000 76.500000 1.897258 0.992370 
0.613000 77.400002 1.897258 0.992370 
0.613000 78.299995 1.897258 0.992370 
0.613000 79.199997 1.897258 0.992370 
0.613000 80.099998 1.897258 0.992370 
0.613000 81.000000 1.897258 0.992370 
0.613000 81.900002 1.897258 0.992370 
0.613000 82.799995 1.897258 0.992370 
0.613000 83.699997 1.897258 0.992370 
0.613000 84.599998 1.897258 0.992370 
0.613000 85.500000 1.897258 0.992370 
0.613000 86.399994 1.897258 0.992370 
0.613000 87.299995 1.897258 0.992370 
0.613000 88.199997 1.897258 0.992370 
0.613000 89.099998 1.897258 0.992370 
0.613000 90.000000 1.897258 0.992370 
0.613000 90.899994 1.897258 0.992370 
0.613000 91.799995 1.897258 0.992370 
0.613000 92.699997 1.897258 0.992370 
0.613000 93.599998 1.897258 0.992370 
0.613000 94.500000 1.897258 0.992370 
0.613000 95.399994 1.897258 0.992370 
0.613000 96.299995 1.897258 0.992370 
0.613000 97.199997 1.897258 0.992370 
0.613000 98.099998 1.897258 0.992370 
0.613000 99.000000 1.897258 0.992370 
0.613000 99.899994 1.897258 0.992370 
0.613000 100.799995 1.897258 0.992370 
0.613000 101.699997 1.897258 0.992370 
0.613000 102.599998 1.897258 0.992370 
0.613000 103.500000 1.897258 0.992370 
0.613000 104.399994 1.897258 0.992370 
0.613000 105.299995 1.897258 0.992370 
0.613000 106.199997 1.897258 0.992370 
0.613000 107.099998 1.897258 0.992370 
0.613000 108.000000 1.897258 0.992370 
0.613000 108.899994 1.897258 0.992370 
0.613000 109.799995 1.897258 0.992370 
0.613000 110.699997 1.897258 0.992370 
0.613000 111.599998 1.897258 0.992370 
0.613000 112.500000 1.897258 0.992370 
0.613000 113.399994 1.897258 0.992370 
0.613000 114.299995 1.897258 0.992370 
0.613000 115.199997 1.897258 0.992370 
0.613000 116.099998 1.897258 0.992370 
0.613000 117.000000 1.897258 0.992370 
0.613000 117.899994 1.897258 0.992370 
0.613000 118.799995 1.897258 0.992370 
0.613000 119.699997 1.897258 0.992370 
0.613000 120.599998 1.897258 0.992370 
0.613000 121.500000 1.897258 0.992370 
0.613000 122.399994 1.897258 0.992370 
0.613000 123.299995 1.897258 0.992370 
0.613000 124.199997 1.897258 0.992370 
0.613000 125.099998 1.897258 0.992370 
0.613000 126.000000 1.897258 0.992370 
0.613000 126.899994 1.897258 0.992370 
0.613000 127.799995 1.897258 0.992370 
0.613000 128.699997 1.897258 0.992370 
0.613000 129.599991 1.897258 0.992370 
0.613000 130.500000 1.897258 0.992370 
0.613000 131.399994 1.897258 0.992370 
0.613000 132.300003 1.897258 0.992370 
0.613000 133.199997 1.897258 0.992370 
0.613000 134.099991 1.897258 0.992370 
0.613000 135.000000 1.897258 0.992370 
0.613000 135.899994 1.897258 0.992370 
0.613000 136.800003 1.897258 0.992370 
0.613000 137.699997 1.897258 0.992370 
0.613000 138.599991 1.897258 0.992370 
0.613000 139.500000 1.897258 0.992370 
0.613000 140.399994 1.897258 0.992370 
0.613000 141.300003 1.897258 0.992370 
0.613000 142.199997 1.897258 0.992370 
0.613000 143.099991 1.897258 0.992370 
0.613000 144.000000 1.897258 0.992370 
0.613000 144.899994 1.897258 0.992370 
0.613000 145.800003 1.897258 0.992370 
0.613000 146.699997 1.897258 0.992370 
0.613000 147.599991 1.897258 0.992370 
0.613000 148.500000 1.897258 0.992370 
0.613000 149.399994 1.897258 0.992370 
0.613000 150.300003 1.897258 0.992370 
0.613000 151.199997 1.897258 0.992370 
0.613000 152.099991 1.897258 0.992370 
0.613000 153.000000 1.897258 0.992370 
0.613000 153.899994 1.897258 0.992370 
0.613000 154.800003 1.897258 0.992370 
0.613000 155.699997 1.897258 0.992370 
0.613000 156.599991 1.897258 0.992370 
0.613000 157.500000 1.897258 0.992370 
0.613000 158.399994 1.897258 0.992370 
0.613000 159.300003 1.897258 0.992370 
0.613000 160.199997 1.897258 0.992370 
0.613000 161.099991 1.897258 0.992370 
0.613000 162.000000 1.897258 0.992370 
0.613000 162.899994 1.897258 0.992370 
0.613000 163.800003 1.897258 0.992370 
0.613000 164.699997 1.897258 0.992370 
0.613000 165.599991 1.897258 0.992370 
0.613000 166.500000 1.897258 0.992370 
0.613000 167.399994 1.897258 0.992370 
0.613000 168.300003 1.897258 0.992370 
0.613000 169.199997 1.897258 0.992370 
0.613000 170.099991 1.897258 0.992370 
0.613000 171.000000 1.897258 0.992370 
0.613000 171.899994 1.897258 0.992370 
0.613000 172.799988 1.897258 0.992370 
0.613000 173.699997 1.897258 0.992370 
0.613000 174.599991 1.897258 0.992370 
0.613000 175.500000 1.897258 0.992370 
0.613000 176.399994 1.897258 0.992370 
0.613000 177.299988 1.897258 0.992370 
0.613000 178.199997 1.897258 0.992370 
0.613000 179.099991 1.897258 0.992370 
0.613000 180.000000 1.897258 0.992370 
0.613000 180.899994 1.897258 0.992370 
0.613000 181.799988 1.897258 0.992370 
0.613000 182.699997 1.897258 0.992370 
0.613000 183.599991 1.897258 0.992370 
0.613000 184.500000 1.897258 0.992370 
0.613000 185.399994 1.897258 0.992370 
0.613000 186.299988 1.897258 0.992370 
0.613000 187.199997 1.897258 0.992370 
0.613000 188.099991 1.897258 0.992370 
0.613000 189.000000 1.897258 0.992370 
0.613000 189.899994 1.897258 0.992370 
0.613000 190.799988 1.897258 0.992370 
0.613000 191.699997 1.897258 0.992370 
0.613000 192.599991 1.897258 0.992370 
0.613000 193.500000 1.897258 0.992370 
0.613000 194.399994 1.897258 0.992370 
0.613000 195.299988 1.897258 0.992370 
0.613000 196.199997 1.897258 0.992370 
0.613000 197.099991 1.897258 0.992370 
0.613000 198.000000 1.897258 0.992370 
0.613000 198.899994 1.897258 0.992370 
0.613000 199.799988 1.897258 0.992370 
0.613000 200.699997 1.897258 0.992370 
0.613000 201.599991 1.897258 0.992370 
0.613000 202.500000 1.897258 0.992370 
0.613000 203.399994 1.897258 0.992370 
0.613000 204.299988 1.897258 0.992370 
0.613000 205.199997 1.897258 0.992370 
0.613000 206.099991 1.897258 0.992370 
0.613000 207.000000 1.897258 0.992370 
0.613000 207.899994 1.897258 0.992370 
0.613000 208.799988 1.897258 0.992370 
0.613000 209.699997 1.897258 0.992370 
0.613000 210.599991 1.897258 0.992370 
0.613000 211.500000 1.897258 0.992370 
0.613000 212.399994 1.897258 0.992370 
0.613000 213.299988 1.897258 0.992370 
0.613000 214.199997 1.897258 0.992370 
0.613000 215.099991 1.897258 0.992370 
0.613000 216.000000 1.897258 0.992370 
0.613000 216.899994 1.897258 0.992370 
0.613000 217.799988 1.897258 0.992370 
0.613000 218.699997 1.897258 0.992370 
0.613000 219.599991 1.897258 0.992370 
0.613000 220.500000 1.897258 0.992370 
0.613000 221.399994 1.897258 0.992370 
0.613000 222.299988 1.897258 0.992370 
0.613000 223.199997 1.897258 0.992370 
0.613000 224.099991 1.897258 0.992370 
0.613000 225.000000 1.897258 0.992370 
0.613000 225.899994 1.897258 0.992370 
0.613000 226.799988 1.897258 0.992370 
0.613000 227.699997 1.897258 0.992371 
0.613000 228.599991 1.897252 0.992371 
0.613000 229.500000 1.897227 0.992371 
