0.193000 0.000000 1.667860 1.571763 
0.193000 0.900000 1.667845 1.571764 
0.193000 1.800000 1.667852 1.571764 
0.193000 2.700000 1.667852 1.571765 
0.193000 3.600000 1.667853 1.571767 
0.193000 4.500000 1.667854 1.571768 
0.193000 5.400000 1.667854 1.571769 
0.193000 6.300000 1.667854 1.571769 
0.193000 7.200000 1.667854 1.571769 
0.193000 8.099999 1.667854 1.571769 
0.193000 9.000000 1.667854 1.571769 
0.193000 9.900000 1.667854 1.571770 
0.193000 10.799999 1.667854 1.571770 
0.193000 11.700000 1.667854 1.571770 
0.193000 12.599999 1.667854 1.571770 
0.193000 13.500000 1.667854 1.571770 
0.193000 14.400000 1.667854 1.571770 
0.193000 15.299999 1.667854 1.571770 
0.193000 16.199999 1.667854 1.571770 
0.193000 17.100000 1.667854 1.571770 
0.193000 18.000000 1.667854 1.571770 
0.193000 18.900000 1.667854 1.571770 
0.193000 19.799999 1.667854 1.571770 
0.193000 20.699999 1.667854 1.571770 
0.193000 21.599998 1.667854 1.571770 
0.193000 22.500000 1.667854 1.571770 
0.193000 23.400000 1.667854 1.571770 
0.193000 24.299999 1.667854 1.571770 
0.193000 25.199999 1.667854 1.571770 
0.193000 26.099998 1.667854 1.571770 
0.193000 27.000000 1.667854 1.571770 
0.193000 27.900000 1.667854 1.571770 
0.193000 28.799999 1.667854 1.571770 
0.193000 29.699999 1.667854 1.571770 
0.193000 30.599998 1.667854 1.571770 
0.193000 31.500000 1.667854 1.571770 
0.193000 32.399998 1.667854 1.571770 
0.193000 33.299999 1.667854 1.571770 
0.193000 34.200001 1.667854 1.571770 
0.193000 35.099998 1.667854 1.571770 
0.193000 36.000000 1.667854 1.571770 
0.193000 36.899998 1.667854 1.571770 
0.193000 37.799999 1.667854 1.571770 
0.193000 38.700001 1.667854 1.571770 
0.193000 39.599998 1.667854 1.571770 
0.193000 40.500000 1.667854 1.571770 
0.193000 41.399998 1.667854 1.571770 
0.193000 42.299999 1.667854 1.571770 
0.193000 43.199997 1.667854 1.571770 
0.193000 44.099998 1.667854 1.571770 
0.193000 45.000000 1.667854 1.571770 
0.193000 45.899998 1.667854 1.571770 
0.193000 46.799999 1.667854 1.571770 
0.193000 47.699997 1.667854 1.571770 
0.193000 48.599998 1.667854 1.571770 
0.193000 49.500000 1.667854 1.571770 
0.193000 50.399998 1.667854 1.571770 
0.193000 51.299999 1.667854 1.571770 
0.193000 52.199997 1.667854 1.571770 
0.193000 53.099998 1.667854 1.571770 
0.193000 54.000000 1.667854 1.571770 
0.193000 54.899998 1.667854 1.571770 
0.193000 55.799999 1.667854 1.571770 
0.193000 56.699997 1.667854 1.571770 
0.193000 57.599998 1.667854 1.571770 
0.193000 58.500000 1.667854 1.571770 
0.193000 59.399998 1.667854 1.571770 
0.193000 60.299999 1.667854 1.571770 
0.193000 61.199997 1.667854 1.571770 
0.193000 62.099998 1.667854 1.571770 
0.193000 63.000000 1.667854 1.571770 
0.193000 63.899998 1.667854 1.571770 
0.193000 64.799995 1.667854 1.571770 
0.193000 65.699997 1.667854 1.571770 
0.193000 66.599998 1.667854 1.571770 
0.193000 67.500000 1.667854 1.571770 
0.193000 68.400002 1.667854 1.571770 
0.193000 69.299995 1.667854 1.571770 
0.193000 70.199997 1.667854 1.571770 
0.193000 71.099998 1.667854 1.571770 
0.193000 72.000000 1.667854 1.571770 
0.193000 72.900002 1.667854 1.571770 
0.193000 73.799995 1.667854 1.571770 
0.193000 74.699997 1.667854 1.571770 
0.193000 75.599998 1.667854 1.571770 
0.193000 76.500000 1.667854 1.571770 
0.193000 77.400002 1.667854 1.571770 
0.193000 78.299995 1.667854 1.571770 
0.193000 79.199997 1.667854 1.571770 
0.193000 80.099998 1.667854 1.571770 
0.193000 81.000000 1.667854 1.571770 
0.193000 81.900002 1.667854 1.571770 
0.193000 82.799995 1.667854 1.571770 
0.193000 83.699997 1.667854 1.571770 
0.193000 84.599998 1.667854 1.571770 
0.193000 85.500000 1.667854 1.571770 
0.193000 86.399994 1.667854 1.571770 
0.193000 87.299995 1.667854 1.571770 
0.193000 88.199997 1.667854 1.571770 
0.193000 89.099998 1.667854 1.571770 
0.193000 90.000000 1.667854 1.571770 
0.193000 90.899994 1.667854 1.571770 
0.193000 91.799995 1.667854 1.571770 
0.193000 92.699997 1.667854 1.571770 
0.193000 93.599998 1.667854 1.571770 
0.193000 94.500000 1.667854 1.571770 
0.193000 95.399994 1.667854 1.571770 
0.193000 96.299995 1.667854 1.571770 
0.193000 97.199997 1.667854 1.571770 
0.193000 98.099998 1.667854 1.571770 
0.193000 99.000000 1.667854 1.571770 
0.193000 99.899994 1.667854 1.571770 
0.193000 100.799995 1.667854 1.571770 
0.193000 101.699997 1.667854 1.571770 
0.193000 102.599998 1.667854 1.571770 
0.193000 103.500000 1.667854 1.571770 
0.193000 104.399994 1.667854 1.571770 
0.193000 105.299995 1.667854 1.571770 
0.193000 106.199997 1.667854 1.571770 
0.193000 107.099998 1.667854 1.571770 
0.193000 108.000000 1.667854 1.571770 
0.193000 108.899994 1.667854 1.571770 
0.193000 109.799995 1.667854 1.571770 
0.193000 110.699997 1.667854 1.571770 
0.193000 111.599998 1.667854 1.571770 
0.193000 112.500000 1.667854 1.571770 
0.193000 113.399994 1.667854 1.571770 
0.193000 114.299995 1.667854 1.571770 
0.193000 115.199997 1.667854 1.571770 
0.193000 116.099998 1.667854 1.571770 
0.193000 117.000000 1.667854 1.571770 
0.193000 117.899994 1.667854 1.571770 
0.193000 118.799995 1.667854 1.571770 
0.193000 119.699997 1.667854 1.571770 
0.193000 120.599998 1.667854 1.571770 
0.193000 121.500000 1.667854 1.571770 
0.193000 122.399994 1.667854 1.571770 
0.193000 123.299995 1.667854 1.571770 
0.193000 124.199997 1.667854 1.571770 
0.193000 125.099998 1.667854 1.571770 
0.193000 126.000000 1.667854 1.571770 
0.193000 126.899994 1.667854 1.571770 
0.193000 127.799995 1.667854 1.571770 
0.193000 128.699997 1.667854 1.571770 
0.193000 129.599991 1.667854 1.571770 
0.193000 130.500000 1.667854 1.571770 
0.193000 131.399994 1.667854 1.571770 
0.193000 132.300003 1.667854 1.571770 
0.193000 133.199997 1.667854 1.571770 
0.193000 134.099991 1.667854 1.571770 
0.193000 135.000000 1.667854 1.571770 
0.193000 135.899994 1.667854 1.571770 
0.193000 136.800003 1.667854 1.571770 
0.193000 137.699997 1.667854 1.571770 
0.193000 138.599991 1.667854 1.571770 
0.193000 139.500000 1.667854 1.571770 
0.193000 140.399994 1.667854 1.571770 
0.193000 141.300003 1.667854 1.571770 
0.193000 142.199997 1.667854 1.571770 
0.193000 143.099991 1.667854 1.571770 
0.193000 144.000000 1.667854 1.571770 
0.193000 144.899994 1.667854 1.571770 
0.193000 145.800003 1.667854 1.571770 
0.193000 146.699997 1.667854 1.571770 
0.193000 147.599991 1.667854 1.571770 
0.193000 148.500000 1.667854 1.571770 
0.193000 149.399994 1.667854 1.571770 
0.193000 150.300003 1.667854 1.571770 
0.193000 151.199997 1.667854 1.571770 
0.193000 152.099991 1.667854 1.571770 
0.193000 153.000000 1.667854 1.571770 
0.193000 153.899994 1.667854 1.571770 
0.193000 154.800003 1.667854 1.571770 
0.193000 155.699997 1.667854 1.571770 
0.193000 156.599991 1.667854 1.571770 
0.193000 157.500000 1.667854 1.571770 
0.193000 158.399994 1.667854 1.571770 
0.193000 159.300003 1.667854 1.571770 
0.193000 160.199997 1.667854 1.571770 
0.193000 161.099991 1.667854 1.571770 
0.193000 162.000000 1.667854 1.571770 
0.193000 162.899994 1.667854 1.571770 
0.193000 163.800003 1.667854 1.571770 
0.193000 164.699997 1.667854 1.571770 
0.193000 165.599991 1.667854 1.571770 
0.193000 166.500000 1.667854 1.571770 
0.193000 167.399994 1.667854 1.571770 
0.193000 168.300003 1.667854 1.571770 
0.193000 169.199997 1.667854 1.571770 
0.193000 170.099991 1.667854 1.571770 
0.193000 171.000000 1.667854 1.571770 
0.193000 171.899994 1.667854 1.571770 
0.193000 172.799988 1.667854 1.571770 
0.193000 173.699997 1.667854 1.571770 
0.193000 174.599991 1.667854 1.571770 
0.193000 175.500000 1.667854 1.571770 
0.193000 176.399994 1.667854 1.571770 
0.193000 177.299988 1.667854 1.571770 
0.193000 178.199997 1.667854 1.571770 
0.193000 179.099991 1.667854 1.571770 
0.193000 180.000000 1.667854 1.571770 
0.193000 180.899994 1.667854 1.571770 
0.193000 181.799988 1.667854 1.571770 
0.193000 182.699997 1.667854 1.571770 
0.193000 183.599991 1.667854 1.571770 
0.193000 184.500000 1.667854 1.571770 
0.193000 185.399994 1.667854 1.571770 
0.193000 186.299988 1.667854 1.571770 
0.193000 187.199997 1.667854 1.571770 
0.193000 188.099991 1.667854 1.571770 
0.193000 189.000000 1.667854 1.571770 
0.193000 189.899994 1.667854 1.571770 
0.193000 190.799988 1.667854 1.571770 
0.193000 191.699997 1.667854 1.571770 
0.193000 192.599991 1.667854 1.571770 
0.193000 193.500000 1.667854 1.571770 
0.193000 194.399994 1.667854 1.571770 
0.193000 195.299988 1.667854 1.571770 
0.193000 196.199997 1.667854 1.571770 
0.193000 197.099991 1.667854 1.571770 
0.193000 198.000000 1.667854 1.571770 
0.193000 198.899994 1.667854 1.571770 
0.193000 199.799988 1.667854 1.571770 
0.193000 200.699997 1.667854 1.571770 
0.193000 201.599991 1.667854 1.571770 
0.193000 202.500000 1.667854 1.571770 
0.193000 203.399994 1.667854 1.571770 
0.193000 204.299988 1.667854 1.571770 
0.193000 205.199997 1.667854 1.571770 
0.193000 206.099991 1.667854 1.571770 
0.193000 207.000000 1.667854 1.571770 
0.193000 207.899994 1.667854 1.571770 
0.193000 208.799988 1.667854 1.571770 
0.193000 209.699997 1.667854 1.571770 
0.193000 210.599991 1.667854 1.571770 
0.193000 211.500000 1.667854 1.571770 
0.193000 212.399994 1.667854 1.571770 
0.193000 213.299988 1.667854 1.571770 
0.193000 214.199997 1.667854 1.571770 
0.193000 215.099991 1.667854 1.571770 
0.193000 216.000000 1.667854 1.571770 
0.193000 216.899994 1.667854 1.571770 
0.193000 217.799988 1.667854 1.571770 
0.193000 218.699997 1.667854 1.571770 
0.193000 219.599991 1.667854 1.571770 
0.193000 220.500000 1.667854 1.571770 
0.193000 221.399994 1.667854 1.571770 
0.193000 222.299988 1.667854 1.571770 
0.193000 223.199997 1.667854 1.571770 
0.193000 224.099991 1.667854 1.571770 
0.193000 225.000000 1.667854 1.571770 
0.193000 225.899994 1.667854 1.571770 
0.193000 226.799988 1.667854 1.571770 
0.193000 227.699997 1.667854 1.571770 
0.193000 228.599991 1.667853 1.571769 
0.193000 229.500000 1.667846 1.571769 
