0.031000 0.000000 1.457637 1.873406 
0.031000 0.900000 1.457636 1.873406 
0.031000 1.800000 1.457636 1.873406 
0.031000 2.700000 1.457636 1.873407 
0.031000 3.600000 1.457636 1.873408 
0.031000 4.500000 1.457636 1.873408 
0.031000 5.400000 1.457636 1.873408 
0.031000 6.300000 1.457636 1.873408 
0.031000 7.200000 1.457636 1.873408 
0.031000 8.099999 1.457636 1.873408 
0.031000 9.000000 1.457636 1.873408 
0.031000 9.900000 1.457636 1.873408 
0.031000 10.799999 1.457636 1.873408 
0.031000 11.700000 1.457636 1.873408 
0.031000 12.599999 1.457636 1.873408 
0.031000 13.500000 1.457636 1.873408 
0.031000 14.400000 1.457636 1.873408 
0.031000 15.299999 1.457636 1.873408 
0.031000 16.199999 1.457636 1.873408 
0.031000 17.100000 1.457636 1.873408 
0.031000 18.000000 1.457636 1.873408 
0.031000 18.900000 1.457636 1.873408 
0.031000 19.799999 1.457636 1.873408 
0.031000 20.699999 1.457636 1.873408 
0.031000 21.599998 1.457636 1.873408 
0.031000 22.500000 1.457636 1.873408 
0.031000 23.400000 1.457636 1.873408 
0.031000 24.299999 1.457636 1.873408 
0.031000 25.199999 1.457636 1.873408 
0.031000 26.099998 1.457636 1.873408 
0.031000 27.000000 1.457636 1.873408 
0.031000 27.900000 1.457636 1.873408 
0.031000 28.799999 1.457636 1.873408 
0.031000 29.699999 1.457636 1.873408 
0.031000 30.599998 1.457636 1.873408 
0.031000 31.500000 1.457636 1.873408 
0.031000 32.399998 1.457636 1.873408 
0.031000 33.299999 1.457636 1.873408 
0.031000 34.200001 1.457636 1.873408 
0.031000 35.099998 1.457636 1.873408 
0.031000 36.000000 1.457636 1.873408 
0.031000 36.899998 1.457636 1.873408 
0.031000 37.799999 1.457636 1.873408 
0.031000 38.700001 1.457636 1.873408 
0.031000 39.599998 1.457636 1.873408 
0.031000 40.500000 1.457636 1.873408 
0.031000 41.399998 1.457636 1.873408 
0.031000 42.299999 1.457636 1.873408 
0.031000 43.199997 1.457636 1.873408 
0.031000 44.099998 1.457636 1.873408 
0.031000 45.000000 1.457636 1.873408 
0.031000 45.899998 1.457636 1.873408 
0.031000 46.799999 1.457636 1.873408 
0.031000 47.699997 1.457636 1.873408 
0.031000 48.599998 1.457636 1.873408 
0.031000 49.500000 1.457636 1.873408 
0.031000 50.399998 1.457636 1.873408 
0.031000 51.299999 1.457636 1.873408 
0.031000 52.199997 1.457636 1.873408 
0.031000 53.099998 1.457636 1.873408 
0.031000 54.000000 1.457636 1.873408 
0.031000 54.899998 1.457636 1.873408 
0.031000 55.799999 1.457636 1.873408 
0.031000 56.699997 1.457636 1.873408 
0.031000 57.599998 1.457636 1.873408 
0.031000 58.500000 1.457636 1.873408 
0.031000 59.399998 1.457636 1.873408 
0.031000 60.299999 1.457636 1.873408 
0.031000 61.199997 1.457636 1.873408 
0.031000 62.099998 1.457636 1.873408 
0.031000 63.000000 1.457636 1.873408 
0.031000 63.899998 1.457636 1.873408 
0.031000 64.799995 1.457636 1.873408 
0.031000 65.699997 1.457636 1.873408 
0.031000 66.599998 1.457636 1.873408 
0.031000 67.500000 1.457636 1.873408 
0.031000 68.400002 1.457636 1.873408 
0.031000 69.299995 1.457636 1.873408 
0.031000 70.199997 1.457636 1.873408 
0.031000 71.099998 1.457636 1.873408 
0.031000 72.000000 1.457636 1.873408 
0.031000 72.900002 1.457636 1.873408 
0.031000 73.799995 1.457636 1.873408 
0.031000 74.699997 1.457636 1.873408 
0.031000 75.599998 1.457636 1.873408 
0.031000 76.500000 1.457636 1.873408 
0.031000 77.400002 1.457636 1.873408 
0.031000 78.299995 1.457636 1.873408 
0.031000 79.199997 1.457636 1.873408 
0.031000 80.099998 1.457636 1.873408 
0.031000 81.000000 1.457636 1.873408 
0.031000 81.900002 1.457636 1.873408 
0.031000 82.799995 1.457636 1.873408 
0.031000 83.699997 1.457636 1.873408 
0.031000 84.599998 1.457636 1.873408 
0.031000 85.500000 1.457636 1.873408 
0.031000 86.399994 1.457636 1.873408 
0.031000 87.299995 1.457636 1.873408 
0.031000 88.199997 1.457636 1.873408 
0.031000 89.099998 1.457636 1.873408 
0.031000 90.000000 1.457636 1.873408 
0.031000 90.899994 1.457636 1.873408 
0.031000 91.799995 1.457636 1.873408 
0.031000 92.699997 1.457636 1.873408 
0.031000 93.599998 1.457636 1.873408 
0.031000 94.500000 1.457636 1.873408 
0.031000 95.399994 1.457636 1.873408 
0.031000 96.299995 1.457636 1.873408 
0.031000 97.199997 1.457636 1.873408 
0.031000 98.099998 1.457636 1.873408 
0.031000 99.000000 1.457636 1.873408 
0.031000 99.899994 1.457636 1.873408 
0.031000 100.799995 1.457636 1.873408 
0.031000 101.699997 1.457636 1.873408 
0.031000 102.599998 1.457636 1.873408 
0.031000 103.500000 1.457636 1.873408 
0.031000 104.399994 1.457636 1.873408 
0.031000 105.299995 1.457636 1.873408 
0.031000 106.199997 1.457636 1.873408 
0.031000 107.099998 1.457636 1.873408 
0.031000 108.000000 1.457636 1.873408 
0.031000 108.899994 1.457636 1.873408 
0.031000 109.799995 1.457636 1.873408 
0.031000 110.699997 1.457636 1.873408 
0.031000 111.599998 1.457636 1.873408 
0.031000 112.500000 1.457636 1.873408 
0.031000 113.399994 1.457636 1.873408 
0.031000 114.299995 1.457636 1.873408 
0.031000 115.199997 1.457636 1.873408 
0.031000 116.099998 1.457636 1.873408 
0.031000 117.000000 1.457636 1.873408 
0.031000 117.899994 1.457636 1.873408 
0.031000 118.799995 1.457636 1.873408 
0.031000 119.699997 1.457636 1.873408 
0.031000 120.599998 1.457636 1.873408 
0.031000 121.500000 1.457636 1.873408 
0.031000 122.399994 1.457636 1.873408 
0.031000 123.299995 1.457636 1.873408 
0.031000 124.199997 1.457636 1.873408 
0.031000 125.099998 1.457636 1.873408 
0.031000 126.000000 1.457636 1.873408 
0.031000 126.899994 1.457636 1.873408 
0.031000 127.799995 1.457636 1.873408 
0.031000 128.699997 1.457636 1.873408 
0.031000 129.599991 1.457636 1.873408 
0.031000 130.500000 1.457636 1.873408 
0.031000 131.399994 1.457636 1.873408 
0.031000 132.300003 1.457636 1.873408 
0.031000 133.199997 1.457636 1.873408 
0.031000 134.099991 1.457636 1.873408 
0.031000 135.000000 1.457636 1.873408 
0.031000 135.899994 1.457636 1.873408 
0.031000 136.800003 1.457636 1.873408 
0.031000 137.699997 1.457636 1.873408 
0.031000 138.599991 1.457636 1.873408 
0.031000 139.500000 1.457636 1.873408 
0.031000 140.399994 1.457636 1.873408 
0.031000 141.300003 1.457636 1.873408 
0.031000 142.199997 1.457636 1.873408 
0.031000 143.099991 1.457636 1.873408 
0.031000 144.000000 1.457636 1.873408 
0.031000 144.899994 1.457636 1.873408 
0.031000 145.800003 1.457636 1.873408 
0.031000 146.699997 1.457636 1.873408 
0.031000 147.599991 1.457636 1.873408 
0.031000 148.500000 1.457636 1.873408 
0.031000 149.399994 1.457636 1.873408 
0.031000 150.300003 1.457636 1.873408 
0.031000 151.199997 1.457636 1.873408 
0.031000 152.099991 1.457636 1.873408 
0.031000 153.000000 1.457636 1.873408 
0.031000 153.899994 1.457636 1.873408 
0.031000 154.800003 1.457636 1.873408 
0.031000 155.699997 1.457636 1.873408 
0.031000 156.599991 1.457636 1.873408 
0.031000 157.500000 1.457636 1.873408 
0.031000 158.399994 1.457636 1.873408 
0.031000 159.300003 1.457636 1.873408 
0.031000 160.199997 1.457636 1.873408 
0.031000 161.099991 1.457636 1.873408 
0.031000 162.000000 1.457636 1.873408 
0.031000 162.899994 1.457636 1.873408 
0.031000 163.800003 1.457636 1.873408 
0.031000 164.699997 1.457636 1.873408 
0.031000 165.599991 1.457636 1.873408 
0.031000 166.500000 1.457636 1.873408 
0.031000 167.399994 1.457636 1.873408 
0.031000 168.300003 1.457636 1.873408 
0.031000 169.199997 1.457636 1.873408 
0.031000 170.099991 1.457636 1.873408 
0.031000 171.000000 1.457636 1.873408 
0.031000 171.899994 1.457636 1.873408 
0.031000 172.799988 1.457636 1.873408 
0.031000 173.699997 1.457636 1.873408 
0.031000 174.599991 1.457636 1.873408 
0.031000 175.500000 1.457636 1.873408 
0.031000 176.399994 1.457636 1.873408 
0.031000 177.299988 1.457636 1.873408 
0.031000 178.199997 1.457636 1.873408 
0.031000 179.099991 1.457636 1.873408 
0.031000 180.000000 1.457636 1.873408 
0.031000 180.899994 1.457636 1.873408 
0.031000 181.799988 1.457636 1.873408 
0.031000 182.699997 1.457636 1.873408 
0.031000 183.599991 1.457636 1.873408 
0.031000 184.500000 1.457636 1.873408 
0.031000 185.399994 1.457636 1.873408 
0.031000 186.299988 1.457636 1.873408 
0.031000 187.199997 1.457636 1.873408 
0.031000 188.099991 1.457636 1.873408 
0.031000 189.000000 1.457636 1.873408 
0.031000 189.899994 1.457636 1.873408 
0.031000 190.799988 1.457636 1.873408 
0.031000 191.699997 1.457636 1.873408 
0.031000 192.599991 1.457636 1.873408 
0.031000 193.500000 1.457636 1.873408 
0.031000 194.399994 1.457636 1.873408 
0.031000 195.299988 1.457636 1.873408 
0.031000 196.199997 1.457636 1.873408 
0.031000 197.099991 1.457636 1.873408 
0.031000 198.000000 1.457636 1.873408 
0.031000 198.899994 1.457636 1.873408 
0.031000 199.799988 1.457636 1.873408 
0.031000 200.699997 1.457636 1.873408 
0.031000 201.599991 1.457636 1.873408 
0.031000 202.500000 1.457636 1.873408 
0.031000 203.399994 1.457636 1.873408 
0.031000 204.299988 1.457636 1.873408 
0.031000 205.199997 1.457636 1.873408 
0.031000 206.099991 1.457636 1.873408 
0.031000 207.000000 1.457636 1.873408 
0.031000 207.899994 1.457636 1.873408 
0.031000 208.799988 1.457636 1.873408 
0.031000 209.699997 1.457636 1.873408 
0.031000 210.599991 1.457636 1.873408 
0.031000 211.500000 1.457636 1.873408 
0.031000 212.399994 1.457636 1.873408 
0.031000 213.299988 1.457636 1.873408 
0.031000 214.199997 1.457636 1.873408 
0.031000 215.099991 1.457636 1.873408 
0.031000 216.000000 1.457636 1.873408 
0.031000 216.899994 1.457636 1.873408 
0.031000 217.799988 1.457636 1.873408 
0.031000 218.699997 1.457636 1.873408 
0.031000 219.599991 1.457636 1.873408 
0.031000 220.500000 1.457636 1.873408 
0.031000 221.399994 1.457636 1.873408 
0.031000 222.299988 1.457636 1.873408 
0.031000 223.199997 1.457636 1.873408 
0.031000 224.099991 1.457636 1.873408 
0.031000 225.000000 1.457636 1.873408 
0.031000 225.899994 1.457636 1.873408 
0.031000 226.799988 1.457636 1.873408 
0.031000 227.699997 1.457636 1.873408 
0.031000 228.599991 1.457636 1.873408 
0.031000 229.500000 1.457635 1.873408 
