0.732000 0.000000 1.859252 0.925552 
0.732000 0.900000 1.859204 0.925552 
0.732000 1.800000 1.859224 0.925552 
0.732000 2.700000 1.859231 0.925552 
0.732000 3.600000 1.859237 0.925552 
0.732000 4.500000 1.859240 0.925552 
0.732000 5.400000 1.859242 0.925552 
0.732000 6.300000 1.859243 0.925551 
0.732000 7.200000 1.859244 0.925551 
0.732000 8.099999 1.859245 0.925551 
0.732000 9.000000 1.859245 0.925551 
0.732000 9.900000 1.859245 0.925551 
0.732000 10.799999 1.859245 0.925551 
0.732000 11.700000 1.859245 0.925551 
0.732000 12.599999 1.859245 0.925551 
0.732000 13.500000 1.859245 0.925551 
0.732000 14.400000 1.859245 0.925551 
0.732000 15.299999 1.859245 0.925551 
0.732000 16.199999 1.859245 0.925551 
0.732000 17.100000 1.859245 0.925551 
0.732000 18.000000 1.859245 0.925551 
0.732000 18.900000 1.859245 0.925551 
0.732000 19.799999 1.859245 0.925551 
0.732000 20.699999 1.859245 0.925551 
0.732000 21.599998 1.859245 0.925551 
0.732000 22.500000 1.859245 0.925551 
0.732000 23.400000 1.859245 0.925551 
0.732000 24.299999 1.859245 0.925551 
0.732000 25.199999 1.859245 0.925551 
0.732000 26.099998 1.859245 0.925551 
0.732000 27.000000 1.859245 0.925551 
0.732000 27.900000 1.859245 0.925551 
0.732000 28.799999 1.859245 0.925551 
0.732000 29.699999 1.859245 0.925551 
0.732000 30.599998 1.859245 0.925551 
0.732000 31.500000 1.859245 0.925551 
0.732000 32.399998 1.859245 0.925551 
0.732000 33.299999 1.859245 0.925551 
0.732000 34.200001 1.859245 0.925551 
0.732000 35.099998 1.859245 0.925551 
0.732000 36.000000 1.859245 0.925551 
0.732000 36.899998 1.859245 0.925551 
0.732000 37.799999 1.859245 0.925551 
0.732000 38.700001 1.859245 0.925551 
0.732000 39.599998 1.859245 0.925551 
0.732000 40.500000 1.859245 0.925551 
0.732000 41.399998 1.859245 0.925551 
0.732000 42.299999 1.859245 0.925551 
0.732000 43.199997 1.859245 0.925551 
0.732000 44.099998 1.859245 0.925551 
0.732000 45.000000 1.859245 0.925551 
0.732000 45.899998 1.859245 0.925551 
0.732000 46.799999 1.859245 0.925551 
0.732000 47.699997 1.859245 0.925551 
0.732000 48.599998 1.859245 0.925551 
0.732000 49.500000 1.859245 0.925551 
0.732000 50.399998 1.859245 0.925551 
0.732000 51.299999 1.859245 0.925551 
0.732000 52.199997 1.859245 0.925551 
0.732000 53.099998 1.859245 0.925551 
0.732000 54.000000 1.859245 0.925551 
0.732000 54.899998 1.859245 0.925551 
0.732000 55.799999 1.859245 0.925551 
0.732000 56.699997 1.859245 0.925551 
0.732000 57.599998 1.859245 0.925551 
0.732000 58.500000 1.859245 0.925551 
0.732000 59.399998 1.859245 0.925551 
0.732000 60.299999 1.859245 0.925551 
0.732000 61.199997 1.859245 0.925551 
0.732000 62.099998 1.859245 0.925551 
0.732000 63.000000 1.859245 0.925551 
0.732000 63.899998 1.859245 0.925551 
0.732000 64.799995 1.859245 0.925551 
0.732000 65.699997 1.859245 0.925551 
0.732000 66.599998 1.859245 0.925551 
0.732000 67.500000 1.859245 0.925551 
0.732000 68.400002 1.859245 0.925551 
0.732000 69.299995 1.859245 0.925551 
0.732000 70.199997 1.859245 0.925551 
0.732000 71.099998 1.859245 0.925551 
0.732000 72.000000 1.859245 0.925551 
0.732000 72.900002 1.859245 0.925551 
0.732000 73.799995 1.859245 0.925551 
0.732000 74.699997 1.859245 0.925551 
0.732000 75.599998 1.859245 0.925551 
0.732000 76.500000 1.859245 0.925551 
0.732000 77.400002 1.859245 0.925551 
0.732000 78.299995 1.859245 0.925551 
0.732000 79.199997 1.859245 0.925551 
0.732000 80.099998 1.859245 0.925551 
0.732000 81.000000 1.859245 0.925551 
0.732000 81.900002 1.859245 0.925551 
0.732000 82.799995 1.859245 0.925551 
0.732000 83.699997 1.859245 0.925551 
0.732000 84.599998 1.859245 0.925551 
0.732000 85.500000 1.859245 0.925551 
0.732000 86.399994 1.859245 0.925551 
0.732000 87.299995 1.859245 0.925551 
0.732000 88.199997 1.859245 0.925551 
0.732000 89.099998 1.859245 0.925551 
0.732000 90.000000 1.859245 0.925551 
0.732000 90.899994 1.859245 0.925551 
0.732000 91.799995 1.859245 0.925551 
0.732000 92.699997 1.859245 0.925551 
0.732000 93.599998 1.859245 0.925551 
0.732000 94.500000 1.859245 0.925551 
0.732000 95.399994 1.859245 0.925551 
0.732000 96.299995 1.859245 0.925551 
0.732000 97.199997 1.859245 0.925551 
0.732000 98.099998 1.859245 0.925551 
0.732000 99.000000 1.859245 0.925551 
0.732000 99.899994 1.859245 0.925551 
0.732000 100.799995 1.859245 0.925551 
0.732000 101.699997 1.859245 0.925551 
0.732000 102.599998 1.859245 0.925551 
0.732000 103.500000 1.859245 0.925551 
0.732000 104.399994 1.859245 0.925551 
0.732000 105.299995 1.859245 0.925551 
0.732000 106.199997 1.859245 0.925551 
0.732000 107.099998 1.859245 0.925551 
0.732000 108.000000 1.859245 0.925551 
0.732000 108.899994 1.859245 0.925551 
0.732000 109.799995 1.859245 0.925551 
0.732000 110.699997 1.859245 0.925551 
0.732000 111.599998 1.859245 0.925551 
0.732000 112.500000 1.859245 0.925551 
0.732000 113.399994 1.859245 0.925551 
0.732000 114.299995 1.859245 0.925551 
0.732000 115.199997 1.859245 0.925551 
0.732000 116.099998 1.859245 0.925551 
0.732000 117.000000 1.859245 0.925551 
0.732000 117.899994 1.859245 0.925551 
0.732000 118.799995 1.859245 0.925551 
0.732000 119.699997 1.859245 0.925551 
0.732000 120.599998 1.859245 0.925551 
0.732000 121.500000 1.859245 0.925551 
0.732000 122.399994 1.859245 0.925551 
0.732000 123.299995 1.859245 0.925551 
0.732000 124.199997 1.859245 0.925551 
0.732000 125.099998 1.859245 0.925551 
0.732000 126.000000 1.859245 0.925551 
0.732000 126.899994 1.859245 0.925551 
0.732000 127.799995 1.859245 0.925551 
0.732000 128.699997 1.859245 0.925551 
0.732000 129.599991 1.859245 0.925551 
0.732000 130.500000 1.859245 0.925551 
0.732000 131.399994 1.859245 0.925551 
0.732000 132.300003 1.859245 0.925551 
0.732000 133.199997 1.859245 0.925551 
0.732000 134.099991 1.859245 0.925551 
0.732000 135.000000 1.859245 0.925551 
0.732000 135.899994 1.859245 0.925551 
0.732000 136.800003 1.859245 0.925551 
0.732000 137.699997 1.859245 0.925551 
0.732000 138.599991 1.859245 0.925551 
0.732000 139.500000 1.859245 0.925551 
0.732000 140.399994 1.859245 0.925551 
0.732000 141.300003 1.859245 0.925551 
0.732000 142.199997 1.859245 0.925551 
0.732000 143.099991 1.859245 0.925551 
0.732000 144.000000 1.859245 0.925551 
0.732000 144.899994 1.859245 0.925551 
0.732000 145.800003 1.859245 0.925551 
0.732000 146.699997 1.859245 0.925551 
0.732000 147.599991 1.859245 0.925551 
0.732000 148.500000 1.859245 0.925551 
0.732000 149.399994 1.859245 0.925551 
0.732000 150.300003 1.859245 0.925551 
0.732000 151.199997 1.859245 0.925551 
0.732000 152.099991 1.859245 0.925551 
0.732000 153.000000 1.859245 0.925551 
0.732000 153.899994 1.859245 0.925551 
0.732000 154.800003 1.859245 0.925551 
0.732000 155.699997 1.859245 0.925551 
0.732000 156.599991 1.859245 0.925551 
0.732000 157.500000 1.859245 0.925551 
0.732000 158.399994 1.859245 0.925551 
0.732000 159.300003 1.859245 0.925551 
0.732000 160.199997 1.859245 0.925551 
0.732000 161.099991 1.859245 0.925551 
0.732000 162.000000 1.859245 0.925551 
0.732000 162.899994 1.859245 0.925551 
0.732000 163.800003 1.859245 0.925551 
0.732000 164.699997 1.859245 0.925551 
0.732000 165.599991 1.859245 0.925551 
0.732000 166.500000 1.859245 0.925551 
0.732000 167.399994 1.859245 0.925551 
0.732000 168.300003 1.859245 0.925551 
0.732000 169.199997 1.859245 0.925551 
0.732000 170.099991 1.859245 0.925551 
0.732000 171.000000 1.859245 0.925551 
0.732000 171.899994 1.859245 0.925551 
0.732000 172.799988 1.859245 0.925551 
0.732000 173.699997 1.859245 0.925551 
0.732000 174.599991 1.859245 0.925551 
0.732000 175.500000 1.859245 0.925551 
0.732000 176.399994 1.859245 0.925551 
0.732000 177.299988 1.859245 0.925551 
0.732000 178.199997 1.859245 0.925551 
0.732000 179.099991 1.859245 0.925551 
0.732000 180.000000 1.859245 0.925551 
0.732000 180.899994 1.859245 0.925551 
0.732000 181.799988 1.859245 0.925551 
0.732000 182.699997 1.859245 0.925551 
0.732000 183.599991 1.859245 0.925551 
0.732000 184.500000 1.859245 0.925551 
0.732000 185.399994 1.859245 0.925551 
0.732000 186.299988 1.859245 0.925551 
0.732000 187.199997 1.859245 0.925551 
0.732000 188.099991 1.859245 0.925551 
0.732000 189.000000 1.859245 0.925551 
0.732000 189.899994 1.859245 0.925551 
0.732000 190.799988 1.859245 0.925551 
0.732000 191.699997 1.859245 0.925551 
0.732000 192.599991 1.859245 0.925551 
0.732000 193.500000 1.859245 0.925551 
0.732000 194.399994 1.859245 0.925551 
0.732000 195.299988 1.859245 0.925551 
0.732000 196.199997 1.859245 0.925551 
0.732000 197.099991 1.859245 0.925551 
0.732000 198.000000 1.859245 0.925551 
0.732000 198.899994 1.859245 0.925551 
0.732000 199.799988 1.859245 0.925551 
0.732000 200.699997 1.859245 0.925551 
0.732000 201.599991 1.859245 0.925551 
0.732000 202.500000 1.859245 0.925551 
0.732000 203.399994 1.859245 0.925551 
0.732000 204.299988 1.859245 0.925551 
0.732000 205.199997 1.859245 0.925551 
0.732000 206.099991 1.859245 0.925551 
0.732000 207.000000 1.859245 0.925551 
0.732000 207.899994 1.859245 0.925551 
0.732000 208.799988 1.859245 0.925551 
0.732000 209.699997 1.859245 0.925551 
0.732000 210.599991 1.859245 0.925551 
0.732000 211.500000 1.859245 0.925551 
0.732000 212.399994 1.859245 0.925551 
0.732000 213.299988 1.859245 0.925551 
0.732000 214.199997 1.859245 0.925551 
0.732000 215.099991 1.859245 0.925551 
0.732000 216.000000 1.859245 0.925551 
0.732000 216.899994 1.859245 0.925551 
0.732000 217.799988 1.859245 0.925551 
0.732000 218.699997 1.859245 0.925551 
0.732000 219.599991 1.859245 0.925551 
0.732000 220.500000 1.859245 0.925551 
0.732000 221.399994 1.859245 0.925551 
0.732000 222.299988 1.859245 0.925551 
0.732000 223.199997 1.859245 0.925551 
0.732000 224.099991 1.859245 0.925551 
0.732000 225.000000 1.859245 0.925552 
0.732000 225.899994 1.859246 0.925552 
0.732000 226.799988 1.859246 0.925552 
0.732000 227.699997 1.859245 0.925552 
0.732000 228.599991 1.859237 0.925553 
0.732000 229.500000 1.859209 0.925553 
