0.737000 0.000000 1.856987 0.923526 
0.737000 0.900000 1.856939 0.923527 
0.737000 1.800000 1.856959 0.923526 
0.737000 2.700000 1.856966 0.923527 
0.737000 3.600000 1.856972 0.923527 
0.737000 4.500000 1.856975 0.923527 
0.737000 5.400000 1.856977 0.923527 
0.737000 6.300000 1.856978 0.923526 
0.737000 7.200000 1.856979 0.923526 
0.737000 8.099999 1.856980 0.923526 
0.737000 9.000000 1.856980 0.923526 
0.737000 9.900000 1.856980 0.923526 
0.737000 10.799999 1.856980 0.923526 
0.737000 11.700000 1.856980 0.923526 
0.737000 12.599999 1.856980 0.923526 
0.737000 13.500000 1.856980 0.923526 
0.737000 14.400000 1.856980 0.923526 
0.737000 15.299999 1.856980 0.923526 
0.737000 16.199999 1.856980 0.923526 
0.737000 17.100000 1.856980 0.923526 
0.737000 18.000000 1.856980 0.923526 
0.737000 18.900000 1.856980 0.923526 
0.737000 19.799999 1.856980 0.923526 
0.737000 20.699999 1.856980 0.923526 
0.737000 21.599998 1.856980 0.923526 
0.737000 22.500000 1.856980 0.923526 
0.737000 23.400000 1.856980 0.923526 
0.737000 24.299999 1.856980 0.923526 
0.737000 25.199999 1.856980 0.923526 
0.737000 26.099998 1.856980 0.923526 
0.737000 27.000000 1.856980 0.923526 
0.737000 27.900000 1.856980 0.923526 
0.737000 28.799999 1.856980 0.923526 
0.737000 29.699999 1.856980 0.923526 
0.737000 30.599998 1.856980 0.923526 
0.737000 31.500000 1.856980 0.923526 
0.737000 32.399998 1.856980 0.923526 
0.737000 33.299999 1.856980 0.923526 
0.737000 34.200001 1.856980 0.923526 
0.737000 35.099998 1.856980 0.923526 
0.737000 36.000000 1.856980 0.923526 
0.737000 36.899998 1.856980 0.923526 
0.737000 37.799999 1.856980 0.923526 
0.737000 38.700001 1.856980 0.923526 
0.737000 39.599998 1.856980 0.923526 
0.737000 40.500000 1.856980 0.923526 
0.737000 41.399998 1.856980 0.923526 
0.737000 42.299999 1.856980 0.923526 
0.737000 43.199997 1.856980 0.923526 
0.737000 44.099998 1.856980 0.923526 
0.737000 45.000000 1.856980 0.923526 
0.737000 45.899998 1.856980 0.923526 
0.737000 46.799999 1.856980 0.923526 
0.737000 47.699997 1.856980 0.923526 
0.737000 48.599998 1.856980 0.923526 
0.737000 49.500000 1.856980 0.923526 
0.737000 50.399998 1.856980 0.923526 
0.737000 51.299999 1.856980 0.923526 
0.737000 52.199997 1.856980 0.923526 
0.737000 53.099998 1.856980 0.923526 
0.737000 54.000000 1.856980 0.923526 
0.737000 54.899998 1.856980 0.923526 
0.737000 55.799999 1.856980 0.923526 
0.737000 56.699997 1.856980 0.923526 
0.737000 57.599998 1.856980 0.923526 
0.737000 58.500000 1.856980 0.923526 
0.737000 59.399998 1.856980 0.923526 
0.737000 60.299999 1.856980 0.923526 
0.737000 61.199997 1.856980 0.923526 
0.737000 62.099998 1.856980 0.923526 
0.737000 63.000000 1.856980 0.923526 
0.737000 63.899998 1.856980 0.923526 
0.737000 64.799995 1.856980 0.923526 
0.737000 65.699997 1.856980 0.923526 
0.737000 66.599998 1.856980 0.923526 
0.737000 67.500000 1.856980 0.923526 
0.737000 68.400002 1.856980 0.923526 
0.737000 69.299995 1.856980 0.923526 
0.737000 70.199997 1.856980 0.923526 
0.737000 71.099998 1.856980 0.923526 
0.737000 72.000000 1.856980 0.923526 
0.737000 72.900002 1.856980 0.923526 
0.737000 73.799995 1.856980 0.923526 
0.737000 74.699997 1.856980 0.923526 
0.737000 75.599998 1.856980 0.923526 
0.737000 76.500000 1.856980 0.923526 
0.737000 77.400002 1.856980 0.923526 
0.737000 78.299995 1.856980 0.923526 
0.737000 79.199997 1.856980 0.923526 
0.737000 80.099998 1.856980 0.923526 
0.737000 81.000000 1.856980 0.923526 
0.737000 81.900002 1.856980 0.923526 
0.737000 82.799995 1.856980 0.923526 
0.737000 83.699997 1.856980 0.923526 
0.737000 84.599998 1.856980 0.923526 
0.737000 85.500000 1.856980 0.923526 
0.737000 86.399994 1.856980 0.923526 
0.737000 87.299995 1.856980 0.923526 
0.737000 88.199997 1.856980 0.923526 
0.737000 89.099998 1.856980 0.923526 
0.737000 90.000000 1.856980 0.923526 
0.737000 90.899994 1.856980 0.923526 
0.737000 91.799995 1.856980 0.923526 
0.737000 92.699997 1.856980 0.923526 
0.737000 93.599998 1.856980 0.923526 
0.737000 94.500000 1.856980 0.923526 
0.737000 95.399994 1.856980 0.923526 
0.737000 96.299995 1.856980 0.923526 
0.737000 97.199997 1.856980 0.923526 
0.737000 98.099998 1.856980 0.923526 
0.737000 99.000000 1.856980 0.923526 
0.737000 99.899994 1.856980 0.923526 
0.737000 100.799995 1.856980 0.923526 
0.737000 101.699997 1.856980 0.923526 
0.737000 102.599998 1.856980 0.923526 
0.737000 103.500000 1.856980 0.923526 
0.737000 104.399994 1.856980 0.923526 
0.737000 105.299995 1.856980 0.923526 
0.737000 106.199997 1.856980 0.923526 
0.737000 107.099998 1.856980 0.923526 
0.737000 108.000000 1.856980 0.923526 
0.737000 108.899994 1.856980 0.923526 
0.737000 109.799995 1.856980 0.923526 
0.737000 110.699997 1.856980 0.923526 
0.737000 111.599998 1.856980 0.923526 
0.737000 112.500000 1.856980 0.923526 
0.737000 113.399994 1.856980 0.923526 
0.737000 114.299995 1.856980 0.923526 
0.737000 115.199997 1.856980 0.923526 
0.737000 116.099998 1.856980 0.923526 
0.737000 117.000000 1.856980 0.923526 
0.737000 117.899994 1.856980 0.923526 
0.737000 118.799995 1.856980 0.923526 
0.737000 119.699997 1.856980 0.923526 
0.737000 120.599998 1.856980 0.923526 
0.737000 121.500000 1.856980 0.923526 
0.737000 122.399994 1.856980 0.923526 
0.737000 123.299995 1.856980 0.923526 
0.737000 124.199997 1.856980 0.923526 
0.737000 125.099998 1.856980 0.923526 
0.737000 126.000000 1.856980 0.923526 
0.737000 126.899994 1.856980 0.923526 
0.737000 127.799995 1.856980 0.923526 
0.737000 128.699997 1.856980 0.923526 
0.737000 129.599991 1.856980 0.923526 
0.737000 130.500000 1.856980 0.923526 
0.737000 131.399994 1.856980 0.923526 
0.737000 132.300003 1.856980 0.923526 
0.737000 133.199997 1.856980 0.923526 
0.737000 134.099991 1.856980 0.923526 
0.737000 135.000000 1.856980 0.923526 
0.737000 135.899994 1.856980 0.923526 
0.737000 136.800003 1.856980 0.923526 
0.737000 137.699997 1.856980 0.923526 
0.737000 138.599991 1.856980 0.923526 
0.737000 139.500000 1.856980 0.923526 
0.737000 140.399994 1.856980 0.923526 
0.737000 141.300003 1.856980 0.923526 
0.737000 142.199997 1.856980 0.923526 
0.737000 143.099991 1.856980 0.923526 
0.737000 144.000000 1.856980 0.923526 
0.737000 144.899994 1.856980 0.923526 
0.737000 145.800003 1.856980 0.923526 
0.737000 146.699997 1.856980 0.923526 
0.737000 147.599991 1.856980 0.923526 
0.737000 148.500000 1.856980 0.923526 
0.737000 149.399994 1.856980 0.923526 
0.737000 150.300003 1.856980 0.923526 
0.737000 151.199997 1.856980 0.923526 
0.737000 152.099991 1.856980 0.923526 
0.737000 153.000000 1.856980 0.923526 
0.737000 153.899994 1.856980 0.923526 
0.737000 154.800003 1.856980 0.923526 
0.737000 155.699997 1.856980 0.923526 
0.737000 156.599991 1.856980 0.923526 
0.737000 157.500000 1.856980 0.923526 
0.737000 158.399994 1.856980 0.923526 
0.737000 159.300003 1.856980 0.923526 
0.737000 160.199997 1.856980 0.923526 
0.737000 161.099991 1.856980 0.923526 
0.737000 162.000000 1.856980 0.923526 
0.737000 162.899994 1.856980 0.923526 
0.737000 163.800003 1.856980 0.923526 
0.737000 164.699997 1.856980 0.923526 
0.737000 165.599991 1.856980 0.923526 
0.737000 166.500000 1.856980 0.923526 
0.737000 167.399994 1.856980 0.923526 
0.737000 168.300003 1.856980 0.923526 
0.737000 169.199997 1.856980 0.923526 
0.737000 170.099991 1.856980 0.923526 
0.737000 171.000000 1.856980 0.923526 
0.737000 171.899994 1.856980 0.923526 
0.737000 172.799988 1.856980 0.923526 
0.737000 173.699997 1.856980 0.923526 
0.737000 174.599991 1.856980 0.923526 
0.737000 175.500000 1.856980 0.923526 
0.737000 176.399994 1.856980 0.923526 
0.737000 177.299988 1.856980 0.923526 
0.737000 178.199997 1.856980 0.923526 
0.737000 179.099991 1.856980 0.923526 
0.737000 180.000000 1.856980 0.923526 
0.737000 180.899994 1.856980 0.923526 
0.737000 181.799988 1.856980 0.923526 
0.737000 182.699997 1.856980 0.923526 
0.737000 183.599991 1.856980 0.923526 
0.737000 184.500000 1.856980 0.923526 
0.737000 185.399994 1.856980 0.923526 
0.737000 186.299988 1.856980 0.923526 
0.737000 187.199997 1.856980 0.923526 
0.737000 188.099991 1.856980 0.923526 
0.737000 189.000000 1.856980 0.923526 
0.737000 189.899994 1.856980 0.923526 
0.737000 190.799988 1.856980 0.923526 
0.737000 191.699997 1.856980 0.923526 
0.737000 192.599991 1.856980 0.923526 
0.737000 193.500000 1.856980 0.923526 
0.737000 194.399994 1.856980 0.923526 
0.737000 195.299988 1.856980 0.923526 
0.737000 196.199997 1.856980 0.923526 
0.737000 197.099991 1.856980 0.923526 
0.737000 198.000000 1.856980 0.923526 
0.737000 198.899994 1.856980 0.923526 
0.737000 199.799988 1.856980 0.923526 
0.737000 200.699997 1.856980 0.923526 
0.737000 201.599991 1.856980 0.923526 
0.737000 202.500000 1.856980 0.923526 
0.737000 203.399994 1.856980 0.923526 
0.737000 204.299988 1.856980 0.923526 
0.737000 205.199997 1.856980 0.923526 
0.737000 206.099991 1.856980 0.923526 
0.737000 207.000000 1.856980 0.923526 
0.737000 207.899994 1.856980 0.923526 
0.737000 208.799988 1.856980 0.923526 
0.737000 209.699997 1.856980 0.923526 
0.737000 210.599991 1.856980 0.923526 
0.737000 211.500000 1.856980 0.923526 
0.737000 212.399994 1.856980 0.923526 
0.737000 213.299988 1.856980 0.923526 
0.737000 214.199997 1.856980 0.923526 
0.737000 215.099991 1.856980 0.923526 
0.737000 216.000000 1.856980 0.923526 
0.737000 216.899994 1.856980 0.923526 
0.737000 217.799988 1.856980 0.923526 
0.737000 218.699997 1.856980 0.923526 
0.737000 219.599991 1.856980 0.923526 
0.737000 220.500000 1.856980 0.923526 
0.737000 221.399994 1.856980 0.923526 
0.737000 222.299988 1.856980 0.923526 
0.737000 223.199997 1.856980 0.923526 
0.737000 224.099991 1.856980 0.923526 
0.737000 225.000000 1.856980 0.923526 
0.737000 225.899994 1.856981 0.923526 
0.737000 226.799988 1.856981 0.923527 
0.737000 227.699997 1.856980 0.923527 
0.737000 228.599991 1.856972 0.923527 
0.737000 229.500000 1.856944 0.923528 
