0.362000 0.000000 1.833941 1.277636 
0.362000 0.900000 1.833914 1.277637 
0.362000 1.800000 1.833927 1.277637 
0.362000 2.700000 1.833928 1.277637 
0.362000 3.600000 1.833931 1.277638 
0.362000 4.500000 1.833933 1.277639 
0.362000 5.400000 1.833933 1.277639 
0.362000 6.300000 1.833934 1.277640 
0.362000 7.200000 1.833934 1.277640 
0.362000 8.099999 1.833934 1.277640 
0.362000 9.000000 1.833934 1.277640 
0.362000 9.900000 1.833934 1.277641 
0.362000 10.799999 1.833934 1.277641 
0.362000 11.700000 1.833934 1.277641 
0.362000 12.599999 1.833934 1.277641 
0.362000 13.500000 1.833934 1.277641 
0.362000 14.400000 1.833934 1.277641 
0.362000 15.299999 1.833934 1.277641 
0.362000 16.199999 1.833934 1.277641 
0.362000 17.100000 1.833934 1.277641 
0.362000 18.000000 1.833934 1.277641 
0.362000 18.900000 1.833934 1.277641 
0.362000 19.799999 1.833934 1.277641 
0.362000 20.699999 1.833934 1.277641 
0.362000 21.599998 1.833934 1.277641 
0.362000 22.500000 1.833934 1.277641 
0.362000 23.400000 1.833934 1.277641 
0.362000 24.299999 1.833934 1.277641 
0.362000 25.199999 1.833934 1.277641 
0.362000 26.099998 1.833934 1.277641 
0.362000 27.000000 1.833934 1.277641 
0.362000 27.900000 1.833934 1.277641 
0.362000 28.799999 1.833934 1.277641 
0.362000 29.699999 1.833934 1.277641 
0.362000 30.599998 1.833934 1.277641 
0.362000 31.500000 1.833934 1.277641 
0.362000 32.399998 1.833934 1.277641 
0.362000 33.299999 1.833934 1.277641 
0.362000 34.200001 1.833934 1.277641 
0.362000 35.099998 1.833934 1.277641 
0.362000 36.000000 1.833934 1.277641 
0.362000 36.899998 1.833934 1.277641 
0.362000 37.799999 1.833934 1.277641 
0.362000 38.700001 1.833934 1.277641 
0.362000 39.599998 1.833934 1.277641 
0.362000 40.500000 1.833934 1.277641 
0.362000 41.399998 1.833934 1.277641 
0.362000 42.299999 1.833934 1.277641 
0.362000 43.199997 1.833934 1.277641 
0.362000 44.099998 1.833934 1.277641 
0.362000 45.000000 1.833934 1.277641 
0.362000 45.899998 1.833934 1.277641 
0.362000 46.799999 1.833934 1.277641 
0.362000 47.699997 1.833934 1.277641 
0.362000 48.599998 1.833934 1.277641 
0.362000 49.500000 1.833934 1.277641 
0.362000 50.399998 1.833934 1.277641 
0.362000 51.299999 1.833934 1.277641 
0.362000 52.199997 1.833934 1.277641 
0.362000 53.099998 1.833934 1.277641 
0.362000 54.000000 1.833934 1.277641 
0.362000 54.899998 1.833934 1.277641 
0.362000 55.799999 1.833934 1.277641 
0.362000 56.699997 1.833934 1.277641 
0.362000 57.599998 1.833934 1.277641 
0.362000 58.500000 1.833934 1.277641 
0.362000 59.399998 1.833934 1.277641 
0.362000 60.299999 1.833934 1.277641 
0.362000 61.199997 1.833934 1.277641 
0.362000 62.099998 1.833934 1.277641 
0.362000 63.000000 1.833934 1.277641 
0.362000 63.899998 1.833934 1.277641 
0.362000 64.799995 1.833934 1.277641 
0.362000 65.699997 1.833934 1.277641 
0.362000 66.599998 1.833934 1.277641 
0.362000 67.500000 1.833934 1.277641 
0.362000 68.400002 1.833934 1.277641 
0.362000 69.299995 1.833934 1.277641 
0.362000 70.199997 1.833934 1.277641 
0.362000 71.099998 1.833934 1.277641 
0.362000 72.000000 1.833934 1.277641 
0.362000 72.900002 1.833934 1.277641 
0.362000 73.799995 1.833934 1.277641 
0.362000 74.699997 1.833934 1.277641 
0.362000 75.599998 1.833934 1.277641 
0.362000 76.500000 1.833934 1.277641 
0.362000 77.400002 1.833934 1.277641 
0.362000 78.299995 1.833934 1.277641 
0.362000 79.199997 1.833934 1.277641 
0.362000 80.099998 1.833934 1.277641 
0.362000 81.000000 1.833934 1.277641 
0.362000 81.900002 1.833934 1.277641 
0.362000 82.799995 1.833934 1.277641 
0.362000 83.699997 1.833934 1.277641 
0.362000 84.599998 1.833934 1.277641 
0.362000 85.500000 1.833934 1.277641 
0.362000 86.399994 1.833934 1.277641 
0.362000 87.299995 1.833934 1.277641 
0.362000 88.199997 1.833934 1.277641 
0.362000 89.099998 1.833934 1.277641 
0.362000 90.000000 1.833934 1.277641 
0.362000 90.899994 1.833934 1.277641 
0.362000 91.799995 1.833934 1.277641 
0.362000 92.699997 1.833934 1.277641 
0.362000 93.599998 1.833934 1.277641 
0.362000 94.500000 1.833934 1.277641 
0.362000 95.399994 1.833934 1.277641 
0.362000 96.299995 1.833934 1.277641 
0.362000 97.199997 1.833934 1.277641 
0.362000 98.099998 1.833934 1.277641 
0.362000 99.000000 1.833934 1.277641 
0.362000 99.899994 1.833934 1.277641 
0.362000 100.799995 1.833934 1.277641 
0.362000 101.699997 1.833934 1.277641 
0.362000 102.599998 1.833934 1.277641 
0.362000 103.500000 1.833934 1.277641 
0.362000 104.399994 1.833934 1.277641 
0.362000 105.299995 1.833934 1.277641 
0.362000 106.199997 1.833934 1.277641 
0.362000 107.099998 1.833934 1.277641 
0.362000 108.000000 1.833934 1.277641 
0.362000 108.899994 1.833934 1.277641 
0.362000 109.799995 1.833934 1.277641 
0.362000 110.699997 1.833934 1.277641 
0.362000 111.599998 1.833934 1.277641 
0.362000 112.500000 1.833934 1.277641 
0.362000 113.399994 1.833934 1.277641 
0.362000 114.299995 1.833934 1.277641 
0.362000 115.199997 1.833934 1.277641 
0.362000 116.099998 1.833934 1.277641 
0.362000 117.000000 1.833934 1.277641 
0.362000 117.899994 1.833934 1.277641 
0.362000 118.799995 1.833934 1.277641 
0.362000 119.699997 1.833934 1.277641 
0.362000 120.599998 1.833934 1.277641 
0.362000 121.500000 1.833934 1.277641 
0.362000 122.399994 1.833934 1.277641 
0.362000 123.299995 1.833934 1.277641 
0.362000 124.199997 1.833934 1.277641 
0.362000 125.099998 1.833934 1.277641 
0.362000 126.000000 1.833934 1.277641 
0.362000 126.899994 1.833934 1.277641 
0.362000 127.799995 1.833934 1.277641 
0.362000 128.699997 1.833934 1.277641 
0.362000 129.599991 1.833934 1.277641 
0.362000 130.500000 1.833934 1.277641 
0.362000 131.399994 1.833934 1.277641 
0.362000 132.300003 1.833934 1.277641 
0.362000 133.199997 1.833934 1.277641 
0.362000 134.099991 1.833934 1.277641 
0.362000 135.000000 1.833934 1.277641 
0.362000 135.899994 1.833934 1.277641 
0.362000 136.800003 1.833934 1.277641 
0.362000 137.699997 1.833934 1.277641 
0.362000 138.599991 1.833934 1.277641 
0.362000 139.500000 1.833934 1.277641 
0.362000 140.399994 1.833934 1.277641 
0.362000 141.300003 1.833934 1.277641 
0.362000 142.199997 1.833934 1.277641 
0.362000 143.099991 1.833934 1.277641 
0.362000 144.000000 1.833934 1.277641 
0.362000 144.899994 1.833934 1.277641 
0.362000 145.800003 1.833934 1.277641 
0.362000 146.699997 1.833934 1.277641 
0.362000 147.599991 1.833934 1.277641 
0.362000 148.500000 1.833934 1.277641 
0.362000 149.399994 1.833934 1.277641 
0.362000 150.300003 1.833934 1.277641 
0.362000 151.199997 1.833934 1.277641 
0.362000 152.099991 1.833934 1.277641 
0.362000 153.000000 1.833934 1.277641 
0.362000 153.899994 1.833934 1.277641 
0.362000 154.800003 1.833934 1.277641 
0.362000 155.699997 1.833934 1.277641 
0.362000 156.599991 1.833934 1.277641 
0.362000 157.500000 1.833934 1.277641 
0.362000 158.399994 1.833934 1.277641 
0.362000 159.300003 1.833934 1.277641 
0.362000 160.199997 1.833934 1.277641 
0.362000 161.099991 1.833934 1.277641 
0.362000 162.000000 1.833934 1.277641 
0.362000 162.899994 1.833934 1.277641 
0.362000 163.800003 1.833934 1.277641 
0.362000 164.699997 1.833934 1.277641 
0.362000 165.599991 1.833934 1.277641 
0.362000 166.500000 1.833934 1.277641 
0.362000 167.399994 1.833934 1.277641 
0.362000 168.300003 1.833934 1.277641 
0.362000 169.199997 1.833934 1.277641 
0.362000 170.099991 1.833934 1.277641 
0.362000 171.000000 1.833934 1.277641 
0.362000 171.899994 1.833934 1.277641 
0.362000 172.799988 1.833934 1.277641 
0.362000 173.699997 1.833934 1.277641 
0.362000 174.599991 1.833934 1.277641 
0.362000 175.500000 1.833934 1.277641 
0.362000 176.399994 1.833934 1.277641 
0.362000 177.299988 1.833934 1.277641 
0.362000 178.199997 1.833934 1.277641 
0.362000 179.099991 1.833934 1.277641 
0.362000 180.000000 1.833934 1.277641 
0.362000 180.899994 1.833934 1.277641 
0.362000 181.799988 1.833934 1.277641 
0.362000 182.699997 1.833934 1.277641 
0.362000 183.599991 1.833934 1.277641 
0.362000 184.500000 1.833934 1.277641 
0.362000 185.399994 1.833934 1.277641 
0.362000 186.299988 1.833934 1.277641 
0.362000 187.199997 1.833934 1.277641 
0.362000 188.099991 1.833934 1.277641 
0.362000 189.000000 1.833934 1.277641 
0.362000 189.899994 1.833934 1.277641 
0.362000 190.799988 1.833934 1.277641 
0.362000 191.699997 1.833934 1.277641 
0.362000 192.599991 1.833934 1.277641 
0.362000 193.500000 1.833934 1.277641 
0.362000 194.399994 1.833934 1.277641 
0.362000 195.299988 1.833934 1.277641 
0.362000 196.199997 1.833934 1.277641 
0.362000 197.099991 1.833934 1.277641 
0.362000 198.000000 1.833934 1.277641 
0.362000 198.899994 1.833934 1.277641 
0.362000 199.799988 1.833934 1.277641 
0.362000 200.699997 1.833934 1.277641 
0.362000 201.599991 1.833934 1.277641 
0.362000 202.500000 1.833934 1.277641 
0.362000 203.399994 1.833934 1.277641 
0.362000 204.299988 1.833934 1.277641 
0.362000 205.199997 1.833934 1.277641 
0.362000 206.099991 1.833934 1.277641 
0.362000 207.000000 1.833934 1.277641 
0.362000 207.899994 1.833934 1.277641 
0.362000 208.799988 1.833934 1.277641 
0.362000 209.699997 1.833934 1.277641 
0.362000 210.599991 1.833934 1.277641 
0.362000 211.500000 1.833934 1.277641 
0.362000 212.399994 1.833934 1.277641 
0.362000 213.299988 1.833934 1.277641 
0.362000 214.199997 1.833934 1.277641 
0.362000 215.099991 1.833934 1.277641 
0.362000 216.000000 1.833934 1.277641 
0.362000 216.899994 1.833934 1.277641 
0.362000 217.799988 1.833934 1.277641 
0.362000 218.699997 1.833934 1.277641 
0.362000 219.599991 1.833934 1.277641 
0.362000 220.500000 1.833934 1.277641 
0.362000 221.399994 1.833934 1.277641 
0.362000 222.299988 1.833934 1.277641 
0.362000 223.199997 1.833934 1.277641 
0.362000 224.099991 1.833934 1.277641 
0.362000 225.000000 1.833934 1.277641 
0.362000 225.899994 1.833934 1.277641 
0.362000 226.799988 1.833934 1.277641 
0.362000 227.699997 1.833934 1.277641 
0.362000 228.599991 1.833932 1.277641 
0.362000 229.500000 1.833918 1.277641 
