0.640000 0.000000 1.891651 0.973831 
0.640000 0.900000 1.891606 0.973831 
0.640000 1.800000 1.891626 0.973831 
0.640000 2.700000 1.891631 0.973831 
0.640000 3.600000 1.891637 0.973832 
0.640000 4.500000 1.891639 0.973832 
0.640000 5.400000 1.891640 0.973832 
0.640000 6.300000 1.891641 0.973831 
0.640000 7.200000 1.891642 0.973831 
0.640000 8.099999 1.891643 0.973831 
0.640000 9.000000 1.891643 0.973831 
0.640000 9.900000 1.891643 0.973831 
0.640000 10.799999 1.891643 0.973831 
0.640000 11.700000 1.891643 0.973831 
0.640000 12.599999 1.891643 0.973831 
0.640000 13.500000 1.891644 0.973831 
0.640000 14.400000 1.891644 0.973831 
0.640000 15.299999 1.891644 0.973831 
0.640000 16.199999 1.891644 0.973831 
0.640000 17.100000 1.891644 0.973831 
0.640000 18.000000 1.891644 0.973831 
0.640000 18.900000 1.891644 0.973831 
0.640000 19.799999 1.891644 0.973831 
0.640000 20.699999 1.891644 0.973831 
0.640000 21.599998 1.891644 0.973831 
0.640000 22.500000 1.891644 0.973831 
0.640000 23.400000 1.891644 0.973831 
0.640000 24.299999 1.891644 0.973831 
0.640000 25.199999 1.891644 0.973831 
0.640000 26.099998 1.891644 0.973831 
0.640000 27.000000 1.891644 0.973831 
0.640000 27.900000 1.891644 0.973831 
0.640000 28.799999 1.891644 0.973831 
0.640000 29.699999 1.891644 0.973831 
0.640000 30.599998 1.891644 0.973831 
0.640000 31.500000 1.891644 0.973831 
0.640000 32.399998 1.891644 0.973831 
0.640000 33.299999 1.891644 0.973831 
0.640000 34.200001 1.891644 0.973831 
0.640000 35.099998 1.891644 0.973831 
0.640000 36.000000 1.891644 0.973831 
0.640000 36.899998 1.891644 0.973831 
0.640000 37.799999 1.891644 0.973831 
0.640000 38.700001 1.891644 0.973831 
0.640000 39.599998 1.891644 0.973831 
0.640000 40.500000 1.891644 0.973831 
0.640000 41.399998 1.891644 0.973831 
0.640000 42.299999 1.891644 0.973831 
0.640000 43.199997 1.891644 0.973831 
0.640000 44.099998 1.891644 0.973831 
0.640000 45.000000 1.891644 0.973831 
0.640000 45.899998 1.891644 0.973831 
0.640000 46.799999 1.891644 0.973831 
0.640000 47.699997 1.891644 0.973831 
0.640000 48.599998 1.891644 0.973831 
0.640000 49.500000 1.891644 0.973831 
0.640000 50.399998 1.891644 0.973831 
0.640000 51.299999 1.891644 0.973831 
0.640000 52.199997 1.891644 0.973831 
0.640000 53.099998 1.891644 0.973831 
0.640000 54.000000 1.891644 0.973831 
0.640000 54.899998 1.891644 0.973831 
0.640000 55.799999 1.891644 0.973831 
0.640000 56.699997 1.891644 0.973831 
0.640000 57.599998 1.891644 0.973831 
0.640000 58.500000 1.891644 0.973831 
0.640000 59.399998 1.891644 0.973831 
0.640000 60.299999 1.891644 0.973831 
0.640000 61.199997 1.891644 0.973831 
0.640000 62.099998 1.891644 0.973831 
0.640000 63.000000 1.891644 0.973831 
0.640000 63.899998 1.891644 0.973831 
0.640000 64.799995 1.891644 0.973831 
0.640000 65.699997 1.891644 0.973831 
0.640000 66.599998 1.891644 0.973831 
0.640000 67.500000 1.891644 0.973831 
0.640000 68.400002 1.891644 0.973831 
0.640000 69.299995 1.891644 0.973831 
0.640000 70.199997 1.891644 0.973831 
0.640000 71.099998 1.891644 0.973831 
0.640000 72.000000 1.891644 0.973831 
0.640000 72.900002 1.891644 0.973831 
0.640000 73.799995 1.891644 0.973831 
0.640000 74.699997 1.891644 0.973831 
0.640000 75.599998 1.891644 0.973831 
0.640000 76.500000 1.891644 0.973831 
0.640000 77.400002 1.891644 0.973831 
0.640000 78.299995 1.891644 0.973831 
0.640000 79.199997 1.891644 0.973831 
0.640000 80.099998 1.891644 0.973831 
0.640000 81.000000 1.891644 0.973831 
0.640000 81.900002 1.891644 0.973831 
0.640000 82.799995 1.891644 0.973831 
0.640000 83.699997 1.891644 0.973831 
0.640000 84.599998 1.891644 0.973831 
0.640000 85.500000 1.891644 0.973831 
0.640000 86.399994 1.891644 0.973831 
0.640000 87.299995 1.891644 0.973831 
0.640000 88.199997 1.891644 0.973831 
0.640000 89.099998 1.891644 0.973831 
0.640000 90.000000 1.891644 0.973831 
0.640000 90.899994 1.891644 0.973831 
0.640000 91.799995 1.891644 0.973831 
0.640000 92.699997 1.891644 0.973831 
0.640000 93.599998 1.891644 0.973831 
0.640000 94.500000 1.891644 0.973831 
0.640000 95.399994 1.891644 0.973831 
0.640000 96.299995 1.891644 0.973831 
0.640000 97.199997 1.891644 0.973831 
0.640000 98.099998 1.891644 0.973831 
0.640000 99.000000 1.891644 0.973831 
0.640000 99.899994 1.891644 0.973831 
0.640000 100.799995 1.891644 0.973831 
0.640000 101.699997 1.891644 0.973831 
0.640000 102.599998 1.891644 0.973831 
0.640000 103.500000 1.891644 0.973831 
0.640000 104.399994 1.891644 0.973831 
0.640000 105.299995 1.891644 0.973831 
0.640000 106.199997 1.891644 0.973831 
0.640000 107.099998 1.891644 0.973831 
0.640000 108.000000 1.891644 0.973831 
0.640000 108.899994 1.891644 0.973831 
0.640000 109.799995 1.891644 0.973831 
0.640000 110.699997 1.891644 0.973831 
0.640000 111.599998 1.891644 0.973831 
0.640000 112.500000 1.891644 0.973831 
0.640000 113.399994 1.891644 0.973831 
0.640000 114.299995 1.891644 0.973831 
0.640000 115.199997 1.891644 0.973831 
0.640000 116.099998 1.891644 0.973831 
0.640000 117.000000 1.891644 0.973831 
0.640000 117.899994 1.891644 0.973831 
0.640000 118.799995 1.891644 0.973831 
0.640000 119.699997 1.891644 0.973831 
0.640000 120.599998 1.891644 0.973831 
0.640000 121.500000 1.891644 0.973831 
0.640000 122.399994 1.891644 0.973831 
0.640000 123.299995 1.891644 0.973831 
0.640000 124.199997 1.891644 0.973831 
0.640000 125.099998 1.891644 0.973831 
0.640000 126.000000 1.891644 0.973831 
0.640000 126.899994 1.891644 0.973831 
0.640000 127.799995 1.891644 0.973831 
0.640000 128.699997 1.891644 0.973831 
0.640000 129.599991 1.891644 0.973831 
0.640000 130.500000 1.891644 0.973831 
0.640000 131.399994 1.891644 0.973831 
0.640000 132.300003 1.891644 0.973831 
0.640000 133.199997 1.891644 0.973831 
0.640000 134.099991 1.891644 0.973831 
0.640000 135.000000 1.891644 0.973831 
0.640000 135.899994 1.891644 0.973831 
0.640000 136.800003 1.891644 0.973831 
0.640000 137.699997 1.891644 0.973831 
0.640000 138.599991 1.891644 0.973831 
0.640000 139.500000 1.891644 0.973831 
0.640000 140.399994 1.891644 0.973831 
0.640000 141.300003 1.891644 0.973831 
0.640000 142.199997 1.891644 0.973831 
0.640000 143.099991 1.891644 0.973831 
0.640000 144.000000 1.891644 0.973831 
0.640000 144.899994 1.891644 0.973831 
0.640000 145.800003 1.891644 0.973831 
0.640000 146.699997 1.891644 0.973831 
0.640000 147.599991 1.891644 0.973831 
0.640000 148.500000 1.891644 0.973831 
0.640000 149.399994 1.891644 0.973831 
0.640000 150.300003 1.891644 0.973831 
0.640000 151.199997 1.891644 0.973831 
0.640000 152.099991 1.891644 0.973831 
0.640000 153.000000 1.891644 0.973831 
0.640000 153.899994 1.891644 0.973831 
0.640000 154.800003 1.891644 0.973831 
0.640000 155.699997 1.891644 0.973831 
0.640000 156.599991 1.891644 0.973831 
0.640000 157.500000 1.891644 0.973831 
0.640000 158.399994 1.891644 0.973831 
0.640000 159.300003 1.891644 0.973831 
0.640000 160.199997 1.891644 0.973831 
0.640000 161.099991 1.891644 0.973831 
0.640000 162.000000 1.891644 0.973831 
0.640000 162.899994 1.891644 0.973831 
0.640000 163.800003 1.891644 0.973831 
0.640000 164.699997 1.891644 0.973831 
0.640000 165.599991 1.891644 0.973831 
0.640000 166.500000 1.891644 0.973831 
0.640000 167.399994 1.891644 0.973831 
0.640000 168.300003 1.891644 0.973831 
0.640000 169.199997 1.891644 0.973831 
0.640000 170.099991 1.891644 0.973831 
0.640000 171.000000 1.891644 0.973831 
0.640000 171.899994 1.891644 0.973831 
0.640000 172.799988 1.891644 0.973831 
0.640000 173.699997 1.891644 0.973831 
0.640000 174.599991 1.891644 0.973831 
0.640000 175.500000 1.891644 0.973831 
0.640000 176.399994 1.891644 0.973831 
0.640000 177.299988 1.891644 0.973831 
0.640000 178.199997 1.891644 0.973831 
0.640000 179.099991 1.891644 0.973831 
0.640000 180.000000 1.891644 0.973831 
0.640000 180.899994 1.891644 0.973831 
0.640000 181.799988 1.891644 0.973831 
0.640000 182.699997 1.891644 0.973831 
0.640000 183.599991 1.891644 0.973831 
0.640000 184.500000 1.891644 0.973831 
0.640000 185.399994 1.891644 0.973831 
0.640000 186.299988 1.891644 0.973831 
0.640000 187.199997 1.891644 0.973831 
0.640000 188.099991 1.891644 0.973831 
0.640000 189.000000 1.891644 0.973831 
0.640000 189.899994 1.891644 0.973831 
0.640000 190.799988 1.891644 0.973831 
0.640000 191.699997 1.891644 0.973831 
0.640000 192.599991 1.891644 0.973831 
0.640000 193.500000 1.891644 0.973831 
0.640000 194.399994 1.891644 0.973831 
0.640000 195.299988 1.891644 0.973831 
0.640000 196.199997 1.891644 0.973831 
0.640000 197.099991 1.891644 0.973831 
0.640000 198.000000 1.891644 0.973831 
0.640000 198.899994 1.891644 0.973831 
0.640000 199.799988 1.891644 0.973831 
0.640000 200.699997 1.891644 0.973831 
0.640000 201.599991 1.891644 0.973831 
0.640000 202.500000 1.891644 0.973831 
0.640000 203.399994 1.891644 0.973831 
0.640000 204.299988 1.891644 0.973831 
0.640000 205.199997 1.891644 0.973831 
0.640000 206.099991 1.891644 0.973831 
0.640000 207.000000 1.891644 0.973831 
0.640000 207.899994 1.891644 0.973831 
0.640000 208.799988 1.891644 0.973831 
0.640000 209.699997 1.891644 0.973831 
0.640000 210.599991 1.891644 0.973831 
0.640000 211.500000 1.891644 0.973831 
0.640000 212.399994 1.891644 0.973831 
0.640000 213.299988 1.891644 0.973831 
0.640000 214.199997 1.891644 0.973831 
0.640000 215.099991 1.891644 0.973831 
0.640000 216.000000 1.891644 0.973831 
0.640000 216.899994 1.891644 0.973831 
0.640000 217.799988 1.891644 0.973831 
0.640000 218.699997 1.891644 0.973831 
0.640000 219.599991 1.891644 0.973831 
0.640000 220.500000 1.891644 0.973831 
0.640000 221.399994 1.891644 0.973831 
0.640000 222.299988 1.891644 0.973831 
0.640000 223.199997 1.891644 0.973831 
0.640000 224.099991 1.891644 0.973832 
0.640000 225.000000 1.891644 0.973832 
0.640000 225.899994 1.891644 0.973832 
0.640000 226.799988 1.891644 0.973832 
0.640000 227.699997 1.891644 0.973832 
0.640000 228.599991 1.891637 0.973833 
0.640000 229.500000 1.891612 0.973833 
