0.325000 0.000000 1.805127 1.336781 
0.325000 0.900000 1.805103 1.336782 
0.325000 1.800000 1.805114 1.336782 
0.325000 2.700000 1.805115 1.336782 
0.325000 3.600000 1.805118 1.336784 
0.325000 4.500000 1.805119 1.336784 
0.325000 5.400000 1.805120 1.336785 
0.325000 6.300000 1.805120 1.336785 
0.325000 7.200000 1.805120 1.336786 
0.325000 8.099999 1.805120 1.336786 
0.325000 9.000000 1.805120 1.336786 
0.325000 9.900000 1.805120 1.336786 
0.325000 10.799999 1.805120 1.336786 
0.325000 11.700000 1.805120 1.336786 
0.325000 12.599999 1.805120 1.336786 
0.325000 13.500000 1.805120 1.336786 
0.325000 14.400000 1.805120 1.336786 
0.325000 15.299999 1.805120 1.336786 
0.325000 16.199999 1.805120 1.336786 
0.325000 17.100000 1.805120 1.336786 
0.325000 18.000000 1.805120 1.336786 
0.325000 18.900000 1.805120 1.336786 
0.325000 19.799999 1.805120 1.336786 
0.325000 20.699999 1.805120 1.336786 
0.325000 21.599998 1.805120 1.336786 
0.325000 22.500000 1.805120 1.336786 
0.325000 23.400000 1.805120 1.336786 
0.325000 24.299999 1.805120 1.336786 
0.325000 25.199999 1.805120 1.336786 
0.325000 26.099998 1.805120 1.336786 
0.325000 27.000000 1.805120 1.336786 
0.325000 27.900000 1.805120 1.336786 
0.325000 28.799999 1.805120 1.336786 
0.325000 29.699999 1.805120 1.336786 
0.325000 30.599998 1.805120 1.336786 
0.325000 31.500000 1.805120 1.336786 
0.325000 32.399998 1.805120 1.336786 
0.325000 33.299999 1.805120 1.336786 
0.325000 34.200001 1.805120 1.336786 
0.325000 35.099998 1.805120 1.336786 
0.325000 36.000000 1.805120 1.336786 
0.325000 36.899998 1.805120 1.336786 
0.325000 37.799999 1.805120 1.336786 
0.325000 38.700001 1.805120 1.336786 
0.325000 39.599998 1.805120 1.336786 
0.325000 40.500000 1.805120 1.336786 
0.325000 41.399998 1.805120 1.336786 
0.325000 42.299999 1.805120 1.336786 
0.325000 43.199997 1.805120 1.336786 
0.325000 44.099998 1.805120 1.336786 
0.325000 45.000000 1.805120 1.336786 
0.325000 45.899998 1.805120 1.336786 
0.325000 46.799999 1.805120 1.336786 
0.325000 47.699997 1.805120 1.336786 
0.325000 48.599998 1.805120 1.336786 
0.325000 49.500000 1.805120 1.336786 
0.325000 50.399998 1.805120 1.336786 
0.325000 51.299999 1.805120 1.336786 
0.325000 52.199997 1.805120 1.336786 
0.325000 53.099998 1.805120 1.336786 
0.325000 54.000000 1.805120 1.336786 
0.325000 54.899998 1.805120 1.336786 
0.325000 55.799999 1.805120 1.336786 
0.325000 56.699997 1.805120 1.336786 
0.325000 57.599998 1.805120 1.336786 
0.325000 58.500000 1.805120 1.336786 
0.325000 59.399998 1.805120 1.336786 
0.325000 60.299999 1.805120 1.336786 
0.325000 61.199997 1.805120 1.336786 
0.325000 62.099998 1.805120 1.336786 
0.325000 63.000000 1.805120 1.336786 
0.325000 63.899998 1.805120 1.336786 
0.325000 64.799995 1.805120 1.336786 
0.325000 65.699997 1.805120 1.336786 
0.325000 66.599998 1.805120 1.336786 
0.325000 67.500000 1.805120 1.336786 
0.325000 68.400002 1.805120 1.336786 
0.325000 69.299995 1.805120 1.336786 
0.325000 70.199997 1.805120 1.336786 
0.325000 71.099998 1.805120 1.336786 
0.325000 72.000000 1.805120 1.336786 
0.325000 72.900002 1.805120 1.336786 
0.325000 73.799995 1.805120 1.336786 
0.325000 74.699997 1.805120 1.336786 
0.325000 75.599998 1.805120 1.336786 
0.325000 76.500000 1.805120 1.336786 
0.325000 77.400002 1.805120 1.336786 
0.325000 78.299995 1.805120 1.336786 
0.325000 79.199997 1.805120 1.336786 
0.325000 80.099998 1.805120 1.336786 
0.325000 81.000000 1.805120 1.336786 
0.325000 81.900002 1.805120 1.336786 
0.325000 82.799995 1.805120 1.336786 
0.325000 83.699997 1.805120 1.336786 
0.325000 84.599998 1.805120 1.336786 
0.325000 85.500000 1.805120 1.336786 
0.325000 86.399994 1.805120 1.336786 
0.325000 87.299995 1.805120 1.336786 
0.325000 88.199997 1.805120 1.336786 
0.325000 89.099998 1.805120 1.336786 
0.325000 90.000000 1.805120 1.336786 
0.325000 90.899994 1.805120 1.336786 
0.325000 91.799995 1.805120 1.336786 
0.325000 92.699997 1.805120 1.336786 
0.325000 93.599998 1.805120 1.336786 
0.325000 94.500000 1.805120 1.336786 
0.325000 95.399994 1.805120 1.336786 
0.325000 96.299995 1.805120 1.336786 
0.325000 97.199997 1.805120 1.336786 
0.325000 98.099998 1.805120 1.336786 
0.325000 99.000000 1.805120 1.336786 
0.325000 99.899994 1.805120 1.336786 
0.325000 100.799995 1.805120 1.336786 
0.325000 101.699997 1.805120 1.336786 
0.325000 102.599998 1.805120 1.336786 
0.325000 103.500000 1.805120 1.336786 
0.325000 104.399994 1.805120 1.336786 
0.325000 105.299995 1.805120 1.336786 
0.325000 106.199997 1.805120 1.336786 
0.325000 107.099998 1.805120 1.336786 
0.325000 108.000000 1.805120 1.336786 
0.325000 108.899994 1.805120 1.336786 
0.325000 109.799995 1.805120 1.336786 
0.325000 110.699997 1.805120 1.336786 
0.325000 111.599998 1.805120 1.336786 
0.325000 112.500000 1.805120 1.336786 
0.325000 113.399994 1.805120 1.336786 
0.325000 114.299995 1.805120 1.336786 
0.325000 115.199997 1.805120 1.336786 
0.325000 116.099998 1.805120 1.336786 
0.325000 117.000000 1.805120 1.336786 
0.325000 117.899994 1.805120 1.336786 
0.325000 118.799995 1.805120 1.336786 
0.325000 119.699997 1.805120 1.336786 
0.325000 120.599998 1.805120 1.336786 
0.325000 121.500000 1.805120 1.336786 
0.325000 122.399994 1.805120 1.336786 
0.325000 123.299995 1.805120 1.336786 
0.325000 124.199997 1.805120 1.336786 
0.325000 125.099998 1.805120 1.336786 
0.325000 126.000000 1.805120 1.336786 
0.325000 126.899994 1.805120 1.336786 
0.325000 127.799995 1.805120 1.336786 
0.325000 128.699997 1.805120 1.336786 
0.325000 129.599991 1.805120 1.336786 
0.325000 130.500000 1.805120 1.336786 
0.325000 131.399994 1.805120 1.336786 
0.325000 132.300003 1.805120 1.336786 
0.325000 133.199997 1.805120 1.336786 
0.325000 134.099991 1.805120 1.336786 
0.325000 135.000000 1.805120 1.336786 
0.325000 135.899994 1.805120 1.336786 
0.325000 136.800003 1.805120 1.336786 
0.325000 137.699997 1.805120 1.336786 
0.325000 138.599991 1.805120 1.336786 
0.325000 139.500000 1.805120 1.336786 
0.325000 140.399994 1.805120 1.336786 
0.325000 141.300003 1.805120 1.336786 
0.325000 142.199997 1.805120 1.336786 
0.325000 143.099991 1.805120 1.336786 
0.325000 144.000000 1.805120 1.336786 
0.325000 144.899994 1.805120 1.336786 
0.325000 145.800003 1.805120 1.336786 
0.325000 146.699997 1.805120 1.336786 
0.325000 147.599991 1.805120 1.336786 
0.325000 148.500000 1.805120 1.336786 
0.325000 149.399994 1.805120 1.336786 
0.325000 150.300003 1.805120 1.336786 
0.325000 151.199997 1.805120 1.336786 
0.325000 152.099991 1.805120 1.336786 
0.325000 153.000000 1.805120 1.336786 
0.325000 153.899994 1.805120 1.336786 
0.325000 154.800003 1.805120 1.336786 
0.325000 155.699997 1.805120 1.336786 
0.325000 156.599991 1.805120 1.336786 
0.325000 157.500000 1.805120 1.336786 
0.325000 158.399994 1.805120 1.336786 
0.325000 159.300003 1.805120 1.336786 
0.325000 160.199997 1.805120 1.336786 
0.325000 161.099991 1.805120 1.336786 
0.325000 162.000000 1.805120 1.336786 
0.325000 162.899994 1.805120 1.336786 
0.325000 163.800003 1.805120 1.336786 
0.325000 164.699997 1.805120 1.336786 
0.325000 165.599991 1.805120 1.336786 
0.325000 166.500000 1.805120 1.336786 
0.325000 167.399994 1.805120 1.336786 
0.325000 168.300003 1.805120 1.336786 
0.325000 169.199997 1.805120 1.336786 
0.325000 170.099991 1.805120 1.336786 
0.325000 171.000000 1.805120 1.336786 
0.325000 171.899994 1.805120 1.336786 
0.325000 172.799988 1.805120 1.336786 
0.325000 173.699997 1.805120 1.336786 
0.325000 174.599991 1.805120 1.336786 
0.325000 175.500000 1.805120 1.336786 
0.325000 176.399994 1.805120 1.336786 
0.325000 177.299988 1.805120 1.336786 
0.325000 178.199997 1.805120 1.336786 
0.325000 179.099991 1.805120 1.336786 
0.325000 180.000000 1.805120 1.336786 
0.325000 180.899994 1.805120 1.336786 
0.325000 181.799988 1.805120 1.336786 
0.325000 182.699997 1.805120 1.336786 
0.325000 183.599991 1.805120 1.336786 
0.325000 184.500000 1.805120 1.336786 
0.325000 185.399994 1.805120 1.336786 
0.325000 186.299988 1.805120 1.336786 
0.325000 187.199997 1.805120 1.336786 
0.325000 188.099991 1.805120 1.336786 
0.325000 189.000000 1.805120 1.336786 
0.325000 189.899994 1.805120 1.336786 
0.325000 190.799988 1.805120 1.336786 
0.325000 191.699997 1.805120 1.336786 
0.325000 192.599991 1.805120 1.336786 
0.325000 193.500000 1.805120 1.336786 
0.325000 194.399994 1.805120 1.336786 
0.325000 195.299988 1.805120 1.336786 
0.325000 196.199997 1.805120 1.336786 
0.325000 197.099991 1.805120 1.336786 
0.325000 198.000000 1.805120 1.336786 
0.325000 198.899994 1.805120 1.336786 
0.325000 199.799988 1.805120 1.336786 
0.325000 200.699997 1.805120 1.336786 
0.325000 201.599991 1.805120 1.336786 
0.325000 202.500000 1.805120 1.336786 
0.325000 203.399994 1.805120 1.336786 
0.325000 204.299988 1.805120 1.336786 
0.325000 205.199997 1.805120 1.336786 
0.325000 206.099991 1.805120 1.336786 
0.325000 207.000000 1.805120 1.336786 
0.325000 207.899994 1.805120 1.336786 
0.325000 208.799988 1.805120 1.336786 
0.325000 209.699997 1.805120 1.336786 
0.325000 210.599991 1.805120 1.336786 
0.325000 211.500000 1.805120 1.336786 
0.325000 212.399994 1.805120 1.336786 
0.325000 213.299988 1.805120 1.336786 
0.325000 214.199997 1.805120 1.336786 
0.325000 215.099991 1.805120 1.336786 
0.325000 216.000000 1.805120 1.336786 
0.325000 216.899994 1.805120 1.336786 
0.325000 217.799988 1.805120 1.336786 
0.325000 218.699997 1.805120 1.336786 
0.325000 219.599991 1.805120 1.336786 
0.325000 220.500000 1.805120 1.336786 
0.325000 221.399994 1.805120 1.336786 
0.325000 222.299988 1.805120 1.336786 
0.325000 223.199997 1.805120 1.336786 
0.325000 224.099991 1.805120 1.336786 
0.325000 225.000000 1.805120 1.336786 
0.325000 225.899994 1.805120 1.336786 
0.325000 226.799988 1.805120 1.336786 
0.325000 227.699997 1.805120 1.336787 
0.325000 228.599991 1.805119 1.336787 
0.325000 229.500000 1.805106 1.336786 
