0.671000 0.000000 1.882872 0.955101 
0.671000 0.900000 1.882826 0.955102 
0.671000 1.800000 1.882846 0.955102 
0.671000 2.700000 1.882852 0.955102 
0.671000 3.600000 1.882858 0.955102 
0.671000 4.500000 1.882860 0.955102 
0.671000 5.400000 1.882861 0.955102 
0.671000 6.300000 1.882863 0.955101 
0.671000 7.200000 1.882864 0.955101 
0.671000 8.099999 1.882864 0.955101 
0.671000 9.000000 1.882864 0.955101 
0.671000 9.900000 1.882864 0.955101 
0.671000 10.799999 1.882865 0.955101 
0.671000 11.700000 1.882865 0.955101 
0.671000 12.599999 1.882865 0.955101 
0.671000 13.500000 1.882865 0.955101 
0.671000 14.400000 1.882865 0.955101 
0.671000 15.299999 1.882865 0.955101 
0.671000 16.199999 1.882865 0.955101 
0.671000 17.100000 1.882865 0.955101 
0.671000 18.000000 1.882865 0.955101 
0.671000 18.900000 1.882865 0.955101 
0.671000 19.799999 1.882865 0.955101 
0.671000 20.699999 1.882865 0.955101 
0.671000 21.599998 1.882865 0.955101 
0.671000 22.500000 1.882865 0.955101 
0.671000 23.400000 1.882865 0.955101 
0.671000 24.299999 1.882865 0.955101 
0.671000 25.199999 1.882865 0.955101 
0.671000 26.099998 1.882865 0.955101 
0.671000 27.000000 1.882865 0.955101 
0.671000 27.900000 1.882865 0.955101 
0.671000 28.799999 1.882865 0.955101 
0.671000 29.699999 1.882865 0.955101 
0.671000 30.599998 1.882865 0.955101 
0.671000 31.500000 1.882865 0.955101 
0.671000 32.399998 1.882865 0.955101 
0.671000 33.299999 1.882865 0.955101 
0.671000 34.200001 1.882865 0.955101 
0.671000 35.099998 1.882865 0.955101 
0.671000 36.000000 1.882865 0.955101 
0.671000 36.899998 1.882865 0.955101 
0.671000 37.799999 1.882865 0.955101 
0.671000 38.700001 1.882865 0.955101 
0.671000 39.599998 1.882865 0.955101 
0.671000 40.500000 1.882865 0.955101 
0.671000 41.399998 1.882865 0.955101 
0.671000 42.299999 1.882865 0.955101 
0.671000 43.199997 1.882865 0.955101 
0.671000 44.099998 1.882865 0.955101 
0.671000 45.000000 1.882865 0.955101 
0.671000 45.899998 1.882865 0.955101 
0.671000 46.799999 1.882865 0.955101 
0.671000 47.699997 1.882865 0.955101 
0.671000 48.599998 1.882865 0.955101 
0.671000 49.500000 1.882865 0.955101 
0.671000 50.399998 1.882865 0.955101 
0.671000 51.299999 1.882865 0.955101 
0.671000 52.199997 1.882865 0.955101 
0.671000 53.099998 1.882865 0.955101 
0.671000 54.000000 1.882865 0.955101 
0.671000 54.899998 1.882865 0.955101 
0.671000 55.799999 1.882865 0.955101 
0.671000 56.699997 1.882865 0.955101 
0.671000 57.599998 1.882865 0.955101 
0.671000 58.500000 1.882865 0.955101 
0.671000 59.399998 1.882865 0.955101 
0.671000 60.299999 1.882865 0.955101 
0.671000 61.199997 1.882865 0.955101 
0.671000 62.099998 1.882865 0.955101 
0.671000 63.000000 1.882865 0.955101 
0.671000 63.899998 1.882865 0.955101 
0.671000 64.799995 1.882865 0.955101 
0.671000 65.699997 1.882865 0.955101 
0.671000 66.599998 1.882865 0.955101 
0.671000 67.500000 1.882865 0.955101 
0.671000 68.400002 1.882865 0.955101 
0.671000 69.299995 1.882865 0.955101 
0.671000 70.199997 1.882865 0.955101 
0.671000 71.099998 1.882865 0.955101 
0.671000 72.000000 1.882865 0.955101 
0.671000 72.900002 1.882865 0.955101 
0.671000 73.799995 1.882865 0.955101 
0.671000 74.699997 1.882865 0.955101 
0.671000 75.599998 1.882865 0.955101 
0.671000 76.500000 1.882865 0.955101 
0.671000 77.400002 1.882865 0.955101 
0.671000 78.299995 1.882865 0.955101 
0.671000 79.199997 1.882865 0.955101 
0.671000 80.099998 1.882865 0.955101 
0.671000 81.000000 1.882865 0.955101 
0.671000 81.900002 1.882865 0.955101 
0.671000 82.799995 1.882865 0.955101 
0.671000 83.699997 1.882865 0.955101 
0.671000 84.599998 1.882865 0.955101 
0.671000 85.500000 1.882865 0.955101 
0.671000 86.399994 1.882865 0.955101 
0.671000 87.299995 1.882865 0.955101 
0.671000 88.199997 1.882865 0.955101 
0.671000 89.099998 1.882865 0.955101 
0.671000 90.000000 1.882865 0.955101 
0.671000 90.899994 1.882865 0.955101 
0.671000 91.799995 1.882865 0.955101 
0.671000 92.699997 1.882865 0.955101 
0.671000 93.599998 1.882865 0.955101 
0.671000 94.500000 1.882865 0.955101 
0.671000 95.399994 1.882865 0.955101 
0.671000 96.299995 1.882865 0.955101 
0.671000 97.199997 1.882865 0.955101 
0.671000 98.099998 1.882865 0.955101 
0.671000 99.000000 1.882865 0.955101 
0.671000 99.899994 1.882865 0.955101 
0.671000 100.799995 1.882865 0.955101 
0.671000 101.699997 1.882865 0.955101 
0.671000 102.599998 1.882865 0.955101 
0.671000 103.500000 1.882865 0.955101 
0.671000 104.399994 1.882865 0.955101 
0.671000 105.299995 1.882865 0.955101 
0.671000 106.199997 1.882865 0.955101 
0.671000 107.099998 1.882865 0.955101 
0.671000 108.000000 1.882865 0.955101 
0.671000 108.899994 1.882865 0.955101 
0.671000 109.799995 1.882865 0.955101 
0.671000 110.699997 1.882865 0.955101 
0.671000 111.599998 1.882865 0.955101 
0.671000 112.500000 1.882865 0.955101 
0.671000 113.399994 1.882865 0.955101 
0.671000 114.299995 1.882865 0.955101 
0.671000 115.199997 1.882865 0.955101 
0.671000 116.099998 1.882865 0.955101 
0.671000 117.000000 1.882865 0.955101 
0.671000 117.899994 1.882865 0.955101 
0.671000 118.799995 1.882865 0.955101 
0.671000 119.699997 1.882865 0.955101 
0.671000 120.599998 1.882865 0.955101 
0.671000 121.500000 1.882865 0.955101 
0.671000 122.399994 1.882865 0.955101 
0.671000 123.299995 1.882865 0.955101 
0.671000 124.199997 1.882865 0.955101 
0.671000 125.099998 1.882865 0.955101 
0.671000 126.000000 1.882865 0.955101 
0.671000 126.899994 1.882865 0.955101 
0.671000 127.799995 1.882865 0.955101 
0.671000 128.699997 1.882865 0.955101 
0.671000 129.599991 1.882865 0.955101 
0.671000 130.500000 1.882865 0.955101 
0.671000 131.399994 1.882865 0.955101 
0.671000 132.300003 1.882865 0.955101 
0.671000 133.199997 1.882865 0.955101 
0.671000 134.099991 1.882865 0.955101 
0.671000 135.000000 1.882865 0.955101 
0.671000 135.899994 1.882865 0.955101 
0.671000 136.800003 1.882865 0.955101 
0.671000 137.699997 1.882865 0.955101 
0.671000 138.599991 1.882865 0.955101 
0.671000 139.500000 1.882865 0.955101 
0.671000 140.399994 1.882865 0.955101 
0.671000 141.300003 1.882865 0.955101 
0.671000 142.199997 1.882865 0.955101 
0.671000 143.099991 1.882865 0.955101 
0.671000 144.000000 1.882865 0.955101 
0.671000 144.899994 1.882865 0.955101 
0.671000 145.800003 1.882865 0.955101 
0.671000 146.699997 1.882865 0.955101 
0.671000 147.599991 1.882865 0.955101 
0.671000 148.500000 1.882865 0.955101 
0.671000 149.399994 1.882865 0.955101 
0.671000 150.300003 1.882865 0.955101 
0.671000 151.199997 1.882865 0.955101 
0.671000 152.099991 1.882865 0.955101 
0.671000 153.000000 1.882865 0.955101 
0.671000 153.899994 1.882865 0.955101 
0.671000 154.800003 1.882865 0.955101 
0.671000 155.699997 1.882865 0.955101 
0.671000 156.599991 1.882865 0.955101 
0.671000 157.500000 1.882865 0.955101 
0.671000 158.399994 1.882865 0.955101 
0.671000 159.300003 1.882865 0.955101 
0.671000 160.199997 1.882865 0.955101 
0.671000 161.099991 1.882865 0.955101 
0.671000 162.000000 1.882865 0.955101 
0.671000 162.899994 1.882865 0.955101 
0.671000 163.800003 1.882865 0.955101 
0.671000 164.699997 1.882865 0.955101 
0.671000 165.599991 1.882865 0.955101 
0.671000 166.500000 1.882865 0.955101 
0.671000 167.399994 1.882865 0.955101 
0.671000 168.300003 1.882865 0.955101 
0.671000 169.199997 1.882865 0.955101 
0.671000 170.099991 1.882865 0.955101 
0.671000 171.000000 1.882865 0.955101 
0.671000 171.899994 1.882865 0.955101 
0.671000 172.799988 1.882865 0.955101 
0.671000 173.699997 1.882865 0.955101 
0.671000 174.599991 1.882865 0.955101 
0.671000 175.500000 1.882865 0.955101 
0.671000 176.399994 1.882865 0.955101 
0.671000 177.299988 1.882865 0.955101 
0.671000 178.199997 1.882865 0.955101 
0.671000 179.099991 1.882865 0.955101 
0.671000 180.000000 1.882865 0.955101 
0.671000 180.899994 1.882865 0.955101 
0.671000 181.799988 1.882865 0.955101 
0.671000 182.699997 1.882865 0.955101 
0.671000 183.599991 1.882865 0.955101 
0.671000 184.500000 1.882865 0.955101 
0.671000 185.399994 1.882865 0.955101 
0.671000 186.299988 1.882865 0.955101 
0.671000 187.199997 1.882865 0.955101 
0.671000 188.099991 1.882865 0.955101 
0.671000 189.000000 1.882865 0.955101 
0.671000 189.899994 1.882865 0.955101 
0.671000 190.799988 1.882865 0.955101 
0.671000 191.699997 1.882865 0.955101 
0.671000 192.599991 1.882865 0.955101 
0.671000 193.500000 1.882865 0.955101 
0.671000 194.399994 1.882865 0.955101 
0.671000 195.299988 1.882865 0.955101 
0.671000 196.199997 1.882865 0.955101 
0.671000 197.099991 1.882865 0.955101 
0.671000 198.000000 1.882865 0.955101 
0.671000 198.899994 1.882865 0.955101 
0.671000 199.799988 1.882865 0.955101 
0.671000 200.699997 1.882865 0.955101 
0.671000 201.599991 1.882865 0.955101 
0.671000 202.500000 1.882865 0.955101 
0.671000 203.399994 1.882865 0.955101 
0.671000 204.299988 1.882865 0.955101 
0.671000 205.199997 1.882865 0.955101 
0.671000 206.099991 1.882865 0.955101 
0.671000 207.000000 1.882865 0.955101 
0.671000 207.899994 1.882865 0.955101 
0.671000 208.799988 1.882865 0.955101 
0.671000 209.699997 1.882865 0.955101 
0.671000 210.599991 1.882865 0.955101 
0.671000 211.500000 1.882865 0.955101 
0.671000 212.399994 1.882865 0.955101 
0.671000 213.299988 1.882865 0.955101 
0.671000 214.199997 1.882865 0.955101 
0.671000 215.099991 1.882865 0.955101 
0.671000 216.000000 1.882865 0.955101 
0.671000 216.899994 1.882865 0.955101 
0.671000 217.799988 1.882865 0.955101 
0.671000 218.699997 1.882865 0.955101 
0.671000 219.599991 1.882865 0.955101 
0.671000 220.500000 1.882865 0.955101 
0.671000 221.399994 1.882865 0.955101 
0.671000 222.299988 1.882865 0.955101 
0.671000 223.199997 1.882865 0.955101 
0.671000 224.099991 1.882865 0.955102 
0.671000 225.000000 1.882865 0.955102 
0.671000 225.899994 1.882865 0.955102 
0.671000 226.799988 1.882865 0.955102 
0.671000 227.699997 1.882865 0.955102 
0.671000 228.599991 1.882858 0.955103 
0.671000 229.500000 1.882831 0.955103 
