0.403000 0.000000 1.860052 1.216785 
0.403000 0.900000 1.860021 1.216786 
0.403000 1.800000 1.860036 1.216786 
0.403000 2.700000 1.860038 1.216786 
0.403000 3.600000 1.860040 1.216787 
0.403000 4.500000 1.860042 1.216787 
0.403000 5.400000 1.860043 1.216788 
0.403000 6.300000 1.860044 1.216788 
0.403000 7.200000 1.860044 1.216788 
0.403000 8.099999 1.860044 1.216789 
0.403000 9.000000 1.860044 1.216789 
0.403000 9.900000 1.860044 1.216789 
0.403000 10.799999 1.860044 1.216789 
0.403000 11.700000 1.860045 1.216789 
0.403000 12.599999 1.860045 1.216789 
0.403000 13.500000 1.860045 1.216789 
0.403000 14.400000 1.860045 1.216789 
0.403000 15.299999 1.860045 1.216789 
0.403000 16.199999 1.860045 1.216789 
0.403000 17.100000 1.860045 1.216789 
0.403000 18.000000 1.860045 1.216789 
0.403000 18.900000 1.860045 1.216789 
0.403000 19.799999 1.860045 1.216789 
0.403000 20.699999 1.860045 1.216789 
0.403000 21.599998 1.860045 1.216789 
0.403000 22.500000 1.860045 1.216789 
0.403000 23.400000 1.860045 1.216789 
0.403000 24.299999 1.860045 1.216789 
0.403000 25.199999 1.860045 1.216789 
0.403000 26.099998 1.860045 1.216789 
0.403000 27.000000 1.860045 1.216789 
0.403000 27.900000 1.860045 1.216789 
0.403000 28.799999 1.860045 1.216789 
0.403000 29.699999 1.860045 1.216789 
0.403000 30.599998 1.860045 1.216789 
0.403000 31.500000 1.860045 1.216789 
0.403000 32.399998 1.860045 1.216789 
0.403000 33.299999 1.860045 1.216789 
0.403000 34.200001 1.860045 1.216789 
0.403000 35.099998 1.860045 1.216789 
0.403000 36.000000 1.860045 1.216789 
0.403000 36.899998 1.860045 1.216789 
0.403000 37.799999 1.860045 1.216789 
0.403000 38.700001 1.860045 1.216789 
0.403000 39.599998 1.860045 1.216789 
0.403000 40.500000 1.860045 1.216789 
0.403000 41.399998 1.860045 1.216789 
0.403000 42.299999 1.860045 1.216789 
0.403000 43.199997 1.860045 1.216789 
0.403000 44.099998 1.860045 1.216789 
0.403000 45.000000 1.860045 1.216789 
0.403000 45.899998 1.860045 1.216789 
0.403000 46.799999 1.860045 1.216789 
0.403000 47.699997 1.860045 1.216789 
0.403000 48.599998 1.860045 1.216789 
0.403000 49.500000 1.860045 1.216789 
0.403000 50.399998 1.860045 1.216789 
0.403000 51.299999 1.860045 1.216789 
0.403000 52.199997 1.860045 1.216789 
0.403000 53.099998 1.860045 1.216789 
0.403000 54.000000 1.860045 1.216789 
0.403000 54.899998 1.860045 1.216789 
0.403000 55.799999 1.860045 1.216789 
0.403000 56.699997 1.860045 1.216789 
0.403000 57.599998 1.860045 1.216789 
0.403000 58.500000 1.860045 1.216789 
0.403000 59.399998 1.860045 1.216789 
0.403000 60.299999 1.860045 1.216789 
0.403000 61.199997 1.860045 1.216789 
0.403000 62.099998 1.860045 1.216789 
0.403000 63.000000 1.860045 1.216789 
0.403000 63.899998 1.860045 1.216789 
0.403000 64.799995 1.860045 1.216789 
0.403000 65.699997 1.860045 1.216789 
0.403000 66.599998 1.860045 1.216789 
0.403000 67.500000 1.860045 1.216789 
0.403000 68.400002 1.860045 1.216789 
0.403000 69.299995 1.860045 1.216789 
0.403000 70.199997 1.860045 1.216789 
0.403000 71.099998 1.860045 1.216789 
0.403000 72.000000 1.860045 1.216789 
0.403000 72.900002 1.860045 1.216789 
0.403000 73.799995 1.860045 1.216789 
0.403000 74.699997 1.860045 1.216789 
0.403000 75.599998 1.860045 1.216789 
0.403000 76.500000 1.860045 1.216789 
0.403000 77.400002 1.860045 1.216789 
0.403000 78.299995 1.860045 1.216789 
0.403000 79.199997 1.860045 1.216789 
0.403000 80.099998 1.860045 1.216789 
0.403000 81.000000 1.860045 1.216789 
0.403000 81.900002 1.860045 1.216789 
0.403000 82.799995 1.860045 1.216789 
0.403000 83.699997 1.860045 1.216789 
0.403000 84.599998 1.860045 1.216789 
0.403000 85.500000 1.860045 1.216789 
0.403000 86.399994 1.860045 1.216789 
0.403000 87.299995 1.860045 1.216789 
0.403000 88.199997 1.860045 1.216789 
0.403000 89.099998 1.860045 1.216789 
0.403000 90.000000 1.860045 1.216789 
0.403000 90.899994 1.860045 1.216789 
0.403000 91.799995 1.860045 1.216789 
0.403000 92.699997 1.860045 1.216789 
0.403000 93.599998 1.860045 1.216789 
0.403000 94.500000 1.860045 1.216789 
0.403000 95.399994 1.860045 1.216789 
0.403000 96.299995 1.860045 1.216789 
0.403000 97.199997 1.860045 1.216789 
0.403000 98.099998 1.860045 1.216789 
0.403000 99.000000 1.860045 1.216789 
0.403000 99.899994 1.860045 1.216789 
0.403000 100.799995 1.860045 1.216789 
0.403000 101.699997 1.860045 1.216789 
0.403000 102.599998 1.860045 1.216789 
0.403000 103.500000 1.860045 1.216789 
0.403000 104.399994 1.860045 1.216789 
0.403000 105.299995 1.860045 1.216789 
0.403000 106.199997 1.860045 1.216789 
0.403000 107.099998 1.860045 1.216789 
0.403000 108.000000 1.860045 1.216789 
0.403000 108.899994 1.860045 1.216789 
0.403000 109.799995 1.860045 1.216789 
0.403000 110.699997 1.860045 1.216789 
0.403000 111.599998 1.860045 1.216789 
0.403000 112.500000 1.860045 1.216789 
0.403000 113.399994 1.860045 1.216789 
0.403000 114.299995 1.860045 1.216789 
0.403000 115.199997 1.860045 1.216789 
0.403000 116.099998 1.860045 1.216789 
0.403000 117.000000 1.860045 1.216789 
0.403000 117.899994 1.860045 1.216789 
0.403000 118.799995 1.860045 1.216789 
0.403000 119.699997 1.860045 1.216789 
0.403000 120.599998 1.860045 1.216789 
0.403000 121.500000 1.860045 1.216789 
0.403000 122.399994 1.860045 1.216789 
0.403000 123.299995 1.860045 1.216789 
0.403000 124.199997 1.860045 1.216789 
0.403000 125.099998 1.860045 1.216789 
0.403000 126.000000 1.860045 1.216789 
0.403000 126.899994 1.860045 1.216789 
0.403000 127.799995 1.860045 1.216789 
0.403000 128.699997 1.860045 1.216789 
0.403000 129.599991 1.860045 1.216789 
0.403000 130.500000 1.860045 1.216789 
0.403000 131.399994 1.860045 1.216789 
0.403000 132.300003 1.860045 1.216789 
0.403000 133.199997 1.860045 1.216789 
0.403000 134.099991 1.860045 1.216789 
0.403000 135.000000 1.860045 1.216789 
0.403000 135.899994 1.860045 1.216789 
0.403000 136.800003 1.860045 1.216789 
0.403000 137.699997 1.860045 1.216789 
0.403000 138.599991 1.860045 1.216789 
0.403000 139.500000 1.860045 1.216789 
0.403000 140.399994 1.860045 1.216789 
0.403000 141.300003 1.860045 1.216789 
0.403000 142.199997 1.860045 1.216789 
0.403000 143.099991 1.860045 1.216789 
0.403000 144.000000 1.860045 1.216789 
0.403000 144.899994 1.860045 1.216789 
0.403000 145.800003 1.860045 1.216789 
0.403000 146.699997 1.860045 1.216789 
0.403000 147.599991 1.860045 1.216789 
0.403000 148.500000 1.860045 1.216789 
0.403000 149.399994 1.860045 1.216789 
0.403000 150.300003 1.860045 1.216789 
0.403000 151.199997 1.860045 1.216789 
0.403000 152.099991 1.860045 1.216789 
0.403000 153.000000 1.860045 1.216789 
0.403000 153.899994 1.860045 1.216789 
0.403000 154.800003 1.860045 1.216789 
0.403000 155.699997 1.860045 1.216789 
0.403000 156.599991 1.860045 1.216789 
0.403000 157.500000 1.860045 1.216789 
0.403000 158.399994 1.860045 1.216789 
0.403000 159.300003 1.860045 1.216789 
0.403000 160.199997 1.860045 1.216789 
0.403000 161.099991 1.860045 1.216789 
0.403000 162.000000 1.860045 1.216789 
0.403000 162.899994 1.860045 1.216789 
0.403000 163.800003 1.860045 1.216789 
0.403000 164.699997 1.860045 1.216789 
0.403000 165.599991 1.860045 1.216789 
0.403000 166.500000 1.860045 1.216789 
0.403000 167.399994 1.860045 1.216789 
0.403000 168.300003 1.860045 1.216789 
0.403000 169.199997 1.860045 1.216789 
0.403000 170.099991 1.860045 1.216789 
0.403000 171.000000 1.860045 1.216789 
0.403000 171.899994 1.860045 1.216789 
0.403000 172.799988 1.860045 1.216789 
0.403000 173.699997 1.860045 1.216789 
0.403000 174.599991 1.860045 1.216789 
0.403000 175.500000 1.860045 1.216789 
0.403000 176.399994 1.860045 1.216789 
0.403000 177.299988 1.860045 1.216789 
0.403000 178.199997 1.860045 1.216789 
0.403000 179.099991 1.860045 1.216789 
0.403000 180.000000 1.860045 1.216789 
0.403000 180.899994 1.860045 1.216789 
0.403000 181.799988 1.860045 1.216789 
0.403000 182.699997 1.860045 1.216789 
0.403000 183.599991 1.860045 1.216789 
0.403000 184.500000 1.860045 1.216789 
0.403000 185.399994 1.860045 1.216789 
0.403000 186.299988 1.860045 1.216789 
0.403000 187.199997 1.860045 1.216789 
0.403000 188.099991 1.860045 1.216789 
0.403000 189.000000 1.860045 1.216789 
0.403000 189.899994 1.860045 1.216789 
0.403000 190.799988 1.860045 1.216789 
0.403000 191.699997 1.860045 1.216789 
0.403000 192.599991 1.860045 1.216789 
0.403000 193.500000 1.860045 1.216789 
0.403000 194.399994 1.860045 1.216789 
0.403000 195.299988 1.860045 1.216789 
0.403000 196.199997 1.860045 1.216789 
0.403000 197.099991 1.860045 1.216789 
0.403000 198.000000 1.860045 1.216789 
0.403000 198.899994 1.860045 1.216789 
0.403000 199.799988 1.860045 1.216789 
0.403000 200.699997 1.860045 1.216789 
0.403000 201.599991 1.860045 1.216789 
0.403000 202.500000 1.860045 1.216789 
0.403000 203.399994 1.860045 1.216789 
0.403000 204.299988 1.860045 1.216789 
0.403000 205.199997 1.860045 1.216789 
0.403000 206.099991 1.860045 1.216789 
0.403000 207.000000 1.860045 1.216789 
0.403000 207.899994 1.860045 1.216789 
0.403000 208.799988 1.860045 1.216789 
0.403000 209.699997 1.860045 1.216789 
0.403000 210.599991 1.860045 1.216789 
0.403000 211.500000 1.860045 1.216789 
0.403000 212.399994 1.860045 1.216789 
0.403000 213.299988 1.860045 1.216789 
0.403000 214.199997 1.860045 1.216789 
0.403000 215.099991 1.860045 1.216789 
0.403000 216.000000 1.860045 1.216789 
0.403000 216.899994 1.860045 1.216789 
0.403000 217.799988 1.860045 1.216789 
0.403000 218.699997 1.860045 1.216789 
0.403000 219.599991 1.860045 1.216789 
0.403000 220.500000 1.860045 1.216789 
0.403000 221.399994 1.860045 1.216789 
0.403000 222.299988 1.860045 1.216789 
0.403000 223.199997 1.860045 1.216789 
0.403000 224.099991 1.860045 1.216789 
0.403000 225.000000 1.860045 1.216789 
0.403000 225.899994 1.860045 1.216789 
0.403000 226.799988 1.860045 1.216789 
0.403000 227.699997 1.860044 1.216789 
0.403000 228.599991 1.860042 1.216790 
0.403000 229.500000 1.860026 1.216790 
