0.543000 0.000000 1.901823 1.050862 
0.543000 0.900000 1.901783 1.050862 
0.543000 1.800000 1.901800 1.050862 
0.543000 2.700000 1.901804 1.050862 
0.543000 3.600000 1.901809 1.050862 
0.543000 4.500000 1.901811 1.050862 
0.543000 5.400000 1.901813 1.050863 
0.543000 6.300000 1.901814 1.050863 
0.543000 7.200000 1.901814 1.050863 
0.543000 8.099999 1.901815 1.050863 
0.543000 9.000000 1.901815 1.050863 
0.543000 9.900000 1.901815 1.050863 
0.543000 10.799999 1.901815 1.050863 
0.543000 11.700000 1.901815 1.050863 
0.543000 12.599999 1.901815 1.050863 
0.543000 13.500000 1.901815 1.050863 
0.543000 14.400000 1.901815 1.050863 
0.543000 15.299999 1.901816 1.050863 
0.543000 16.199999 1.901816 1.050863 
0.543000 17.100000 1.901816 1.050863 
0.543000 18.000000 1.901816 1.050863 
0.543000 18.900000 1.901816 1.050863 
0.543000 19.799999 1.901816 1.050863 
0.543000 20.699999 1.901816 1.050863 
0.543000 21.599998 1.901816 1.050863 
0.543000 22.500000 1.901816 1.050863 
0.543000 23.400000 1.901816 1.050863 
0.543000 24.299999 1.901816 1.050863 
0.543000 25.199999 1.901816 1.050863 
0.543000 26.099998 1.901816 1.050863 
0.543000 27.000000 1.901816 1.050863 
0.543000 27.900000 1.901816 1.050863 
0.543000 28.799999 1.901816 1.050863 
0.543000 29.699999 1.901816 1.050863 
0.543000 30.599998 1.901816 1.050863 
0.543000 31.500000 1.901816 1.050863 
0.543000 32.399998 1.901816 1.050863 
0.543000 33.299999 1.901816 1.050863 
0.543000 34.200001 1.901816 1.050863 
0.543000 35.099998 1.901816 1.050863 
0.543000 36.000000 1.901816 1.050863 
0.543000 36.899998 1.901816 1.050863 
0.543000 37.799999 1.901816 1.050863 
0.543000 38.700001 1.901816 1.050863 
0.543000 39.599998 1.901816 1.050863 
0.543000 40.500000 1.901816 1.050863 
0.543000 41.399998 1.901816 1.050863 
0.543000 42.299999 1.901816 1.050863 
0.543000 43.199997 1.901816 1.050863 
0.543000 44.099998 1.901816 1.050863 
0.543000 45.000000 1.901816 1.050863 
0.543000 45.899998 1.901816 1.050863 
0.543000 46.799999 1.901816 1.050863 
0.543000 47.699997 1.901816 1.050863 
0.543000 48.599998 1.901816 1.050863 
0.543000 49.500000 1.901816 1.050863 
0.543000 50.399998 1.901816 1.050863 
0.543000 51.299999 1.901816 1.050863 
0.543000 52.199997 1.901816 1.050863 
0.543000 53.099998 1.901816 1.050863 
0.543000 54.000000 1.901816 1.050863 
0.543000 54.899998 1.901816 1.050863 
0.543000 55.799999 1.901816 1.050863 
0.543000 56.699997 1.901816 1.050863 
0.543000 57.599998 1.901816 1.050863 
0.543000 58.500000 1.901816 1.050863 
0.543000 59.399998 1.901816 1.050863 
0.543000 60.299999 1.901816 1.050863 
0.543000 61.199997 1.901816 1.050863 
0.543000 62.099998 1.901816 1.050863 
0.543000 63.000000 1.901816 1.050863 
0.543000 63.899998 1.901816 1.050863 
0.543000 64.799995 1.901816 1.050863 
0.543000 65.699997 1.901816 1.050863 
0.543000 66.599998 1.901816 1.050863 
0.543000 67.500000 1.901816 1.050863 
0.543000 68.400002 1.901816 1.050863 
0.543000 69.299995 1.901816 1.050863 
0.543000 70.199997 1.901816 1.050863 
0.543000 71.099998 1.901816 1.050863 
0.543000 72.000000 1.901816 1.050863 
0.543000 72.900002 1.901816 1.050863 
0.543000 73.799995 1.901816 1.050863 
0.543000 74.699997 1.901816 1.050863 
0.543000 75.599998 1.901816 1.050863 
0.543000 76.500000 1.901816 1.050863 
0.543000 77.400002 1.901816 1.050863 
0.543000 78.299995 1.901816 1.050863 
0.543000 79.199997 1.901816 1.050863 
0.543000 80.099998 1.901816 1.050863 
0.543000 81.000000 1.901816 1.050863 
0.543000 81.900002 1.901816 1.050863 
0.543000 82.799995 1.901816 1.050863 
0.543000 83.699997 1.901816 1.050863 
0.543000 84.599998 1.901816 1.050863 
0.543000 85.500000 1.901816 1.050863 
0.543000 86.399994 1.901816 1.050863 
0.543000 87.299995 1.901816 1.050863 
0.543000 88.199997 1.901816 1.050863 
0.543000 89.099998 1.901816 1.050863 
0.543000 90.000000 1.901816 1.050863 
0.543000 90.899994 1.901816 1.050863 
0.543000 91.799995 1.901816 1.050863 
0.543000 92.699997 1.901816 1.050863 
0.543000 93.599998 1.901816 1.050863 
0.543000 94.500000 1.901816 1.050863 
0.543000 95.399994 1.901816 1.050863 
0.543000 96.299995 1.901816 1.050863 
0.543000 97.199997 1.901816 1.050863 
0.543000 98.099998 1.901816 1.050863 
0.543000 99.000000 1.901816 1.050863 
0.543000 99.899994 1.901816 1.050863 
0.543000 100.799995 1.901816 1.050863 
0.543000 101.699997 1.901816 1.050863 
0.543000 102.599998 1.901816 1.050863 
0.543000 103.500000 1.901816 1.050863 
0.543000 104.399994 1.901816 1.050863 
0.543000 105.299995 1.901816 1.050863 
0.543000 106.199997 1.901816 1.050863 
0.543000 107.099998 1.901816 1.050863 
0.543000 108.000000 1.901816 1.050863 
0.543000 108.899994 1.901816 1.050863 
0.543000 109.799995 1.901816 1.050863 
0.543000 110.699997 1.901816 1.050863 
0.543000 111.599998 1.901816 1.050863 
0.543000 112.500000 1.901816 1.050863 
0.543000 113.399994 1.901816 1.050863 
0.543000 114.299995 1.901816 1.050863 
0.543000 115.199997 1.901816 1.050863 
0.543000 116.099998 1.901816 1.050863 
0.543000 117.000000 1.901816 1.050863 
0.543000 117.899994 1.901816 1.050863 
0.543000 118.799995 1.901816 1.050863 
0.543000 119.699997 1.901816 1.050863 
0.543000 120.599998 1.901816 1.050863 
0.543000 121.500000 1.901816 1.050863 
0.543000 122.399994 1.901816 1.050863 
0.543000 123.299995 1.901816 1.050863 
0.543000 124.199997 1.901816 1.050863 
0.543000 125.099998 1.901816 1.050863 
0.543000 126.000000 1.901816 1.050863 
0.543000 126.899994 1.901816 1.050863 
0.543000 127.799995 1.901816 1.050863 
0.543000 128.699997 1.901816 1.050863 
0.543000 129.599991 1.901816 1.050863 
0.543000 130.500000 1.901816 1.050863 
0.543000 131.399994 1.901816 1.050863 
0.543000 132.300003 1.901816 1.050863 
0.543000 133.199997 1.901816 1.050863 
0.543000 134.099991 1.901816 1.050863 
0.543000 135.000000 1.901816 1.050863 
0.543000 135.899994 1.901816 1.050863 
0.543000 136.800003 1.901816 1.050863 
0.543000 137.699997 1.901816 1.050863 
0.543000 138.599991 1.901816 1.050863 
0.543000 139.500000 1.901816 1.050863 
0.543000 140.399994 1.901816 1.050863 
0.543000 141.300003 1.901816 1.050863 
0.543000 142.199997 1.901816 1.050863 
0.543000 143.099991 1.901816 1.050863 
0.543000 144.000000 1.901816 1.050863 
0.543000 144.899994 1.901816 1.050863 
0.543000 145.800003 1.901816 1.050863 
0.543000 146.699997 1.901816 1.050863 
0.543000 147.599991 1.901816 1.050863 
0.543000 148.500000 1.901816 1.050863 
0.543000 149.399994 1.901816 1.050863 
0.543000 150.300003 1.901816 1.050863 
0.543000 151.199997 1.901816 1.050863 
0.543000 152.099991 1.901816 1.050863 
0.543000 153.000000 1.901816 1.050863 
0.543000 153.899994 1.901816 1.050863 
0.543000 154.800003 1.901816 1.050863 
0.543000 155.699997 1.901816 1.050863 
0.543000 156.599991 1.901816 1.050863 
0.543000 157.500000 1.901816 1.050863 
0.543000 158.399994 1.901816 1.050863 
0.543000 159.300003 1.901816 1.050863 
0.543000 160.199997 1.901816 1.050863 
0.543000 161.099991 1.901816 1.050863 
0.543000 162.000000 1.901816 1.050863 
0.543000 162.899994 1.901816 1.050863 
0.543000 163.800003 1.901816 1.050863 
0.543000 164.699997 1.901816 1.050863 
0.543000 165.599991 1.901816 1.050863 
0.543000 166.500000 1.901816 1.050863 
0.543000 167.399994 1.901816 1.050863 
0.543000 168.300003 1.901816 1.050863 
0.543000 169.199997 1.901816 1.050863 
0.543000 170.099991 1.901816 1.050863 
0.543000 171.000000 1.901816 1.050863 
0.543000 171.899994 1.901816 1.050863 
0.543000 172.799988 1.901816 1.050863 
0.543000 173.699997 1.901816 1.050863 
0.543000 174.599991 1.901816 1.050863 
0.543000 175.500000 1.901816 1.050863 
0.543000 176.399994 1.901816 1.050863 
0.543000 177.299988 1.901816 1.050863 
0.543000 178.199997 1.901816 1.050863 
0.543000 179.099991 1.901816 1.050863 
0.543000 180.000000 1.901816 1.050863 
0.543000 180.899994 1.901816 1.050863 
0.543000 181.799988 1.901816 1.050863 
0.543000 182.699997 1.901816 1.050863 
0.543000 183.599991 1.901816 1.050863 
0.543000 184.500000 1.901816 1.050863 
0.543000 185.399994 1.901816 1.050863 
0.543000 186.299988 1.901816 1.050863 
0.543000 187.199997 1.901816 1.050863 
0.543000 188.099991 1.901816 1.050863 
0.543000 189.000000 1.901816 1.050863 
0.543000 189.899994 1.901816 1.050863 
0.543000 190.799988 1.901816 1.050863 
0.543000 191.699997 1.901816 1.050863 
0.543000 192.599991 1.901816 1.050863 
0.543000 193.500000 1.901816 1.050863 
0.543000 194.399994 1.901816 1.050863 
0.543000 195.299988 1.901816 1.050863 
0.543000 196.199997 1.901816 1.050863 
0.543000 197.099991 1.901816 1.050863 
0.543000 198.000000 1.901816 1.050863 
0.543000 198.899994 1.901816 1.050863 
0.543000 199.799988 1.901816 1.050863 
0.543000 200.699997 1.901816 1.050863 
0.543000 201.599991 1.901816 1.050863 
0.543000 202.500000 1.901816 1.050863 
0.543000 203.399994 1.901816 1.050863 
0.543000 204.299988 1.901816 1.050863 
0.543000 205.199997 1.901816 1.050863 
0.543000 206.099991 1.901816 1.050863 
0.543000 207.000000 1.901816 1.050863 
0.543000 207.899994 1.901816 1.050863 
0.543000 208.799988 1.901816 1.050863 
0.543000 209.699997 1.901816 1.050863 
0.543000 210.599991 1.901816 1.050863 
0.543000 211.500000 1.901816 1.050863 
0.543000 212.399994 1.901816 1.050863 
0.543000 213.299988 1.901816 1.050863 
0.543000 214.199997 1.901816 1.050863 
0.543000 215.099991 1.901816 1.050863 
0.543000 216.000000 1.901816 1.050863 
0.543000 216.899994 1.901816 1.050863 
0.543000 217.799988 1.901816 1.050863 
0.543000 218.699997 1.901816 1.050863 
0.543000 219.599991 1.901816 1.050863 
0.543000 220.500000 1.901816 1.050863 
0.543000 221.399994 1.901816 1.050863 
0.543000 222.299988 1.901816 1.050863 
0.543000 223.199997 1.901816 1.050863 
0.543000 224.099991 1.901816 1.050863 
0.543000 225.000000 1.901816 1.050863 
0.543000 225.899994 1.901816 1.050864 
0.543000 226.799988 1.901815 1.050864 
0.543000 227.699997 1.901815 1.050864 
0.543000 228.599991 1.901811 1.050864 
0.543000 229.500000 1.901788 1.050864 
