0.163000 0.000000 1.630980 1.628123 
0.163000 0.900000 1.630968 1.628123 
0.163000 1.800000 1.630973 1.628124 
0.163000 2.700000 1.630973 1.628125 
0.163000 3.600000 1.630974 1.628126 
0.163000 4.500000 1.630975 1.628128 
0.163000 5.400000 1.630975 1.628128 
0.163000 6.300000 1.630975 1.628129 
0.163000 7.200000 1.630975 1.628129 
0.163000 8.099999 1.630975 1.628129 
0.163000 9.000000 1.630975 1.628129 
0.163000 9.900000 1.630975 1.628129 
0.163000 10.799999 1.630975 1.628129 
0.163000 11.700000 1.630975 1.628129 
0.163000 12.599999 1.630975 1.628129 
0.163000 13.500000 1.630975 1.628129 
0.163000 14.400000 1.630975 1.628129 
0.163000 15.299999 1.630975 1.628129 
0.163000 16.199999 1.630975 1.628129 
0.163000 17.100000 1.630975 1.628129 
0.163000 18.000000 1.630975 1.628129 
0.163000 18.900000 1.630975 1.628129 
0.163000 19.799999 1.630975 1.628129 
0.163000 20.699999 1.630975 1.628129 
0.163000 21.599998 1.630975 1.628129 
0.163000 22.500000 1.630975 1.628129 
0.163000 23.400000 1.630975 1.628129 
0.163000 24.299999 1.630975 1.628129 
0.163000 25.199999 1.630975 1.628129 
0.163000 26.099998 1.630975 1.628129 
0.163000 27.000000 1.630975 1.628129 
0.163000 27.900000 1.630975 1.628129 
0.163000 28.799999 1.630975 1.628129 
0.163000 29.699999 1.630975 1.628129 
0.163000 30.599998 1.630975 1.628129 
0.163000 31.500000 1.630975 1.628129 
0.163000 32.399998 1.630975 1.628129 
0.163000 33.299999 1.630975 1.628129 
0.163000 34.200001 1.630975 1.628129 
0.163000 35.099998 1.630975 1.628129 
0.163000 36.000000 1.630975 1.628129 
0.163000 36.899998 1.630975 1.628129 
0.163000 37.799999 1.630975 1.628129 
0.163000 38.700001 1.630975 1.628129 
0.163000 39.599998 1.630975 1.628129 
0.163000 40.500000 1.630975 1.628129 
0.163000 41.399998 1.630975 1.628129 
0.163000 42.299999 1.630975 1.628129 
0.163000 43.199997 1.630975 1.628129 
0.163000 44.099998 1.630975 1.628129 
0.163000 45.000000 1.630975 1.628129 
0.163000 45.899998 1.630975 1.628129 
0.163000 46.799999 1.630975 1.628129 
0.163000 47.699997 1.630975 1.628129 
0.163000 48.599998 1.630975 1.628129 
0.163000 49.500000 1.630975 1.628129 
0.163000 50.399998 1.630975 1.628129 
0.163000 51.299999 1.630975 1.628129 
0.163000 52.199997 1.630975 1.628129 
0.163000 53.099998 1.630975 1.628129 
0.163000 54.000000 1.630975 1.628129 
0.163000 54.899998 1.630975 1.628129 
0.163000 55.799999 1.630975 1.628129 
0.163000 56.699997 1.630975 1.628129 
0.163000 57.599998 1.630975 1.628129 
0.163000 58.500000 1.630975 1.628129 
0.163000 59.399998 1.630975 1.628129 
0.163000 60.299999 1.630975 1.628129 
0.163000 61.199997 1.630975 1.628129 
0.163000 62.099998 1.630975 1.628129 
0.163000 63.000000 1.630975 1.628129 
0.163000 63.899998 1.630975 1.628129 
0.163000 64.799995 1.630975 1.628129 
0.163000 65.699997 1.630975 1.628129 
0.163000 66.599998 1.630975 1.628129 
0.163000 67.500000 1.630975 1.628129 
0.163000 68.400002 1.630975 1.628129 
0.163000 69.299995 1.630975 1.628129 
0.163000 70.199997 1.630975 1.628129 
0.163000 71.099998 1.630975 1.628129 
0.163000 72.000000 1.630975 1.628129 
0.163000 72.900002 1.630975 1.628129 
0.163000 73.799995 1.630975 1.628129 
0.163000 74.699997 1.630975 1.628129 
0.163000 75.599998 1.630975 1.628129 
0.163000 76.500000 1.630975 1.628129 
0.163000 77.400002 1.630975 1.628129 
0.163000 78.299995 1.630975 1.628129 
0.163000 79.199997 1.630975 1.628129 
0.163000 80.099998 1.630975 1.628129 
0.163000 81.000000 1.630975 1.628129 
0.163000 81.900002 1.630975 1.628129 
0.163000 82.799995 1.630975 1.628129 
0.163000 83.699997 1.630975 1.628129 
0.163000 84.599998 1.630975 1.628129 
0.163000 85.500000 1.630975 1.628129 
0.163000 86.399994 1.630975 1.628129 
0.163000 87.299995 1.630975 1.628129 
0.163000 88.199997 1.630975 1.628129 
0.163000 89.099998 1.630975 1.628129 
0.163000 90.000000 1.630975 1.628129 
0.163000 90.899994 1.630975 1.628129 
0.163000 91.799995 1.630975 1.628129 
0.163000 92.699997 1.630975 1.628129 
0.163000 93.599998 1.630975 1.628129 
0.163000 94.500000 1.630975 1.628129 
0.163000 95.399994 1.630975 1.628129 
0.163000 96.299995 1.630975 1.628129 
0.163000 97.199997 1.630975 1.628129 
0.163000 98.099998 1.630975 1.628129 
0.163000 99.000000 1.630975 1.628129 
0.163000 99.899994 1.630975 1.628129 
0.163000 100.799995 1.630975 1.628129 
0.163000 101.699997 1.630975 1.628129 
0.163000 102.599998 1.630975 1.628129 
0.163000 103.500000 1.630975 1.628129 
0.163000 104.399994 1.630975 1.628129 
0.163000 105.299995 1.630975 1.628129 
0.163000 106.199997 1.630975 1.628129 
0.163000 107.099998 1.630975 1.628129 
0.163000 108.000000 1.630975 1.628129 
0.163000 108.899994 1.630975 1.628129 
0.163000 109.799995 1.630975 1.628129 
0.163000 110.699997 1.630975 1.628129 
0.163000 111.599998 1.630975 1.628129 
0.163000 112.500000 1.630975 1.628129 
0.163000 113.399994 1.630975 1.628129 
0.163000 114.299995 1.630975 1.628129 
0.163000 115.199997 1.630975 1.628129 
0.163000 116.099998 1.630975 1.628129 
0.163000 117.000000 1.630975 1.628129 
0.163000 117.899994 1.630975 1.628129 
0.163000 118.799995 1.630975 1.628129 
0.163000 119.699997 1.630975 1.628129 
0.163000 120.599998 1.630975 1.628129 
0.163000 121.500000 1.630975 1.628129 
0.163000 122.399994 1.630975 1.628129 
0.163000 123.299995 1.630975 1.628129 
0.163000 124.199997 1.630975 1.628129 
0.163000 125.099998 1.630975 1.628129 
0.163000 126.000000 1.630975 1.628129 
0.163000 126.899994 1.630975 1.628129 
0.163000 127.799995 1.630975 1.628129 
0.163000 128.699997 1.630975 1.628129 
0.163000 129.599991 1.630975 1.628129 
0.163000 130.500000 1.630975 1.628129 
0.163000 131.399994 1.630975 1.628129 
0.163000 132.300003 1.630975 1.628129 
0.163000 133.199997 1.630975 1.628129 
0.163000 134.099991 1.630975 1.628129 
0.163000 135.000000 1.630975 1.628129 
0.163000 135.899994 1.630975 1.628129 
0.163000 136.800003 1.630975 1.628129 
0.163000 137.699997 1.630975 1.628129 
0.163000 138.599991 1.630975 1.628129 
0.163000 139.500000 1.630975 1.628129 
0.163000 140.399994 1.630975 1.628129 
0.163000 141.300003 1.630975 1.628129 
0.163000 142.199997 1.630975 1.628129 
0.163000 143.099991 1.630975 1.628129 
0.163000 144.000000 1.630975 1.628129 
0.163000 144.899994 1.630975 1.628129 
0.163000 145.800003 1.630975 1.628129 
0.163000 146.699997 1.630975 1.628129 
0.163000 147.599991 1.630975 1.628129 
0.163000 148.500000 1.630975 1.628129 
0.163000 149.399994 1.630975 1.628129 
0.163000 150.300003 1.630975 1.628129 
0.163000 151.199997 1.630975 1.628129 
0.163000 152.099991 1.630975 1.628129 
0.163000 153.000000 1.630975 1.628129 
0.163000 153.899994 1.630975 1.628129 
0.163000 154.800003 1.630975 1.628129 
0.163000 155.699997 1.630975 1.628129 
0.163000 156.599991 1.630975 1.628129 
0.163000 157.500000 1.630975 1.628129 
0.163000 158.399994 1.630975 1.628129 
0.163000 159.300003 1.630975 1.628129 
0.163000 160.199997 1.630975 1.628129 
0.163000 161.099991 1.630975 1.628129 
0.163000 162.000000 1.630975 1.628129 
0.163000 162.899994 1.630975 1.628129 
0.163000 163.800003 1.630975 1.628129 
0.163000 164.699997 1.630975 1.628129 
0.163000 165.599991 1.630975 1.628129 
0.163000 166.500000 1.630975 1.628129 
0.163000 167.399994 1.630975 1.628129 
0.163000 168.300003 1.630975 1.628129 
0.163000 169.199997 1.630975 1.628129 
0.163000 170.099991 1.630975 1.628129 
0.163000 171.000000 1.630975 1.628129 
0.163000 171.899994 1.630975 1.628129 
0.163000 172.799988 1.630975 1.628129 
0.163000 173.699997 1.630975 1.628129 
0.163000 174.599991 1.630975 1.628129 
0.163000 175.500000 1.630975 1.628129 
0.163000 176.399994 1.630975 1.628129 
0.163000 177.299988 1.630975 1.628129 
0.163000 178.199997 1.630975 1.628129 
0.163000 179.099991 1.630975 1.628129 
0.163000 180.000000 1.630975 1.628129 
0.163000 180.899994 1.630975 1.628129 
0.163000 181.799988 1.630975 1.628129 
0.163000 182.699997 1.630975 1.628129 
0.163000 183.599991 1.630975 1.628129 
0.163000 184.500000 1.630975 1.628129 
0.163000 185.399994 1.630975 1.628129 
0.163000 186.299988 1.630975 1.628129 
0.163000 187.199997 1.630975 1.628129 
0.163000 188.099991 1.630975 1.628129 
0.163000 189.000000 1.630975 1.628129 
0.163000 189.899994 1.630975 1.628129 
0.163000 190.799988 1.630975 1.628129 
0.163000 191.699997 1.630975 1.628129 
0.163000 192.599991 1.630975 1.628129 
0.163000 193.500000 1.630975 1.628129 
0.163000 194.399994 1.630975 1.628129 
0.163000 195.299988 1.630975 1.628129 
0.163000 196.199997 1.630975 1.628129 
0.163000 197.099991 1.630975 1.628129 
0.163000 198.000000 1.630975 1.628129 
0.163000 198.899994 1.630975 1.628129 
0.163000 199.799988 1.630975 1.628129 
0.163000 200.699997 1.630975 1.628129 
0.163000 201.599991 1.630975 1.628129 
0.163000 202.500000 1.630975 1.628129 
0.163000 203.399994 1.630975 1.628129 
0.163000 204.299988 1.630975 1.628129 
0.163000 205.199997 1.630975 1.628129 
0.163000 206.099991 1.630975 1.628129 
0.163000 207.000000 1.630975 1.628129 
0.163000 207.899994 1.630975 1.628129 
0.163000 208.799988 1.630975 1.628129 
0.163000 209.699997 1.630975 1.628129 
0.163000 210.599991 1.630975 1.628129 
0.163000 211.500000 1.630975 1.628129 
0.163000 212.399994 1.630975 1.628129 
0.163000 213.299988 1.630975 1.628129 
0.163000 214.199997 1.630975 1.628129 
0.163000 215.099991 1.630975 1.628129 
0.163000 216.000000 1.630975 1.628129 
0.163000 216.899994 1.630975 1.628129 
0.163000 217.799988 1.630975 1.628129 
0.163000 218.699997 1.630975 1.628129 
0.163000 219.599991 1.630975 1.628129 
0.163000 220.500000 1.630975 1.628129 
0.163000 221.399994 1.630975 1.628129 
0.163000 222.299988 1.630975 1.628129 
0.163000 223.199997 1.630975 1.628129 
0.163000 224.099991 1.630975 1.628129 
0.163000 225.000000 1.630975 1.628129 
0.163000 225.899994 1.630975 1.628129 
0.163000 226.799988 1.630975 1.628129 
0.163000 227.699997 1.630975 1.628129 
0.163000 228.599991 1.630974 1.628129 
0.163000 229.500000 1.630968 1.628128 
