0.847000 0.000000 1.797397 0.891973 
0.847000 0.900000 1.797349 0.891973 
0.847000 1.800000 1.797370 0.891973 
0.847000 2.700000 1.797378 0.891973 
0.847000 3.600000 1.797385 0.891973 
0.847000 4.500000 1.797388 0.891973 
0.847000 5.400000 1.797390 0.891973 
0.847000 6.300000 1.797392 0.891973 
0.847000 7.200000 1.797393 0.891973 
0.847000 8.099999 1.797394 0.891973 
0.847000 9.000000 1.797394 0.891973 
0.847000 9.900000 1.797394 0.891973 
0.847000 10.799999 1.797394 0.891973 
0.847000 11.700000 1.797394 0.891973 
0.847000 12.599999 1.797394 0.891973 
0.847000 13.500000 1.797394 0.891973 
0.847000 14.400000 1.797394 0.891973 
0.847000 15.299999 1.797394 0.891973 
0.847000 16.199999 1.797394 0.891973 
0.847000 17.100000 1.797394 0.891973 
0.847000 18.000000 1.797394 0.891973 
0.847000 18.900000 1.797394 0.891973 
0.847000 19.799999 1.797394 0.891973 
0.847000 20.699999 1.797394 0.891973 
0.847000 21.599998 1.797394 0.891973 
0.847000 22.500000 1.797394 0.891973 
0.847000 23.400000 1.797394 0.891973 
0.847000 24.299999 1.797394 0.891973 
0.847000 25.199999 1.797394 0.891973 
0.847000 26.099998 1.797394 0.891973 
0.847000 27.000000 1.797394 0.891973 
0.847000 27.900000 1.797394 0.891973 
0.847000 28.799999 1.797394 0.891973 
0.847000 29.699999 1.797394 0.891973 
0.847000 30.599998 1.797394 0.891973 
0.847000 31.500000 1.797394 0.891973 
0.847000 32.399998 1.797394 0.891973 
0.847000 33.299999 1.797394 0.891973 
0.847000 34.200001 1.797394 0.891973 
0.847000 35.099998 1.797394 0.891973 
0.847000 36.000000 1.797394 0.891973 
0.847000 36.899998 1.797394 0.891973 
0.847000 37.799999 1.797394 0.891973 
0.847000 38.700001 1.797394 0.891973 
0.847000 39.599998 1.797394 0.891973 
0.847000 40.500000 1.797394 0.891973 
0.847000 41.399998 1.797394 0.891973 
0.847000 42.299999 1.797394 0.891973 
0.847000 43.199997 1.797394 0.891973 
0.847000 44.099998 1.797394 0.891973 
0.847000 45.000000 1.797394 0.891973 
0.847000 45.899998 1.797394 0.891973 
0.847000 46.799999 1.797394 0.891973 
0.847000 47.699997 1.797394 0.891973 
0.847000 48.599998 1.797394 0.891973 
0.847000 49.500000 1.797394 0.891973 
0.847000 50.399998 1.797394 0.891973 
0.847000 51.299999 1.797394 0.891973 
0.847000 52.199997 1.797394 0.891973 
0.847000 53.099998 1.797394 0.891973 
0.847000 54.000000 1.797394 0.891973 
0.847000 54.899998 1.797394 0.891973 
0.847000 55.799999 1.797394 0.891973 
0.847000 56.699997 1.797394 0.891973 
0.847000 57.599998 1.797394 0.891973 
0.847000 58.500000 1.797394 0.891973 
0.847000 59.399998 1.797394 0.891973 
0.847000 60.299999 1.797394 0.891973 
0.847000 61.199997 1.797394 0.891973 
0.847000 62.099998 1.797394 0.891973 
0.847000 63.000000 1.797394 0.891973 
0.847000 63.899998 1.797394 0.891973 
0.847000 64.799995 1.797394 0.891973 
0.847000 65.699997 1.797394 0.891973 
0.847000 66.599998 1.797394 0.891973 
0.847000 67.500000 1.797394 0.891973 
0.847000 68.400002 1.797394 0.891973 
0.847000 69.299995 1.797394 0.891973 
0.847000 70.199997 1.797394 0.891973 
0.847000 71.099998 1.797394 0.891973 
0.847000 72.000000 1.797394 0.891973 
0.847000 72.900002 1.797394 0.891973 
0.847000 73.799995 1.797394 0.891973 
0.847000 74.699997 1.797394 0.891973 
0.847000 75.599998 1.797394 0.891973 
0.847000 76.500000 1.797394 0.891973 
0.847000 77.400002 1.797394 0.891973 
0.847000 78.299995 1.797394 0.891973 
0.847000 79.199997 1.797394 0.891973 
0.847000 80.099998 1.797394 0.891973 
0.847000 81.000000 1.797394 0.891973 
0.847000 81.900002 1.797394 0.891973 
0.847000 82.799995 1.797394 0.891973 
0.847000 83.699997 1.797394 0.891973 
0.847000 84.599998 1.797394 0.891973 
0.847000 85.500000 1.797394 0.891973 
0.847000 86.399994 1.797394 0.891973 
0.847000 87.299995 1.797394 0.891973 
0.847000 88.199997 1.797394 0.891973 
0.847000 89.099998 1.797394 0.891973 
0.847000 90.000000 1.797394 0.891973 
0.847000 90.899994 1.797394 0.891973 
0.847000 91.799995 1.797394 0.891973 
0.847000 92.699997 1.797394 0.891973 
0.847000 93.599998 1.797394 0.891973 
0.847000 94.500000 1.797394 0.891973 
0.847000 95.399994 1.797394 0.891973 
0.847000 96.299995 1.797394 0.891973 
0.847000 97.199997 1.797394 0.891973 
0.847000 98.099998 1.797394 0.891973 
0.847000 99.000000 1.797394 0.891973 
0.847000 99.899994 1.797394 0.891973 
0.847000 100.799995 1.797394 0.891973 
0.847000 101.699997 1.797394 0.891973 
0.847000 102.599998 1.797394 0.891973 
0.847000 103.500000 1.797394 0.891973 
0.847000 104.399994 1.797394 0.891973 
0.847000 105.299995 1.797394 0.891973 
0.847000 106.199997 1.797394 0.891973 
0.847000 107.099998 1.797394 0.891973 
0.847000 108.000000 1.797394 0.891973 
0.847000 108.899994 1.797394 0.891973 
0.847000 109.799995 1.797394 0.891973 
0.847000 110.699997 1.797394 0.891973 
0.847000 111.599998 1.797394 0.891973 
0.847000 112.500000 1.797394 0.891973 
0.847000 113.399994 1.797394 0.891973 
0.847000 114.299995 1.797394 0.891973 
0.847000 115.199997 1.797394 0.891973 
0.847000 116.099998 1.797394 0.891973 
0.847000 117.000000 1.797394 0.891973 
0.847000 117.899994 1.797394 0.891973 
0.847000 118.799995 1.797394 0.891973 
0.847000 119.699997 1.797394 0.891973 
0.847000 120.599998 1.797394 0.891973 
0.847000 121.500000 1.797394 0.891973 
0.847000 122.399994 1.797394 0.891973 
0.847000 123.299995 1.797394 0.891973 
0.847000 124.199997 1.797394 0.891973 
0.847000 125.099998 1.797394 0.891973 
0.847000 126.000000 1.797394 0.891973 
0.847000 126.899994 1.797394 0.891973 
0.847000 127.799995 1.797394 0.891973 
0.847000 128.699997 1.797394 0.891973 
0.847000 129.599991 1.797394 0.891973 
0.847000 130.500000 1.797394 0.891973 
0.847000 131.399994 1.797394 0.891973 
0.847000 132.300003 1.797394 0.891973 
0.847000 133.199997 1.797394 0.891973 
0.847000 134.099991 1.797394 0.891973 
0.847000 135.000000 1.797394 0.891973 
0.847000 135.899994 1.797394 0.891973 
0.847000 136.800003 1.797394 0.891973 
0.847000 137.699997 1.797394 0.891973 
0.847000 138.599991 1.797394 0.891973 
0.847000 139.500000 1.797394 0.891973 
0.847000 140.399994 1.797394 0.891973 
0.847000 141.300003 1.797394 0.891973 
0.847000 142.199997 1.797394 0.891973 
0.847000 143.099991 1.797394 0.891973 
0.847000 144.000000 1.797394 0.891973 
0.847000 144.899994 1.797394 0.891973 
0.847000 145.800003 1.797394 0.891973 
0.847000 146.699997 1.797394 0.891973 
0.847000 147.599991 1.797394 0.891973 
0.847000 148.500000 1.797394 0.891973 
0.847000 149.399994 1.797394 0.891973 
0.847000 150.300003 1.797394 0.891973 
0.847000 151.199997 1.797394 0.891973 
0.847000 152.099991 1.797394 0.891973 
0.847000 153.000000 1.797394 0.891973 
0.847000 153.899994 1.797394 0.891973 
0.847000 154.800003 1.797394 0.891973 
0.847000 155.699997 1.797394 0.891973 
0.847000 156.599991 1.797394 0.891973 
0.847000 157.500000 1.797394 0.891973 
0.847000 158.399994 1.797394 0.891973 
0.847000 159.300003 1.797394 0.891973 
0.847000 160.199997 1.797394 0.891973 
0.847000 161.099991 1.797394 0.891973 
0.847000 162.000000 1.797394 0.891973 
0.847000 162.899994 1.797394 0.891973 
0.847000 163.800003 1.797394 0.891973 
0.847000 164.699997 1.797394 0.891973 
0.847000 165.599991 1.797394 0.891973 
0.847000 166.500000 1.797394 0.891973 
0.847000 167.399994 1.797394 0.891973 
0.847000 168.300003 1.797394 0.891973 
0.847000 169.199997 1.797394 0.891973 
0.847000 170.099991 1.797394 0.891973 
0.847000 171.000000 1.797394 0.891973 
0.847000 171.899994 1.797394 0.891973 
0.847000 172.799988 1.797394 0.891973 
0.847000 173.699997 1.797394 0.891973 
0.847000 174.599991 1.797394 0.891973 
0.847000 175.500000 1.797394 0.891973 
0.847000 176.399994 1.797394 0.891973 
0.847000 177.299988 1.797394 0.891973 
0.847000 178.199997 1.797394 0.891973 
0.847000 179.099991 1.797394 0.891973 
0.847000 180.000000 1.797394 0.891973 
0.847000 180.899994 1.797394 0.891973 
0.847000 181.799988 1.797394 0.891973 
0.847000 182.699997 1.797394 0.891973 
0.847000 183.599991 1.797394 0.891973 
0.847000 184.500000 1.797394 0.891973 
0.847000 185.399994 1.797394 0.891973 
0.847000 186.299988 1.797394 0.891973 
0.847000 187.199997 1.797394 0.891973 
0.847000 188.099991 1.797394 0.891973 
0.847000 189.000000 1.797394 0.891973 
0.847000 189.899994 1.797394 0.891973 
0.847000 190.799988 1.797394 0.891973 
0.847000 191.699997 1.797394 0.891973 
0.847000 192.599991 1.797394 0.891973 
0.847000 193.500000 1.797394 0.891973 
0.847000 194.399994 1.797394 0.891973 
0.847000 195.299988 1.797394 0.891973 
0.847000 196.199997 1.797394 0.891973 
0.847000 197.099991 1.797394 0.891973 
0.847000 198.000000 1.797394 0.891973 
0.847000 198.899994 1.797394 0.891973 
0.847000 199.799988 1.797394 0.891973 
0.847000 200.699997 1.797394 0.891973 
0.847000 201.599991 1.797394 0.891973 
0.847000 202.500000 1.797394 0.891973 
0.847000 203.399994 1.797394 0.891973 
0.847000 204.299988 1.797394 0.891973 
0.847000 205.199997 1.797394 0.891973 
0.847000 206.099991 1.797394 0.891973 
0.847000 207.000000 1.797394 0.891973 
0.847000 207.899994 1.797394 0.891973 
0.847000 208.799988 1.797394 0.891973 
0.847000 209.699997 1.797394 0.891973 
0.847000 210.599991 1.797394 0.891973 
0.847000 211.500000 1.797394 0.891973 
0.847000 212.399994 1.797394 0.891973 
0.847000 213.299988 1.797394 0.891973 
0.847000 214.199997 1.797394 0.891973 
0.847000 215.099991 1.797394 0.891973 
0.847000 216.000000 1.797394 0.891973 
0.847000 216.899994 1.797394 0.891973 
0.847000 217.799988 1.797394 0.891973 
0.847000 218.699997 1.797394 0.891973 
0.847000 219.599991 1.797394 0.891973 
0.847000 220.500000 1.797394 0.891973 
0.847000 221.399994 1.797394 0.891973 
0.847000 222.299988 1.797394 0.891973 
0.847000 223.199997 1.797394 0.891973 
0.847000 224.099991 1.797394 0.891973 
0.847000 225.000000 1.797394 0.891973 
0.847000 225.899994 1.797395 0.891973 
0.847000 226.799988 1.797395 0.891973 
0.847000 227.699997 1.797393 0.891974 
0.847000 228.599991 1.797384 0.891974 
0.847000 229.500000 1.797353 0.891974 
