0.860000 0.000000 1.789360 0.889697 
0.860000 0.900000 1.789312 0.889697 
0.860000 1.800000 1.789333 0.889697 
0.860000 2.700000 1.789341 0.889697 
0.860000 3.600000 1.789348 0.889697 
0.860000 4.500000 1.789351 0.889697 
0.860000 5.400000 1.789353 0.889697 
0.860000 6.300000 1.789355 0.889697 
0.860000 7.200000 1.789356 0.889697 
0.860000 8.099999 1.789357 0.889697 
0.860000 9.000000 1.789357 0.889697 
0.860000 9.900000 1.789357 0.889696 
0.860000 10.799999 1.789357 0.889696 
0.860000 11.700000 1.789357 0.889696 
0.860000 12.599999 1.789357 0.889696 
0.860000 13.500000 1.789357 0.889696 
0.860000 14.400000 1.789357 0.889696 
0.860000 15.299999 1.789357 0.889696 
0.860000 16.199999 1.789357 0.889696 
0.860000 17.100000 1.789357 0.889696 
0.860000 18.000000 1.789357 0.889696 
0.860000 18.900000 1.789357 0.889696 
0.860000 19.799999 1.789357 0.889696 
0.860000 20.699999 1.789357 0.889696 
0.860000 21.599998 1.789357 0.889696 
0.860000 22.500000 1.789357 0.889696 
0.860000 23.400000 1.789357 0.889696 
0.860000 24.299999 1.789357 0.889696 
0.860000 25.199999 1.789357 0.889696 
0.860000 26.099998 1.789357 0.889696 
0.860000 27.000000 1.789357 0.889696 
0.860000 27.900000 1.789357 0.889696 
0.860000 28.799999 1.789357 0.889696 
0.860000 29.699999 1.789357 0.889696 
0.860000 30.599998 1.789357 0.889696 
0.860000 31.500000 1.789357 0.889696 
0.860000 32.399998 1.789357 0.889696 
0.860000 33.299999 1.789357 0.889696 
0.860000 34.200001 1.789357 0.889696 
0.860000 35.099998 1.789357 0.889696 
0.860000 36.000000 1.789357 0.889696 
0.860000 36.899998 1.789357 0.889696 
0.860000 37.799999 1.789357 0.889696 
0.860000 38.700001 1.789357 0.889696 
0.860000 39.599998 1.789357 0.889696 
0.860000 40.500000 1.789357 0.889696 
0.860000 41.399998 1.789357 0.889696 
0.860000 42.299999 1.789357 0.889696 
0.860000 43.199997 1.789357 0.889696 
0.860000 44.099998 1.789357 0.889696 
0.860000 45.000000 1.789357 0.889696 
0.860000 45.899998 1.789357 0.889696 
0.860000 46.799999 1.789357 0.889696 
0.860000 47.699997 1.789357 0.889696 
0.860000 48.599998 1.789357 0.889696 
0.860000 49.500000 1.789357 0.889696 
0.860000 50.399998 1.789357 0.889696 
0.860000 51.299999 1.789357 0.889696 
0.860000 52.199997 1.789357 0.889696 
0.860000 53.099998 1.789357 0.889696 
0.860000 54.000000 1.789357 0.889696 
0.860000 54.899998 1.789357 0.889696 
0.860000 55.799999 1.789357 0.889696 
0.860000 56.699997 1.789357 0.889696 
0.860000 57.599998 1.789357 0.889696 
0.860000 58.500000 1.789357 0.889696 
0.860000 59.399998 1.789357 0.889696 
0.860000 60.299999 1.789357 0.889696 
0.860000 61.199997 1.789357 0.889696 
0.860000 62.099998 1.789357 0.889696 
0.860000 63.000000 1.789357 0.889696 
0.860000 63.899998 1.789357 0.889696 
0.860000 64.799995 1.789357 0.889696 
0.860000 65.699997 1.789357 0.889696 
0.860000 66.599998 1.789357 0.889696 
0.860000 67.500000 1.789357 0.889696 
0.860000 68.400002 1.789357 0.889696 
0.860000 69.299995 1.789357 0.889696 
0.860000 70.199997 1.789357 0.889696 
0.860000 71.099998 1.789357 0.889696 
0.860000 72.000000 1.789357 0.889696 
0.860000 72.900002 1.789357 0.889696 
0.860000 73.799995 1.789357 0.889696 
0.860000 74.699997 1.789357 0.889696 
0.860000 75.599998 1.789357 0.889696 
0.860000 76.500000 1.789357 0.889696 
0.860000 77.400002 1.789357 0.889696 
0.860000 78.299995 1.789357 0.889696 
0.860000 79.199997 1.789357 0.889696 
0.860000 80.099998 1.789357 0.889696 
0.860000 81.000000 1.789357 0.889696 
0.860000 81.900002 1.789357 0.889696 
0.860000 82.799995 1.789357 0.889696 
0.860000 83.699997 1.789357 0.889696 
0.860000 84.599998 1.789357 0.889696 
0.860000 85.500000 1.789357 0.889696 
0.860000 86.399994 1.789357 0.889696 
0.860000 87.299995 1.789357 0.889696 
0.860000 88.199997 1.789357 0.889696 
0.860000 89.099998 1.789357 0.889696 
0.860000 90.000000 1.789357 0.889696 
0.860000 90.899994 1.789357 0.889696 
0.860000 91.799995 1.789357 0.889696 
0.860000 92.699997 1.789357 0.889696 
0.860000 93.599998 1.789357 0.889696 
0.860000 94.500000 1.789357 0.889696 
0.860000 95.399994 1.789357 0.889696 
0.860000 96.299995 1.789357 0.889696 
0.860000 97.199997 1.789357 0.889696 
0.860000 98.099998 1.789357 0.889696 
0.860000 99.000000 1.789357 0.889696 
0.860000 99.899994 1.789357 0.889696 
0.860000 100.799995 1.789357 0.889696 
0.860000 101.699997 1.789357 0.889696 
0.860000 102.599998 1.789357 0.889696 
0.860000 103.500000 1.789357 0.889696 
0.860000 104.399994 1.789357 0.889696 
0.860000 105.299995 1.789357 0.889696 
0.860000 106.199997 1.789357 0.889696 
0.860000 107.099998 1.789357 0.889696 
0.860000 108.000000 1.789357 0.889696 
0.860000 108.899994 1.789357 0.889696 
0.860000 109.799995 1.789357 0.889696 
0.860000 110.699997 1.789357 0.889696 
0.860000 111.599998 1.789357 0.889696 
0.860000 112.500000 1.789357 0.889696 
0.860000 113.399994 1.789357 0.889696 
0.860000 114.299995 1.789357 0.889696 
0.860000 115.199997 1.789357 0.889696 
0.860000 116.099998 1.789357 0.889696 
0.860000 117.000000 1.789357 0.889696 
0.860000 117.899994 1.789357 0.889696 
0.860000 118.799995 1.789357 0.889696 
0.860000 119.699997 1.789357 0.889696 
0.860000 120.599998 1.789357 0.889696 
0.860000 121.500000 1.789357 0.889696 
0.860000 122.399994 1.789357 0.889696 
0.860000 123.299995 1.789357 0.889696 
0.860000 124.199997 1.789357 0.889696 
0.860000 125.099998 1.789357 0.889696 
0.860000 126.000000 1.789357 0.889696 
0.860000 126.899994 1.789357 0.889696 
0.860000 127.799995 1.789357 0.889696 
0.860000 128.699997 1.789357 0.889696 
0.860000 129.599991 1.789357 0.889696 
0.860000 130.500000 1.789357 0.889696 
0.860000 131.399994 1.789357 0.889696 
0.860000 132.300003 1.789357 0.889696 
0.860000 133.199997 1.789357 0.889696 
0.860000 134.099991 1.789357 0.889696 
0.860000 135.000000 1.789357 0.889696 
0.860000 135.899994 1.789357 0.889696 
0.860000 136.800003 1.789357 0.889696 
0.860000 137.699997 1.789357 0.889696 
0.860000 138.599991 1.789357 0.889696 
0.860000 139.500000 1.789357 0.889696 
0.860000 140.399994 1.789357 0.889696 
0.860000 141.300003 1.789357 0.889696 
0.860000 142.199997 1.789357 0.889696 
0.860000 143.099991 1.789357 0.889696 
0.860000 144.000000 1.789357 0.889696 
0.860000 144.899994 1.789357 0.889696 
0.860000 145.800003 1.789357 0.889696 
0.860000 146.699997 1.789357 0.889696 
0.860000 147.599991 1.789357 0.889696 
0.860000 148.500000 1.789357 0.889696 
0.860000 149.399994 1.789357 0.889696 
0.860000 150.300003 1.789357 0.889696 
0.860000 151.199997 1.789357 0.889696 
0.860000 152.099991 1.789357 0.889696 
0.860000 153.000000 1.789357 0.889696 
0.860000 153.899994 1.789357 0.889696 
0.860000 154.800003 1.789357 0.889696 
0.860000 155.699997 1.789357 0.889696 
0.860000 156.599991 1.789357 0.889696 
0.860000 157.500000 1.789357 0.889696 
0.860000 158.399994 1.789357 0.889696 
0.860000 159.300003 1.789357 0.889696 
0.860000 160.199997 1.789357 0.889696 
0.860000 161.099991 1.789357 0.889696 
0.860000 162.000000 1.789357 0.889696 
0.860000 162.899994 1.789357 0.889696 
0.860000 163.800003 1.789357 0.889696 
0.860000 164.699997 1.789357 0.889696 
0.860000 165.599991 1.789357 0.889696 
0.860000 166.500000 1.789357 0.889696 
0.860000 167.399994 1.789357 0.889696 
0.860000 168.300003 1.789357 0.889696 
0.860000 169.199997 1.789357 0.889696 
0.860000 170.099991 1.789357 0.889696 
0.860000 171.000000 1.789357 0.889696 
0.860000 171.899994 1.789357 0.889696 
0.860000 172.799988 1.789357 0.889696 
0.860000 173.699997 1.789357 0.889696 
0.860000 174.599991 1.789357 0.889696 
0.860000 175.500000 1.789357 0.889696 
0.860000 176.399994 1.789357 0.889696 
0.860000 177.299988 1.789357 0.889696 
0.860000 178.199997 1.789357 0.889696 
0.860000 179.099991 1.789357 0.889696 
0.860000 180.000000 1.789357 0.889696 
0.860000 180.899994 1.789357 0.889696 
0.860000 181.799988 1.789357 0.889696 
0.860000 182.699997 1.789357 0.889696 
0.860000 183.599991 1.789357 0.889696 
0.860000 184.500000 1.789357 0.889696 
0.860000 185.399994 1.789357 0.889696 
0.860000 186.299988 1.789357 0.889696 
0.860000 187.199997 1.789357 0.889696 
0.860000 188.099991 1.789357 0.889696 
0.860000 189.000000 1.789357 0.889696 
0.860000 189.899994 1.789357 0.889696 
0.860000 190.799988 1.789357 0.889696 
0.860000 191.699997 1.789357 0.889696 
0.860000 192.599991 1.789357 0.889696 
0.860000 193.500000 1.789357 0.889696 
0.860000 194.399994 1.789357 0.889696 
0.860000 195.299988 1.789357 0.889696 
0.860000 196.199997 1.789357 0.889696 
0.860000 197.099991 1.789357 0.889696 
0.860000 198.000000 1.789357 0.889696 
0.860000 198.899994 1.789357 0.889696 
0.860000 199.799988 1.789357 0.889696 
0.860000 200.699997 1.789357 0.889696 
0.860000 201.599991 1.789357 0.889696 
0.860000 202.500000 1.789357 0.889696 
0.860000 203.399994 1.789357 0.889696 
0.860000 204.299988 1.789357 0.889696 
0.860000 205.199997 1.789357 0.889696 
0.860000 206.099991 1.789357 0.889696 
0.860000 207.000000 1.789357 0.889696 
0.860000 207.899994 1.789357 0.889696 
0.860000 208.799988 1.789357 0.889696 
0.860000 209.699997 1.789357 0.889696 
0.860000 210.599991 1.789357 0.889696 
0.860000 211.500000 1.789357 0.889696 
0.860000 212.399994 1.789357 0.889696 
0.860000 213.299988 1.789357 0.889696 
0.860000 214.199997 1.789357 0.889696 
0.860000 215.099991 1.789357 0.889696 
0.860000 216.000000 1.789357 0.889696 
0.860000 216.899994 1.789357 0.889696 
0.860000 217.799988 1.789357 0.889696 
0.860000 218.699997 1.789357 0.889696 
0.860000 219.599991 1.789357 0.889696 
0.860000 220.500000 1.789357 0.889696 
0.860000 221.399994 1.789357 0.889696 
0.860000 222.299988 1.789357 0.889696 
0.860000 223.199997 1.789357 0.889697 
0.860000 224.099991 1.789357 0.889697 
0.860000 225.000000 1.789358 0.889697 
0.860000 225.899994 1.789358 0.889697 
0.860000 226.799988 1.789358 0.889697 
0.860000 227.699997 1.789356 0.889697 
0.860000 228.599991 1.789347 0.889698 
0.860000 229.500000 1.789315 0.889698 
