0.916000 0.000000 1.753046 0.882812 
0.916000 0.900000 1.752998 0.882812 
0.916000 1.800000 1.753019 0.882812 
0.916000 2.700000 1.753029 0.882812 
0.916000 3.600000 1.753036 0.882812 
0.916000 4.500000 1.753039 0.882812 
0.916000 5.400000 1.753041 0.882812 
0.916000 6.300000 1.753043 0.882812 
0.916000 7.200000 1.753044 0.882812 
0.916000 8.099999 1.753045 0.882812 
0.916000 9.000000 1.753045 0.882812 
0.916000 9.900000 1.753045 0.882812 
0.916000 10.799999 1.753045 0.882812 
0.916000 11.700000 1.753045 0.882812 
0.916000 12.599999 1.753045 0.882812 
0.916000 13.500000 1.753045 0.882812 
0.916000 14.400000 1.753045 0.882812 
0.916000 15.299999 1.753045 0.882812 
0.916000 16.199999 1.753045 0.882812 
0.916000 17.100000 1.753045 0.882812 
0.916000 18.000000 1.753045 0.882811 
0.916000 18.900000 1.753045 0.882811 
0.916000 19.799999 1.753045 0.882811 
0.916000 20.699999 1.753045 0.882811 
0.916000 21.599998 1.753045 0.882811 
0.916000 22.500000 1.753045 0.882811 
0.916000 23.400000 1.753045 0.882811 
0.916000 24.299999 1.753045 0.882811 
0.916000 25.199999 1.753045 0.882811 
0.916000 26.099998 1.753045 0.882811 
0.916000 27.000000 1.753045 0.882811 
0.916000 27.900000 1.753045 0.882811 
0.916000 28.799999 1.753045 0.882811 
0.916000 29.699999 1.753045 0.882811 
0.916000 30.599998 1.753045 0.882811 
0.916000 31.500000 1.753045 0.882811 
0.916000 32.399998 1.753045 0.882811 
0.916000 33.299999 1.753045 0.882811 
0.916000 34.200001 1.753045 0.882811 
0.916000 35.099998 1.753045 0.882811 
0.916000 36.000000 1.753045 0.882811 
0.916000 36.899998 1.753045 0.882811 
0.916000 37.799999 1.753045 0.882811 
0.916000 38.700001 1.753045 0.882811 
0.916000 39.599998 1.753045 0.882811 
0.916000 40.500000 1.753045 0.882811 
0.916000 41.399998 1.753045 0.882811 
0.916000 42.299999 1.753045 0.882811 
0.916000 43.199997 1.753045 0.882811 
0.916000 44.099998 1.753045 0.882811 
0.916000 45.000000 1.753045 0.882811 
0.916000 45.899998 1.753045 0.882811 
0.916000 46.799999 1.753045 0.882811 
0.916000 47.699997 1.753045 0.882811 
0.916000 48.599998 1.753045 0.882811 
0.916000 49.500000 1.753045 0.882811 
0.916000 50.399998 1.753045 0.882811 
0.916000 51.299999 1.753045 0.882811 
0.916000 52.199997 1.753045 0.882811 
0.916000 53.099998 1.753045 0.882811 
0.916000 54.000000 1.753045 0.882811 
0.916000 54.899998 1.753045 0.882811 
0.916000 55.799999 1.753045 0.882811 
0.916000 56.699997 1.753045 0.882811 
0.916000 57.599998 1.753045 0.882811 
0.916000 58.500000 1.753045 0.882811 
0.916000 59.399998 1.753045 0.882811 
0.916000 60.299999 1.753045 0.882811 
0.916000 61.199997 1.753045 0.882811 
0.916000 62.099998 1.753045 0.882811 
0.916000 63.000000 1.753045 0.882811 
0.916000 63.899998 1.753045 0.882811 
0.916000 64.799995 1.753045 0.882811 
0.916000 65.699997 1.753045 0.882811 
0.916000 66.599998 1.753045 0.882811 
0.916000 67.500000 1.753045 0.882811 
0.916000 68.400002 1.753045 0.882811 
0.916000 69.299995 1.753045 0.882811 
0.916000 70.199997 1.753045 0.882811 
0.916000 71.099998 1.753045 0.882811 
0.916000 72.000000 1.753045 0.882811 
0.916000 72.900002 1.753045 0.882811 
0.916000 73.799995 1.753045 0.882811 
0.916000 74.699997 1.753045 0.882811 
0.916000 75.599998 1.753045 0.882811 
0.916000 76.500000 1.753045 0.882811 
0.916000 77.400002 1.753045 0.882811 
0.916000 78.299995 1.753045 0.882811 
0.916000 79.199997 1.753045 0.882811 
0.916000 80.099998 1.753045 0.882811 
0.916000 81.000000 1.753045 0.882811 
0.916000 81.900002 1.753045 0.882811 
0.916000 82.799995 1.753045 0.882811 
0.916000 83.699997 1.753045 0.882811 
0.916000 84.599998 1.753045 0.882811 
0.916000 85.500000 1.753045 0.882811 
0.916000 86.399994 1.753045 0.882811 
0.916000 87.299995 1.753045 0.882811 
0.916000 88.199997 1.753045 0.882811 
0.916000 89.099998 1.753045 0.882811 
0.916000 90.000000 1.753045 0.882811 
0.916000 90.899994 1.753045 0.882811 
0.916000 91.799995 1.753045 0.882811 
0.916000 92.699997 1.753045 0.882811 
0.916000 93.599998 1.753045 0.882811 
0.916000 94.500000 1.753045 0.882811 
0.916000 95.399994 1.753045 0.882811 
0.916000 96.299995 1.753045 0.882811 
0.916000 97.199997 1.753045 0.882811 
0.916000 98.099998 1.753045 0.882811 
0.916000 99.000000 1.753045 0.882811 
0.916000 99.899994 1.753045 0.882811 
0.916000 100.799995 1.753045 0.882811 
0.916000 101.699997 1.753045 0.882811 
0.916000 102.599998 1.753045 0.882811 
0.916000 103.500000 1.753045 0.882811 
0.916000 104.399994 1.753045 0.882811 
0.916000 105.299995 1.753045 0.882811 
0.916000 106.199997 1.753045 0.882811 
0.916000 107.099998 1.753045 0.882811 
0.916000 108.000000 1.753045 0.882811 
0.916000 108.899994 1.753045 0.882811 
0.916000 109.799995 1.753045 0.882811 
0.916000 110.699997 1.753045 0.882811 
0.916000 111.599998 1.753045 0.882811 
0.916000 112.500000 1.753045 0.882811 
0.916000 113.399994 1.753045 0.882811 
0.916000 114.299995 1.753045 0.882811 
0.916000 115.199997 1.753045 0.882811 
0.916000 116.099998 1.753045 0.882811 
0.916000 117.000000 1.753045 0.882811 
0.916000 117.899994 1.753045 0.882811 
0.916000 118.799995 1.753045 0.882811 
0.916000 119.699997 1.753045 0.882811 
0.916000 120.599998 1.753045 0.882811 
0.916000 121.500000 1.753045 0.882811 
0.916000 122.399994 1.753045 0.882811 
0.916000 123.299995 1.753045 0.882811 
0.916000 124.199997 1.753045 0.882811 
0.916000 125.099998 1.753045 0.882811 
0.916000 126.000000 1.753045 0.882811 
0.916000 126.899994 1.753045 0.882811 
0.916000 127.799995 1.753045 0.882811 
0.916000 128.699997 1.753045 0.882811 
0.916000 129.599991 1.753045 0.882811 
0.916000 130.500000 1.753045 0.882811 
0.916000 131.399994 1.753045 0.882811 
0.916000 132.300003 1.753045 0.882811 
0.916000 133.199997 1.753045 0.882811 
0.916000 134.099991 1.753045 0.882811 
0.916000 135.000000 1.753045 0.882811 
0.916000 135.899994 1.753045 0.882811 
0.916000 136.800003 1.753045 0.882811 
0.916000 137.699997 1.753045 0.882811 
0.916000 138.599991 1.753045 0.882811 
0.916000 139.500000 1.753045 0.882811 
0.916000 140.399994 1.753045 0.882811 
0.916000 141.300003 1.753045 0.882811 
0.916000 142.199997 1.753045 0.882811 
0.916000 143.099991 1.753045 0.882811 
0.916000 144.000000 1.753045 0.882811 
0.916000 144.899994 1.753045 0.882811 
0.916000 145.800003 1.753045 0.882811 
0.916000 146.699997 1.753045 0.882811 
0.916000 147.599991 1.753045 0.882811 
0.916000 148.500000 1.753045 0.882811 
0.916000 149.399994 1.753045 0.882811 
0.916000 150.300003 1.753045 0.882811 
0.916000 151.199997 1.753045 0.882811 
0.916000 152.099991 1.753045 0.882811 
0.916000 153.000000 1.753045 0.882811 
0.916000 153.899994 1.753045 0.882811 
0.916000 154.800003 1.753045 0.882811 
0.916000 155.699997 1.753045 0.882811 
0.916000 156.599991 1.753045 0.882811 
0.916000 157.500000 1.753045 0.882811 
0.916000 158.399994 1.753045 0.882811 
0.916000 159.300003 1.753045 0.882811 
0.916000 160.199997 1.753045 0.882811 
0.916000 161.099991 1.753045 0.882811 
0.916000 162.000000 1.753045 0.882811 
0.916000 162.899994 1.753045 0.882811 
0.916000 163.800003 1.753045 0.882811 
0.916000 164.699997 1.753045 0.882811 
0.916000 165.599991 1.753045 0.882811 
0.916000 166.500000 1.753045 0.882811 
0.916000 167.399994 1.753045 0.882811 
0.916000 168.300003 1.753045 0.882811 
0.916000 169.199997 1.753045 0.882811 
0.916000 170.099991 1.753045 0.882811 
0.916000 171.000000 1.753045 0.882811 
0.916000 171.899994 1.753045 0.882811 
0.916000 172.799988 1.753045 0.882811 
0.916000 173.699997 1.753045 0.882811 
0.916000 174.599991 1.753045 0.882811 
0.916000 175.500000 1.753045 0.882811 
0.916000 176.399994 1.753045 0.882811 
0.916000 177.299988 1.753045 0.882811 
0.916000 178.199997 1.753045 0.882811 
0.916000 179.099991 1.753045 0.882811 
0.916000 180.000000 1.753045 0.882811 
0.916000 180.899994 1.753045 0.882811 
0.916000 181.799988 1.753045 0.882811 
0.916000 182.699997 1.753045 0.882811 
0.916000 183.599991 1.753045 0.882811 
0.916000 184.500000 1.753045 0.882811 
0.916000 185.399994 1.753045 0.882811 
0.916000 186.299988 1.753045 0.882811 
0.916000 187.199997 1.753045 0.882811 
0.916000 188.099991 1.753045 0.882811 
0.916000 189.000000 1.753045 0.882811 
0.916000 189.899994 1.753045 0.882811 
0.916000 190.799988 1.753045 0.882811 
0.916000 191.699997 1.753045 0.882811 
0.916000 192.599991 1.753045 0.882811 
0.916000 193.500000 1.753045 0.882811 
0.916000 194.399994 1.753045 0.882811 
0.916000 195.299988 1.753045 0.882811 
0.916000 196.199997 1.753045 0.882811 
0.916000 197.099991 1.753045 0.882811 
0.916000 198.000000 1.753045 0.882811 
0.916000 198.899994 1.753045 0.882811 
0.916000 199.799988 1.753045 0.882811 
0.916000 200.699997 1.753045 0.882811 
0.916000 201.599991 1.753045 0.882811 
0.916000 202.500000 1.753045 0.882811 
0.916000 203.399994 1.753045 0.882811 
0.916000 204.299988 1.753045 0.882811 
0.916000 205.199997 1.753045 0.882811 
0.916000 206.099991 1.753045 0.882811 
0.916000 207.000000 1.753045 0.882811 
0.916000 207.899994 1.753045 0.882811 
0.916000 208.799988 1.753045 0.882811 
0.916000 209.699997 1.753045 0.882811 
0.916000 210.599991 1.753045 0.882811 
0.916000 211.500000 1.753045 0.882811 
0.916000 212.399994 1.753045 0.882811 
0.916000 213.299988 1.753045 0.882811 
0.916000 214.199997 1.753045 0.882811 
0.916000 215.099991 1.753045 0.882811 
0.916000 216.000000 1.753045 0.882811 
0.916000 216.899994 1.753045 0.882811 
0.916000 217.799988 1.753045 0.882811 
0.916000 218.699997 1.753045 0.882812 
0.916000 219.599991 1.753045 0.882812 
0.916000 220.500000 1.753045 0.882812 
0.916000 221.399994 1.753045 0.882812 
0.916000 222.299988 1.753045 0.882812 
0.916000 223.199997 1.753046 0.882812 
0.916000 224.099991 1.753046 0.882812 
0.916000 225.000000 1.753046 0.882812 
0.916000 225.899994 1.753046 0.882812 
0.916000 226.799988 1.753046 0.882812 
0.916000 227.699997 1.753045 0.882812 
0.916000 228.599991 1.753034 0.882813 
0.916000 229.500000 1.753002 0.882813 
