0.787000 0.000000 1.832013 0.906259 
0.787000 0.900000 1.831965 0.906260 
0.787000 1.800000 1.831986 0.906259 
0.787000 2.700000 1.831993 0.906259 
0.787000 3.600000 1.832000 0.906260 
0.787000 4.500000 1.832002 0.906260 
0.787000 5.400000 1.832004 0.906260 
0.787000 6.300000 1.832006 0.906259 
0.787000 7.200000 1.832007 0.906259 
0.787000 8.099999 1.832008 0.906259 
0.787000 9.000000 1.832008 0.906259 
0.787000 9.900000 1.832008 0.906259 
0.787000 10.799999 1.832008 0.906259 
0.787000 11.700000 1.832008 0.906259 
0.787000 12.599999 1.832008 0.906259 
0.787000 13.500000 1.832008 0.906259 
0.787000 14.400000 1.832008 0.906259 
0.787000 15.299999 1.832008 0.906259 
0.787000 16.199999 1.832008 0.906259 
0.787000 17.100000 1.832008 0.906259 
0.787000 18.000000 1.832008 0.906259 
0.787000 18.900000 1.832008 0.906259 
0.787000 19.799999 1.832008 0.906259 
0.787000 20.699999 1.832008 0.906259 
0.787000 21.599998 1.832008 0.906259 
0.787000 22.500000 1.832008 0.906259 
0.787000 23.400000 1.832008 0.906259 
0.787000 24.299999 1.832008 0.906259 
0.787000 25.199999 1.832008 0.906259 
0.787000 26.099998 1.832008 0.906259 
0.787000 27.000000 1.832008 0.906259 
0.787000 27.900000 1.832008 0.906259 
0.787000 28.799999 1.832008 0.906259 
0.787000 29.699999 1.832008 0.906259 
0.787000 30.599998 1.832008 0.906259 
0.787000 31.500000 1.832008 0.906259 
0.787000 32.399998 1.832008 0.906259 
0.787000 33.299999 1.832008 0.906259 
0.787000 34.200001 1.832008 0.906259 
0.787000 35.099998 1.832008 0.906259 
0.787000 36.000000 1.832008 0.906259 
0.787000 36.899998 1.832008 0.906259 
0.787000 37.799999 1.832008 0.906259 
0.787000 38.700001 1.832008 0.906259 
0.787000 39.599998 1.832008 0.906259 
0.787000 40.500000 1.832008 0.906259 
0.787000 41.399998 1.832008 0.906259 
0.787000 42.299999 1.832008 0.906259 
0.787000 43.199997 1.832008 0.906259 
0.787000 44.099998 1.832008 0.906259 
0.787000 45.000000 1.832008 0.906259 
0.787000 45.899998 1.832008 0.906259 
0.787000 46.799999 1.832008 0.906259 
0.787000 47.699997 1.832008 0.906259 
0.787000 48.599998 1.832008 0.906259 
0.787000 49.500000 1.832008 0.906259 
0.787000 50.399998 1.832008 0.906259 
0.787000 51.299999 1.832008 0.906259 
0.787000 52.199997 1.832008 0.906259 
0.787000 53.099998 1.832008 0.906259 
0.787000 54.000000 1.832008 0.906259 
0.787000 54.899998 1.832008 0.906259 
0.787000 55.799999 1.832008 0.906259 
0.787000 56.699997 1.832008 0.906259 
0.787000 57.599998 1.832008 0.906259 
0.787000 58.500000 1.832008 0.906259 
0.787000 59.399998 1.832008 0.906259 
0.787000 60.299999 1.832008 0.906259 
0.787000 61.199997 1.832008 0.906259 
0.787000 62.099998 1.832008 0.906259 
0.787000 63.000000 1.832008 0.906259 
0.787000 63.899998 1.832008 0.906259 
0.787000 64.799995 1.832008 0.906259 
0.787000 65.699997 1.832008 0.906259 
0.787000 66.599998 1.832008 0.906259 
0.787000 67.500000 1.832008 0.906259 
0.787000 68.400002 1.832008 0.906259 
0.787000 69.299995 1.832008 0.906259 
0.787000 70.199997 1.832008 0.906259 
0.787000 71.099998 1.832008 0.906259 
0.787000 72.000000 1.832008 0.906259 
0.787000 72.900002 1.832008 0.906259 
0.787000 73.799995 1.832008 0.906259 
0.787000 74.699997 1.832008 0.906259 
0.787000 75.599998 1.832008 0.906259 
0.787000 76.500000 1.832008 0.906259 
0.787000 77.400002 1.832008 0.906259 
0.787000 78.299995 1.832008 0.906259 
0.787000 79.199997 1.832008 0.906259 
0.787000 80.099998 1.832008 0.906259 
0.787000 81.000000 1.832008 0.906259 
0.787000 81.900002 1.832008 0.906259 
0.787000 82.799995 1.832008 0.906259 
0.787000 83.699997 1.832008 0.906259 
0.787000 84.599998 1.832008 0.906259 
0.787000 85.500000 1.832008 0.906259 
0.787000 86.399994 1.832008 0.906259 
0.787000 87.299995 1.832008 0.906259 
0.787000 88.199997 1.832008 0.906259 
0.787000 89.099998 1.832008 0.906259 
0.787000 90.000000 1.832008 0.906259 
0.787000 90.899994 1.832008 0.906259 
0.787000 91.799995 1.832008 0.906259 
0.787000 92.699997 1.832008 0.906259 
0.787000 93.599998 1.832008 0.906259 
0.787000 94.500000 1.832008 0.906259 
0.787000 95.399994 1.832008 0.906259 
0.787000 96.299995 1.832008 0.906259 
0.787000 97.199997 1.832008 0.906259 
0.787000 98.099998 1.832008 0.906259 
0.787000 99.000000 1.832008 0.906259 
0.787000 99.899994 1.832008 0.906259 
0.787000 100.799995 1.832008 0.906259 
0.787000 101.699997 1.832008 0.906259 
0.787000 102.599998 1.832008 0.906259 
0.787000 103.500000 1.832008 0.906259 
0.787000 104.399994 1.832008 0.906259 
0.787000 105.299995 1.832008 0.906259 
0.787000 106.199997 1.832008 0.906259 
0.787000 107.099998 1.832008 0.906259 
0.787000 108.000000 1.832008 0.906259 
0.787000 108.899994 1.832008 0.906259 
0.787000 109.799995 1.832008 0.906259 
0.787000 110.699997 1.832008 0.906259 
0.787000 111.599998 1.832008 0.906259 
0.787000 112.500000 1.832008 0.906259 
0.787000 113.399994 1.832008 0.906259 
0.787000 114.299995 1.832008 0.906259 
0.787000 115.199997 1.832008 0.906259 
0.787000 116.099998 1.832008 0.906259 
0.787000 117.000000 1.832008 0.906259 
0.787000 117.899994 1.832008 0.906259 
0.787000 118.799995 1.832008 0.906259 
0.787000 119.699997 1.832008 0.906259 
0.787000 120.599998 1.832008 0.906259 
0.787000 121.500000 1.832008 0.906259 
0.787000 122.399994 1.832008 0.906259 
0.787000 123.299995 1.832008 0.906259 
0.787000 124.199997 1.832008 0.906259 
0.787000 125.099998 1.832008 0.906259 
0.787000 126.000000 1.832008 0.906259 
0.787000 126.899994 1.832008 0.906259 
0.787000 127.799995 1.832008 0.906259 
0.787000 128.699997 1.832008 0.906259 
0.787000 129.599991 1.832008 0.906259 
0.787000 130.500000 1.832008 0.906259 
0.787000 131.399994 1.832008 0.906259 
0.787000 132.300003 1.832008 0.906259 
0.787000 133.199997 1.832008 0.906259 
0.787000 134.099991 1.832008 0.906259 
0.787000 135.000000 1.832008 0.906259 
0.787000 135.899994 1.832008 0.906259 
0.787000 136.800003 1.832008 0.906259 
0.787000 137.699997 1.832008 0.906259 
0.787000 138.599991 1.832008 0.906259 
0.787000 139.500000 1.832008 0.906259 
0.787000 140.399994 1.832008 0.906259 
0.787000 141.300003 1.832008 0.906259 
0.787000 142.199997 1.832008 0.906259 
0.787000 143.099991 1.832008 0.906259 
0.787000 144.000000 1.832008 0.906259 
0.787000 144.899994 1.832008 0.906259 
0.787000 145.800003 1.832008 0.906259 
0.787000 146.699997 1.832008 0.906259 
0.787000 147.599991 1.832008 0.906259 
0.787000 148.500000 1.832008 0.906259 
0.787000 149.399994 1.832008 0.906259 
0.787000 150.300003 1.832008 0.906259 
0.787000 151.199997 1.832008 0.906259 
0.787000 152.099991 1.832008 0.906259 
0.787000 153.000000 1.832008 0.906259 
0.787000 153.899994 1.832008 0.906259 
0.787000 154.800003 1.832008 0.906259 
0.787000 155.699997 1.832008 0.906259 
0.787000 156.599991 1.832008 0.906259 
0.787000 157.500000 1.832008 0.906259 
0.787000 158.399994 1.832008 0.906259 
0.787000 159.300003 1.832008 0.906259 
0.787000 160.199997 1.832008 0.906259 
0.787000 161.099991 1.832008 0.906259 
0.787000 162.000000 1.832008 0.906259 
0.787000 162.899994 1.832008 0.906259 
0.787000 163.800003 1.832008 0.906259 
0.787000 164.699997 1.832008 0.906259 
0.787000 165.599991 1.832008 0.906259 
0.787000 166.500000 1.832008 0.906259 
0.787000 167.399994 1.832008 0.906259 
0.787000 168.300003 1.832008 0.906259 
0.787000 169.199997 1.832008 0.906259 
0.787000 170.099991 1.832008 0.906259 
0.787000 171.000000 1.832008 0.906259 
0.787000 171.899994 1.832008 0.906259 
0.787000 172.799988 1.832008 0.906259 
0.787000 173.699997 1.832008 0.906259 
0.787000 174.599991 1.832008 0.906259 
0.787000 175.500000 1.832008 0.906259 
0.787000 176.399994 1.832008 0.906259 
0.787000 177.299988 1.832008 0.906259 
0.787000 178.199997 1.832008 0.906259 
0.787000 179.099991 1.832008 0.906259 
0.787000 180.000000 1.832008 0.906259 
0.787000 180.899994 1.832008 0.906259 
0.787000 181.799988 1.832008 0.906259 
0.787000 182.699997 1.832008 0.906259 
0.787000 183.599991 1.832008 0.906259 
0.787000 184.500000 1.832008 0.906259 
0.787000 185.399994 1.832008 0.906259 
0.787000 186.299988 1.832008 0.906259 
0.787000 187.199997 1.832008 0.906259 
0.787000 188.099991 1.832008 0.906259 
0.787000 189.000000 1.832008 0.906259 
0.787000 189.899994 1.832008 0.906259 
0.787000 190.799988 1.832008 0.906259 
0.787000 191.699997 1.832008 0.906259 
0.787000 192.599991 1.832008 0.906259 
0.787000 193.500000 1.832008 0.906259 
0.787000 194.399994 1.832008 0.906259 
0.787000 195.299988 1.832008 0.906259 
0.787000 196.199997 1.832008 0.906259 
0.787000 197.099991 1.832008 0.906259 
0.787000 198.000000 1.832008 0.906259 
0.787000 198.899994 1.832008 0.906259 
0.787000 199.799988 1.832008 0.906259 
0.787000 200.699997 1.832008 0.906259 
0.787000 201.599991 1.832008 0.906259 
0.787000 202.500000 1.832008 0.906259 
0.787000 203.399994 1.832008 0.906259 
0.787000 204.299988 1.832008 0.906259 
0.787000 205.199997 1.832008 0.906259 
0.787000 206.099991 1.832008 0.906259 
0.787000 207.000000 1.832008 0.906259 
0.787000 207.899994 1.832008 0.906259 
0.787000 208.799988 1.832008 0.906259 
0.787000 209.699997 1.832008 0.906259 
0.787000 210.599991 1.832008 0.906259 
0.787000 211.500000 1.832008 0.906259 
0.787000 212.399994 1.832008 0.906259 
0.787000 213.299988 1.832008 0.906259 
0.787000 214.199997 1.832008 0.906259 
0.787000 215.099991 1.832008 0.906259 
0.787000 216.000000 1.832008 0.906259 
0.787000 216.899994 1.832008 0.906259 
0.787000 217.799988 1.832008 0.906259 
0.787000 218.699997 1.832008 0.906259 
0.787000 219.599991 1.832008 0.906259 
0.787000 220.500000 1.832008 0.906259 
0.787000 221.399994 1.832008 0.906259 
0.787000 222.299988 1.832008 0.906259 
0.787000 223.199997 1.832008 0.906259 
0.787000 224.099991 1.832008 0.906259 
0.787000 225.000000 1.832009 0.906259 
0.787000 225.899994 1.832009 0.906259 
0.787000 226.799988 1.832009 0.906260 
0.787000 227.699997 1.832008 0.906260 
0.787000 228.599991 1.831999 0.906260 
0.787000 229.500000 1.831969 0.906260 
