0.934000 0.000000 1.740894 0.881519 
0.934000 0.900000 1.740846 0.881519 
0.934000 1.800000 1.740866 0.881519 
0.934000 2.700000 1.740876 0.881519 
0.934000 3.600000 1.740884 0.881519 
0.934000 4.500000 1.740887 0.881519 
0.934000 5.400000 1.740889 0.881519 
0.934000 6.300000 1.740891 0.881519 
0.934000 7.200000 1.740893 0.881518 
0.934000 8.099999 1.740893 0.881518 
0.934000 9.000000 1.740893 0.881518 
0.934000 9.900000 1.740894 0.881518 
0.934000 10.799999 1.740894 0.881518 
0.934000 11.700000 1.740894 0.881518 
0.934000 12.599999 1.740894 0.881518 
0.934000 13.500000 1.740894 0.881518 
0.934000 14.400000 1.740894 0.881518 
0.934000 15.299999 1.740894 0.881518 
0.934000 16.199999 1.740894 0.881518 
0.934000 17.100000 1.740894 0.881518 
0.934000 18.000000 1.740894 0.881518 
0.934000 18.900000 1.740894 0.881518 
0.934000 19.799999 1.740894 0.881518 
0.934000 20.699999 1.740894 0.881518 
0.934000 21.599998 1.740894 0.881518 
0.934000 22.500000 1.740894 0.881518 
0.934000 23.400000 1.740894 0.881518 
0.934000 24.299999 1.740894 0.881518 
0.934000 25.199999 1.740894 0.881518 
0.934000 26.099998 1.740894 0.881518 
0.934000 27.000000 1.740894 0.881518 
0.934000 27.900000 1.740894 0.881518 
0.934000 28.799999 1.740894 0.881518 
0.934000 29.699999 1.740894 0.881518 
0.934000 30.599998 1.740894 0.881518 
0.934000 31.500000 1.740894 0.881518 
0.934000 32.399998 1.740894 0.881518 
0.934000 33.299999 1.740894 0.881518 
0.934000 34.200001 1.740894 0.881518 
0.934000 35.099998 1.740894 0.881518 
0.934000 36.000000 1.740894 0.881518 
0.934000 36.899998 1.740894 0.881518 
0.934000 37.799999 1.740894 0.881518 
0.934000 38.700001 1.740894 0.881518 
0.934000 39.599998 1.740894 0.881518 
0.934000 40.500000 1.740894 0.881518 
0.934000 41.399998 1.740894 0.881518 
0.934000 42.299999 1.740894 0.881518 
0.934000 43.199997 1.740894 0.881518 
0.934000 44.099998 1.740894 0.881518 
0.934000 45.000000 1.740894 0.881518 
0.934000 45.899998 1.740894 0.881518 
0.934000 46.799999 1.740894 0.881518 
0.934000 47.699997 1.740894 0.881518 
0.934000 48.599998 1.740894 0.881518 
0.934000 49.500000 1.740894 0.881518 
0.934000 50.399998 1.740894 0.881518 
0.934000 51.299999 1.740894 0.881518 
0.934000 52.199997 1.740894 0.881518 
0.934000 53.099998 1.740894 0.881518 
0.934000 54.000000 1.740894 0.881518 
0.934000 54.899998 1.740894 0.881518 
0.934000 55.799999 1.740894 0.881518 
0.934000 56.699997 1.740894 0.881518 
0.934000 57.599998 1.740894 0.881518 
0.934000 58.500000 1.740894 0.881518 
0.934000 59.399998 1.740894 0.881518 
0.934000 60.299999 1.740894 0.881518 
0.934000 61.199997 1.740894 0.881518 
0.934000 62.099998 1.740894 0.881518 
0.934000 63.000000 1.740894 0.881518 
0.934000 63.899998 1.740894 0.881518 
0.934000 64.799995 1.740894 0.881518 
0.934000 65.699997 1.740894 0.881518 
0.934000 66.599998 1.740894 0.881518 
0.934000 67.500000 1.740894 0.881518 
0.934000 68.400002 1.740894 0.881518 
0.934000 69.299995 1.740894 0.881518 
0.934000 70.199997 1.740894 0.881518 
0.934000 71.099998 1.740894 0.881518 
0.934000 72.000000 1.740894 0.881518 
0.934000 72.900002 1.740894 0.881518 
0.934000 73.799995 1.740894 0.881518 
0.934000 74.699997 1.740894 0.881518 
0.934000 75.599998 1.740894 0.881518 
0.934000 76.500000 1.740894 0.881518 
0.934000 77.400002 1.740894 0.881518 
0.934000 78.299995 1.740894 0.881518 
0.934000 79.199997 1.740894 0.881518 
0.934000 80.099998 1.740894 0.881518 
0.934000 81.000000 1.740894 0.881518 
0.934000 81.900002 1.740894 0.881518 
0.934000 82.799995 1.740894 0.881518 
0.934000 83.699997 1.740894 0.881518 
0.934000 84.599998 1.740894 0.881518 
0.934000 85.500000 1.740894 0.881518 
0.934000 86.399994 1.740894 0.881518 
0.934000 87.299995 1.740894 0.881518 
0.934000 88.199997 1.740894 0.881518 
0.934000 89.099998 1.740894 0.881518 
0.934000 90.000000 1.740894 0.881518 
0.934000 90.899994 1.740894 0.881518 
0.934000 91.799995 1.740894 0.881518 
0.934000 92.699997 1.740894 0.881518 
0.934000 93.599998 1.740894 0.881518 
0.934000 94.500000 1.740894 0.881518 
0.934000 95.399994 1.740894 0.881518 
0.934000 96.299995 1.740894 0.881518 
0.934000 97.199997 1.740894 0.881518 
0.934000 98.099998 1.740894 0.881518 
0.934000 99.000000 1.740894 0.881518 
0.934000 99.899994 1.740894 0.881518 
0.934000 100.799995 1.740894 0.881518 
0.934000 101.699997 1.740894 0.881518 
0.934000 102.599998 1.740894 0.881518 
0.934000 103.500000 1.740894 0.881518 
0.934000 104.399994 1.740894 0.881518 
0.934000 105.299995 1.740894 0.881518 
0.934000 106.199997 1.740894 0.881518 
0.934000 107.099998 1.740894 0.881518 
0.934000 108.000000 1.740894 0.881518 
0.934000 108.899994 1.740894 0.881518 
0.934000 109.799995 1.740894 0.881518 
0.934000 110.699997 1.740894 0.881518 
0.934000 111.599998 1.740894 0.881518 
0.934000 112.500000 1.740894 0.881518 
0.934000 113.399994 1.740894 0.881518 
0.934000 114.299995 1.740894 0.881518 
0.934000 115.199997 1.740894 0.881518 
0.934000 116.099998 1.740894 0.881518 
0.934000 117.000000 1.740894 0.881518 
0.934000 117.899994 1.740894 0.881518 
0.934000 118.799995 1.740894 0.881518 
0.934000 119.699997 1.740894 0.881518 
0.934000 120.599998 1.740894 0.881518 
0.934000 121.500000 1.740894 0.881518 
0.934000 122.399994 1.740894 0.881518 
0.934000 123.299995 1.740894 0.881518 
0.934000 124.199997 1.740894 0.881518 
0.934000 125.099998 1.740894 0.881518 
0.934000 126.000000 1.740894 0.881518 
0.934000 126.899994 1.740894 0.881518 
0.934000 127.799995 1.740894 0.881518 
0.934000 128.699997 1.740894 0.881518 
0.934000 129.599991 1.740894 0.881518 
0.934000 130.500000 1.740894 0.881518 
0.934000 131.399994 1.740894 0.881518 
0.934000 132.300003 1.740894 0.881518 
0.934000 133.199997 1.740894 0.881518 
0.934000 134.099991 1.740894 0.881518 
0.934000 135.000000 1.740894 0.881518 
0.934000 135.899994 1.740894 0.881518 
0.934000 136.800003 1.740894 0.881518 
0.934000 137.699997 1.740894 0.881518 
0.934000 138.599991 1.740894 0.881518 
0.934000 139.500000 1.740894 0.881518 
0.934000 140.399994 1.740894 0.881518 
0.934000 141.300003 1.740894 0.881518 
0.934000 142.199997 1.740894 0.881518 
0.934000 143.099991 1.740894 0.881518 
0.934000 144.000000 1.740894 0.881518 
0.934000 144.899994 1.740894 0.881518 
0.934000 145.800003 1.740894 0.881518 
0.934000 146.699997 1.740894 0.881518 
0.934000 147.599991 1.740894 0.881518 
0.934000 148.500000 1.740894 0.881518 
0.934000 149.399994 1.740894 0.881518 
0.934000 150.300003 1.740894 0.881518 
0.934000 151.199997 1.740894 0.881518 
0.934000 152.099991 1.740894 0.881518 
0.934000 153.000000 1.740894 0.881518 
0.934000 153.899994 1.740894 0.881518 
0.934000 154.800003 1.740894 0.881518 
0.934000 155.699997 1.740894 0.881518 
0.934000 156.599991 1.740894 0.881518 
0.934000 157.500000 1.740894 0.881518 
0.934000 158.399994 1.740894 0.881518 
0.934000 159.300003 1.740894 0.881518 
0.934000 160.199997 1.740894 0.881518 
0.934000 161.099991 1.740894 0.881518 
0.934000 162.000000 1.740894 0.881518 
0.934000 162.899994 1.740894 0.881518 
0.934000 163.800003 1.740894 0.881518 
0.934000 164.699997 1.740894 0.881518 
0.934000 165.599991 1.740894 0.881518 
0.934000 166.500000 1.740894 0.881518 
0.934000 167.399994 1.740894 0.881518 
0.934000 168.300003 1.740894 0.881518 
0.934000 169.199997 1.740894 0.881518 
0.934000 170.099991 1.740894 0.881518 
0.934000 171.000000 1.740894 0.881518 
0.934000 171.899994 1.740894 0.881518 
0.934000 172.799988 1.740894 0.881518 
0.934000 173.699997 1.740894 0.881518 
0.934000 174.599991 1.740894 0.881518 
0.934000 175.500000 1.740894 0.881518 
0.934000 176.399994 1.740894 0.881518 
0.934000 177.299988 1.740894 0.881518 
0.934000 178.199997 1.740894 0.881518 
0.934000 179.099991 1.740894 0.881518 
0.934000 180.000000 1.740894 0.881518 
0.934000 180.899994 1.740894 0.881518 
0.934000 181.799988 1.740894 0.881518 
0.934000 182.699997 1.740894 0.881518 
0.934000 183.599991 1.740894 0.881518 
0.934000 184.500000 1.740894 0.881518 
0.934000 185.399994 1.740894 0.881518 
0.934000 186.299988 1.740894 0.881518 
0.934000 187.199997 1.740894 0.881518 
0.934000 188.099991 1.740894 0.881518 
0.934000 189.000000 1.740894 0.881518 
0.934000 189.899994 1.740894 0.881518 
0.934000 190.799988 1.740894 0.881518 
0.934000 191.699997 1.740894 0.881518 
0.934000 192.599991 1.740894 0.881518 
0.934000 193.500000 1.740894 0.881518 
0.934000 194.399994 1.740894 0.881518 
0.934000 195.299988 1.740894 0.881518 
0.934000 196.199997 1.740894 0.881518 
0.934000 197.099991 1.740894 0.881518 
0.934000 198.000000 1.740894 0.881518 
0.934000 198.899994 1.740894 0.881518 
0.934000 199.799988 1.740894 0.881518 
0.934000 200.699997 1.740894 0.881518 
0.934000 201.599991 1.740894 0.881518 
0.934000 202.500000 1.740894 0.881518 
0.934000 203.399994 1.740894 0.881518 
0.934000 204.299988 1.740894 0.881518 
0.934000 205.199997 1.740894 0.881518 
0.934000 206.099991 1.740894 0.881518 
0.934000 207.000000 1.740894 0.881518 
0.934000 207.899994 1.740894 0.881518 
0.934000 208.799988 1.740894 0.881518 
0.934000 209.699997 1.740894 0.881518 
0.934000 210.599991 1.740894 0.881518 
0.934000 211.500000 1.740894 0.881518 
0.934000 212.399994 1.740894 0.881518 
0.934000 213.299988 1.740894 0.881518 
0.934000 214.199997 1.740894 0.881518 
0.934000 215.099991 1.740894 0.881518 
0.934000 216.000000 1.740894 0.881518 
0.934000 216.899994 1.740894 0.881518 
0.934000 217.799988 1.740894 0.881518 
0.934000 218.699997 1.740894 0.881518 
0.934000 219.599991 1.740894 0.881518 
0.934000 220.500000 1.740894 0.881518 
0.934000 221.399994 1.740894 0.881518 
0.934000 222.299988 1.740894 0.881518 
0.934000 223.199997 1.740894 0.881518 
0.934000 224.099991 1.740894 0.881518 
0.934000 225.000000 1.740894 0.881518 
0.934000 225.899994 1.740895 0.881518 
0.934000 226.799988 1.740895 0.881519 
0.934000 227.699997 1.740893 0.881519 
0.934000 228.599991 1.740882 0.881520 
0.934000 229.500000 1.740850 0.881520 
