0.691000 0.000000 1.875997 0.944388 
0.691000 0.900000 1.875950 0.944388 
0.691000 1.800000 1.875970 0.944388 
0.691000 2.700000 1.875976 0.944388 
0.691000 3.600000 1.875983 0.944389 
0.691000 4.500000 1.875985 0.944388 
0.691000 5.400000 1.875986 0.944388 
0.691000 6.300000 1.875987 0.944388 
0.691000 7.200000 1.875988 0.944388 
0.691000 8.099999 1.875989 0.944388 
0.691000 9.000000 1.875989 0.944388 
0.691000 9.900000 1.875989 0.944388 
0.691000 10.799999 1.875989 0.944388 
0.691000 11.700000 1.875989 0.944387 
0.691000 12.599999 1.875989 0.944387 
0.691000 13.500000 1.875990 0.944387 
0.691000 14.400000 1.875990 0.944387 
0.691000 15.299999 1.875990 0.944387 
0.691000 16.199999 1.875990 0.944387 
0.691000 17.100000 1.875990 0.944387 
0.691000 18.000000 1.875990 0.944387 
0.691000 18.900000 1.875990 0.944387 
0.691000 19.799999 1.875990 0.944387 
0.691000 20.699999 1.875990 0.944387 
0.691000 21.599998 1.875990 0.944387 
0.691000 22.500000 1.875990 0.944387 
0.691000 23.400000 1.875990 0.944387 
0.691000 24.299999 1.875990 0.944387 
0.691000 25.199999 1.875990 0.944387 
0.691000 26.099998 1.875990 0.944387 
0.691000 27.000000 1.875990 0.944387 
0.691000 27.900000 1.875990 0.944387 
0.691000 28.799999 1.875990 0.944387 
0.691000 29.699999 1.875990 0.944387 
0.691000 30.599998 1.875990 0.944387 
0.691000 31.500000 1.875990 0.944387 
0.691000 32.399998 1.875990 0.944387 
0.691000 33.299999 1.875990 0.944387 
0.691000 34.200001 1.875990 0.944387 
0.691000 35.099998 1.875990 0.944387 
0.691000 36.000000 1.875990 0.944387 
0.691000 36.899998 1.875990 0.944387 
0.691000 37.799999 1.875990 0.944387 
0.691000 38.700001 1.875990 0.944387 
0.691000 39.599998 1.875990 0.944387 
0.691000 40.500000 1.875990 0.944387 
0.691000 41.399998 1.875990 0.944387 
0.691000 42.299999 1.875990 0.944387 
0.691000 43.199997 1.875990 0.944387 
0.691000 44.099998 1.875990 0.944387 
0.691000 45.000000 1.875990 0.944387 
0.691000 45.899998 1.875990 0.944387 
0.691000 46.799999 1.875990 0.944387 
0.691000 47.699997 1.875990 0.944387 
0.691000 48.599998 1.875990 0.944387 
0.691000 49.500000 1.875990 0.944387 
0.691000 50.399998 1.875990 0.944387 
0.691000 51.299999 1.875990 0.944387 
0.691000 52.199997 1.875990 0.944387 
0.691000 53.099998 1.875990 0.944387 
0.691000 54.000000 1.875990 0.944387 
0.691000 54.899998 1.875990 0.944387 
0.691000 55.799999 1.875990 0.944387 
0.691000 56.699997 1.875990 0.944387 
0.691000 57.599998 1.875990 0.944387 
0.691000 58.500000 1.875990 0.944387 
0.691000 59.399998 1.875990 0.944387 
0.691000 60.299999 1.875990 0.944387 
0.691000 61.199997 1.875990 0.944387 
0.691000 62.099998 1.875990 0.944387 
0.691000 63.000000 1.875990 0.944387 
0.691000 63.899998 1.875990 0.944387 
0.691000 64.799995 1.875990 0.944387 
0.691000 65.699997 1.875990 0.944387 
0.691000 66.599998 1.875990 0.944387 
0.691000 67.500000 1.875990 0.944387 
0.691000 68.400002 1.875990 0.944387 
0.691000 69.299995 1.875990 0.944387 
0.691000 70.199997 1.875990 0.944387 
0.691000 71.099998 1.875990 0.944387 
0.691000 72.000000 1.875990 0.944387 
0.691000 72.900002 1.875990 0.944387 
0.691000 73.799995 1.875990 0.944387 
0.691000 74.699997 1.875990 0.944387 
0.691000 75.599998 1.875990 0.944387 
0.691000 76.500000 1.875990 0.944387 
0.691000 77.400002 1.875990 0.944387 
0.691000 78.299995 1.875990 0.944387 
0.691000 79.199997 1.875990 0.944387 
0.691000 80.099998 1.875990 0.944387 
0.691000 81.000000 1.875990 0.944387 
0.691000 81.900002 1.875990 0.944387 
0.691000 82.799995 1.875990 0.944387 
0.691000 83.699997 1.875990 0.944387 
0.691000 84.599998 1.875990 0.944387 
0.691000 85.500000 1.875990 0.944387 
0.691000 86.399994 1.875990 0.944387 
0.691000 87.299995 1.875990 0.944387 
0.691000 88.199997 1.875990 0.944387 
0.691000 89.099998 1.875990 0.944387 
0.691000 90.000000 1.875990 0.944387 
0.691000 90.899994 1.875990 0.944387 
0.691000 91.799995 1.875990 0.944387 
0.691000 92.699997 1.875990 0.944387 
0.691000 93.599998 1.875990 0.944387 
0.691000 94.500000 1.875990 0.944387 
0.691000 95.399994 1.875990 0.944387 
0.691000 96.299995 1.875990 0.944387 
0.691000 97.199997 1.875990 0.944387 
0.691000 98.099998 1.875990 0.944387 
0.691000 99.000000 1.875990 0.944387 
0.691000 99.899994 1.875990 0.944387 
0.691000 100.799995 1.875990 0.944387 
0.691000 101.699997 1.875990 0.944387 
0.691000 102.599998 1.875990 0.944387 
0.691000 103.500000 1.875990 0.944387 
0.691000 104.399994 1.875990 0.944387 
0.691000 105.299995 1.875990 0.944387 
0.691000 106.199997 1.875990 0.944387 
0.691000 107.099998 1.875990 0.944387 
0.691000 108.000000 1.875990 0.944387 
0.691000 108.899994 1.875990 0.944387 
0.691000 109.799995 1.875990 0.944387 
0.691000 110.699997 1.875990 0.944387 
0.691000 111.599998 1.875990 0.944387 
0.691000 112.500000 1.875990 0.944387 
0.691000 113.399994 1.875990 0.944387 
0.691000 114.299995 1.875990 0.944387 
0.691000 115.199997 1.875990 0.944387 
0.691000 116.099998 1.875990 0.944387 
0.691000 117.000000 1.875990 0.944387 
0.691000 117.899994 1.875990 0.944387 
0.691000 118.799995 1.875990 0.944387 
0.691000 119.699997 1.875990 0.944387 
0.691000 120.599998 1.875990 0.944387 
0.691000 121.500000 1.875990 0.944387 
0.691000 122.399994 1.875990 0.944387 
0.691000 123.299995 1.875990 0.944387 
0.691000 124.199997 1.875990 0.944387 
0.691000 125.099998 1.875990 0.944387 
0.691000 126.000000 1.875990 0.944387 
0.691000 126.899994 1.875990 0.944387 
0.691000 127.799995 1.875990 0.944387 
0.691000 128.699997 1.875990 0.944387 
0.691000 129.599991 1.875990 0.944387 
0.691000 130.500000 1.875990 0.944387 
0.691000 131.399994 1.875990 0.944387 
0.691000 132.300003 1.875990 0.944387 
0.691000 133.199997 1.875990 0.944387 
0.691000 134.099991 1.875990 0.944387 
0.691000 135.000000 1.875990 0.944387 
0.691000 135.899994 1.875990 0.944387 
0.691000 136.800003 1.875990 0.944387 
0.691000 137.699997 1.875990 0.944387 
0.691000 138.599991 1.875990 0.944387 
0.691000 139.500000 1.875990 0.944387 
0.691000 140.399994 1.875990 0.944387 
0.691000 141.300003 1.875990 0.944387 
0.691000 142.199997 1.875990 0.944387 
0.691000 143.099991 1.875990 0.944387 
0.691000 144.000000 1.875990 0.944387 
0.691000 144.899994 1.875990 0.944387 
0.691000 145.800003 1.875990 0.944387 
0.691000 146.699997 1.875990 0.944387 
0.691000 147.599991 1.875990 0.944387 
0.691000 148.500000 1.875990 0.944387 
0.691000 149.399994 1.875990 0.944387 
0.691000 150.300003 1.875990 0.944387 
0.691000 151.199997 1.875990 0.944387 
0.691000 152.099991 1.875990 0.944387 
0.691000 153.000000 1.875990 0.944387 
0.691000 153.899994 1.875990 0.944387 
0.691000 154.800003 1.875990 0.944387 
0.691000 155.699997 1.875990 0.944387 
0.691000 156.599991 1.875990 0.944387 
0.691000 157.500000 1.875990 0.944387 
0.691000 158.399994 1.875990 0.944387 
0.691000 159.300003 1.875990 0.944387 
0.691000 160.199997 1.875990 0.944387 
0.691000 161.099991 1.875990 0.944387 
0.691000 162.000000 1.875990 0.944387 
0.691000 162.899994 1.875990 0.944387 
0.691000 163.800003 1.875990 0.944387 
0.691000 164.699997 1.875990 0.944387 
0.691000 165.599991 1.875990 0.944387 
0.691000 166.500000 1.875990 0.944387 
0.691000 167.399994 1.875990 0.944387 
0.691000 168.300003 1.875990 0.944387 
0.691000 169.199997 1.875990 0.944387 
0.691000 170.099991 1.875990 0.944387 
0.691000 171.000000 1.875990 0.944387 
0.691000 171.899994 1.875990 0.944387 
0.691000 172.799988 1.875990 0.944387 
0.691000 173.699997 1.875990 0.944387 
0.691000 174.599991 1.875990 0.944387 
0.691000 175.500000 1.875990 0.944387 
0.691000 176.399994 1.875990 0.944387 
0.691000 177.299988 1.875990 0.944387 
0.691000 178.199997 1.875990 0.944387 
0.691000 179.099991 1.875990 0.944387 
0.691000 180.000000 1.875990 0.944387 
0.691000 180.899994 1.875990 0.944387 
0.691000 181.799988 1.875990 0.944387 
0.691000 182.699997 1.875990 0.944387 
0.691000 183.599991 1.875990 0.944387 
0.691000 184.500000 1.875990 0.944387 
0.691000 185.399994 1.875990 0.944387 
0.691000 186.299988 1.875990 0.944387 
0.691000 187.199997 1.875990 0.944387 
0.691000 188.099991 1.875990 0.944387 
0.691000 189.000000 1.875990 0.944387 
0.691000 189.899994 1.875990 0.944387 
0.691000 190.799988 1.875990 0.944387 
0.691000 191.699997 1.875990 0.944387 
0.691000 192.599991 1.875990 0.944387 
0.691000 193.500000 1.875990 0.944387 
0.691000 194.399994 1.875990 0.944387 
0.691000 195.299988 1.875990 0.944387 
0.691000 196.199997 1.875990 0.944387 
0.691000 197.099991 1.875990 0.944387 
0.691000 198.000000 1.875990 0.944387 
0.691000 198.899994 1.875990 0.944387 
0.691000 199.799988 1.875990 0.944387 
0.691000 200.699997 1.875990 0.944387 
0.691000 201.599991 1.875990 0.944387 
0.691000 202.500000 1.875990 0.944387 
0.691000 203.399994 1.875990 0.944387 
0.691000 204.299988 1.875990 0.944387 
0.691000 205.199997 1.875990 0.944387 
0.691000 206.099991 1.875990 0.944387 
0.691000 207.000000 1.875990 0.944387 
0.691000 207.899994 1.875990 0.944387 
0.691000 208.799988 1.875990 0.944387 
0.691000 209.699997 1.875990 0.944387 
0.691000 210.599991 1.875990 0.944387 
0.691000 211.500000 1.875990 0.944387 
0.691000 212.399994 1.875990 0.944387 
0.691000 213.299988 1.875990 0.944387 
0.691000 214.199997 1.875990 0.944387 
0.691000 215.099991 1.875990 0.944387 
0.691000 216.000000 1.875990 0.944387 
0.691000 216.899994 1.875990 0.944387 
0.691000 217.799988 1.875990 0.944387 
0.691000 218.699997 1.875990 0.944387 
0.691000 219.599991 1.875990 0.944387 
0.691000 220.500000 1.875990 0.944387 
0.691000 221.399994 1.875990 0.944388 
0.691000 222.299988 1.875990 0.944388 
0.691000 223.199997 1.875990 0.944388 
0.691000 224.099991 1.875990 0.944388 
0.691000 225.000000 1.875990 0.944388 
0.691000 225.899994 1.875990 0.944389 
0.691000 226.799988 1.875990 0.944389 
0.691000 227.699997 1.875990 0.944389 
0.691000 228.599991 1.875982 0.944389 
0.691000 229.500000 1.875956 0.944390 
