0.406000 0.000000 1.861715 1.212540 
0.406000 0.900000 1.861684 1.212540 
0.406000 1.800000 1.861699 1.212540 
0.406000 2.700000 1.861701 1.212541 
0.406000 3.600000 1.861704 1.212541 
0.406000 4.500000 1.861705 1.212542 
0.406000 5.400000 1.861706 1.212542 
0.406000 6.300000 1.861707 1.212543 
0.406000 7.200000 1.861707 1.212543 
0.406000 8.099999 1.861707 1.212543 
0.406000 9.000000 1.861707 1.212543 
0.406000 9.900000 1.861708 1.212544 
0.406000 10.799999 1.861708 1.212544 
0.406000 11.700000 1.861708 1.212544 
0.406000 12.599999 1.861708 1.212544 
0.406000 13.500000 1.861708 1.212544 
0.406000 14.400000 1.861708 1.212544 
0.406000 15.299999 1.861708 1.212544 
0.406000 16.199999 1.861708 1.212544 
0.406000 17.100000 1.861708 1.212544 
0.406000 18.000000 1.861708 1.212544 
0.406000 18.900000 1.861708 1.212544 
0.406000 19.799999 1.861708 1.212544 
0.406000 20.699999 1.861708 1.212544 
0.406000 21.599998 1.861708 1.212544 
0.406000 22.500000 1.861708 1.212544 
0.406000 23.400000 1.861708 1.212544 
0.406000 24.299999 1.861708 1.212544 
0.406000 25.199999 1.861708 1.212544 
0.406000 26.099998 1.861708 1.212544 
0.406000 27.000000 1.861708 1.212544 
0.406000 27.900000 1.861708 1.212544 
0.406000 28.799999 1.861708 1.212544 
0.406000 29.699999 1.861708 1.212544 
0.406000 30.599998 1.861708 1.212544 
0.406000 31.500000 1.861708 1.212544 
0.406000 32.399998 1.861708 1.212544 
0.406000 33.299999 1.861708 1.212544 
0.406000 34.200001 1.861708 1.212544 
0.406000 35.099998 1.861708 1.212544 
0.406000 36.000000 1.861708 1.212544 
0.406000 36.899998 1.861708 1.212544 
0.406000 37.799999 1.861708 1.212544 
0.406000 38.700001 1.861708 1.212544 
0.406000 39.599998 1.861708 1.212544 
0.406000 40.500000 1.861708 1.212544 
0.406000 41.399998 1.861708 1.212544 
0.406000 42.299999 1.861708 1.212544 
0.406000 43.199997 1.861708 1.212544 
0.406000 44.099998 1.861708 1.212544 
0.406000 45.000000 1.861708 1.212544 
0.406000 45.899998 1.861708 1.212544 
0.406000 46.799999 1.861708 1.212544 
0.406000 47.699997 1.861708 1.212544 
0.406000 48.599998 1.861708 1.212544 
0.406000 49.500000 1.861708 1.212544 
0.406000 50.399998 1.861708 1.212544 
0.406000 51.299999 1.861708 1.212544 
0.406000 52.199997 1.861708 1.212544 
0.406000 53.099998 1.861708 1.212544 
0.406000 54.000000 1.861708 1.212544 
0.406000 54.899998 1.861708 1.212544 
0.406000 55.799999 1.861708 1.212544 
0.406000 56.699997 1.861708 1.212544 
0.406000 57.599998 1.861708 1.212544 
0.406000 58.500000 1.861708 1.212544 
0.406000 59.399998 1.861708 1.212544 
0.406000 60.299999 1.861708 1.212544 
0.406000 61.199997 1.861708 1.212544 
0.406000 62.099998 1.861708 1.212544 
0.406000 63.000000 1.861708 1.212544 
0.406000 63.899998 1.861708 1.212544 
0.406000 64.799995 1.861708 1.212544 
0.406000 65.699997 1.861708 1.212544 
0.406000 66.599998 1.861708 1.212544 
0.406000 67.500000 1.861708 1.212544 
0.406000 68.400002 1.861708 1.212544 
0.406000 69.299995 1.861708 1.212544 
0.406000 70.199997 1.861708 1.212544 
0.406000 71.099998 1.861708 1.212544 
0.406000 72.000000 1.861708 1.212544 
0.406000 72.900002 1.861708 1.212544 
0.406000 73.799995 1.861708 1.212544 
0.406000 74.699997 1.861708 1.212544 
0.406000 75.599998 1.861708 1.212544 
0.406000 76.500000 1.861708 1.212544 
0.406000 77.400002 1.861708 1.212544 
0.406000 78.299995 1.861708 1.212544 
0.406000 79.199997 1.861708 1.212544 
0.406000 80.099998 1.861708 1.212544 
0.406000 81.000000 1.861708 1.212544 
0.406000 81.900002 1.861708 1.212544 
0.406000 82.799995 1.861708 1.212544 
0.406000 83.699997 1.861708 1.212544 
0.406000 84.599998 1.861708 1.212544 
0.406000 85.500000 1.861708 1.212544 
0.406000 86.399994 1.861708 1.212544 
0.406000 87.299995 1.861708 1.212544 
0.406000 88.199997 1.861708 1.212544 
0.406000 89.099998 1.861708 1.212544 
0.406000 90.000000 1.861708 1.212544 
0.406000 90.899994 1.861708 1.212544 
0.406000 91.799995 1.861708 1.212544 
0.406000 92.699997 1.861708 1.212544 
0.406000 93.599998 1.861708 1.212544 
0.406000 94.500000 1.861708 1.212544 
0.406000 95.399994 1.861708 1.212544 
0.406000 96.299995 1.861708 1.212544 
0.406000 97.199997 1.861708 1.212544 
0.406000 98.099998 1.861708 1.212544 
0.406000 99.000000 1.861708 1.212544 
0.406000 99.899994 1.861708 1.212544 
0.406000 100.799995 1.861708 1.212544 
0.406000 101.699997 1.861708 1.212544 
0.406000 102.599998 1.861708 1.212544 
0.406000 103.500000 1.861708 1.212544 
0.406000 104.399994 1.861708 1.212544 
0.406000 105.299995 1.861708 1.212544 
0.406000 106.199997 1.861708 1.212544 
0.406000 107.099998 1.861708 1.212544 
0.406000 108.000000 1.861708 1.212544 
0.406000 108.899994 1.861708 1.212544 
0.406000 109.799995 1.861708 1.212544 
0.406000 110.699997 1.861708 1.212544 
0.406000 111.599998 1.861708 1.212544 
0.406000 112.500000 1.861708 1.212544 
0.406000 113.399994 1.861708 1.212544 
0.406000 114.299995 1.861708 1.212544 
0.406000 115.199997 1.861708 1.212544 
0.406000 116.099998 1.861708 1.212544 
0.406000 117.000000 1.861708 1.212544 
0.406000 117.899994 1.861708 1.212544 
0.406000 118.799995 1.861708 1.212544 
0.406000 119.699997 1.861708 1.212544 
0.406000 120.599998 1.861708 1.212544 
0.406000 121.500000 1.861708 1.212544 
0.406000 122.399994 1.861708 1.212544 
0.406000 123.299995 1.861708 1.212544 
0.406000 124.199997 1.861708 1.212544 
0.406000 125.099998 1.861708 1.212544 
0.406000 126.000000 1.861708 1.212544 
0.406000 126.899994 1.861708 1.212544 
0.406000 127.799995 1.861708 1.212544 
0.406000 128.699997 1.861708 1.212544 
0.406000 129.599991 1.861708 1.212544 
0.406000 130.500000 1.861708 1.212544 
0.406000 131.399994 1.861708 1.212544 
0.406000 132.300003 1.861708 1.212544 
0.406000 133.199997 1.861708 1.212544 
0.406000 134.099991 1.861708 1.212544 
0.406000 135.000000 1.861708 1.212544 
0.406000 135.899994 1.861708 1.212544 
0.406000 136.800003 1.861708 1.212544 
0.406000 137.699997 1.861708 1.212544 
0.406000 138.599991 1.861708 1.212544 
0.406000 139.500000 1.861708 1.212544 
0.406000 140.399994 1.861708 1.212544 
0.406000 141.300003 1.861708 1.212544 
0.406000 142.199997 1.861708 1.212544 
0.406000 143.099991 1.861708 1.212544 
0.406000 144.000000 1.861708 1.212544 
0.406000 144.899994 1.861708 1.212544 
0.406000 145.800003 1.861708 1.212544 
0.406000 146.699997 1.861708 1.212544 
0.406000 147.599991 1.861708 1.212544 
0.406000 148.500000 1.861708 1.212544 
0.406000 149.399994 1.861708 1.212544 
0.406000 150.300003 1.861708 1.212544 
0.406000 151.199997 1.861708 1.212544 
0.406000 152.099991 1.861708 1.212544 
0.406000 153.000000 1.861708 1.212544 
0.406000 153.899994 1.861708 1.212544 
0.406000 154.800003 1.861708 1.212544 
0.406000 155.699997 1.861708 1.212544 
0.406000 156.599991 1.861708 1.212544 
0.406000 157.500000 1.861708 1.212544 
0.406000 158.399994 1.861708 1.212544 
0.406000 159.300003 1.861708 1.212544 
0.406000 160.199997 1.861708 1.212544 
0.406000 161.099991 1.861708 1.212544 
0.406000 162.000000 1.861708 1.212544 
0.406000 162.899994 1.861708 1.212544 
0.406000 163.800003 1.861708 1.212544 
0.406000 164.699997 1.861708 1.212544 
0.406000 165.599991 1.861708 1.212544 
0.406000 166.500000 1.861708 1.212544 
0.406000 167.399994 1.861708 1.212544 
0.406000 168.300003 1.861708 1.212544 
0.406000 169.199997 1.861708 1.212544 
0.406000 170.099991 1.861708 1.212544 
0.406000 171.000000 1.861708 1.212544 
0.406000 171.899994 1.861708 1.212544 
0.406000 172.799988 1.861708 1.212544 
0.406000 173.699997 1.861708 1.212544 
0.406000 174.599991 1.861708 1.212544 
0.406000 175.500000 1.861708 1.212544 
0.406000 176.399994 1.861708 1.212544 
0.406000 177.299988 1.861708 1.212544 
0.406000 178.199997 1.861708 1.212544 
0.406000 179.099991 1.861708 1.212544 
0.406000 180.000000 1.861708 1.212544 
0.406000 180.899994 1.861708 1.212544 
0.406000 181.799988 1.861708 1.212544 
0.406000 182.699997 1.861708 1.212544 
0.406000 183.599991 1.861708 1.212544 
0.406000 184.500000 1.861708 1.212544 
0.406000 185.399994 1.861708 1.212544 
0.406000 186.299988 1.861708 1.212544 
0.406000 187.199997 1.861708 1.212544 
0.406000 188.099991 1.861708 1.212544 
0.406000 189.000000 1.861708 1.212544 
0.406000 189.899994 1.861708 1.212544 
0.406000 190.799988 1.861708 1.212544 
0.406000 191.699997 1.861708 1.212544 
0.406000 192.599991 1.861708 1.212544 
0.406000 193.500000 1.861708 1.212544 
0.406000 194.399994 1.861708 1.212544 
0.406000 195.299988 1.861708 1.212544 
0.406000 196.199997 1.861708 1.212544 
0.406000 197.099991 1.861708 1.212544 
0.406000 198.000000 1.861708 1.212544 
0.406000 198.899994 1.861708 1.212544 
0.406000 199.799988 1.861708 1.212544 
0.406000 200.699997 1.861708 1.212544 
0.406000 201.599991 1.861708 1.212544 
0.406000 202.500000 1.861708 1.212544 
0.406000 203.399994 1.861708 1.212544 
0.406000 204.299988 1.861708 1.212544 
0.406000 205.199997 1.861708 1.212544 
0.406000 206.099991 1.861708 1.212544 
0.406000 207.000000 1.861708 1.212544 
0.406000 207.899994 1.861708 1.212544 
0.406000 208.799988 1.861708 1.212544 
0.406000 209.699997 1.861708 1.212544 
0.406000 210.599991 1.861708 1.212544 
0.406000 211.500000 1.861708 1.212544 
0.406000 212.399994 1.861708 1.212544 
0.406000 213.299988 1.861708 1.212544 
0.406000 214.199997 1.861708 1.212544 
0.406000 215.099991 1.861708 1.212544 
0.406000 216.000000 1.861708 1.212544 
0.406000 216.899994 1.861708 1.212544 
0.406000 217.799988 1.861708 1.212544 
0.406000 218.699997 1.861708 1.212544 
0.406000 219.599991 1.861708 1.212544 
0.406000 220.500000 1.861708 1.212544 
0.406000 221.399994 1.861708 1.212544 
0.406000 222.299988 1.861708 1.212544 
0.406000 223.199997 1.861708 1.212544 
0.406000 224.099991 1.861708 1.212544 
0.406000 225.000000 1.861708 1.212544 
0.406000 225.899994 1.861708 1.212544 
0.406000 226.799988 1.861708 1.212544 
0.406000 227.699997 1.861707 1.212544 
0.406000 228.599991 1.861705 1.212544 
0.406000 229.500000 1.861690 1.212544 
