0.495000 0.000000 1.895596 1.100252 
0.495000 0.900000 1.895559 1.100253 
0.495000 1.800000 1.895576 1.100252 
0.495000 2.700000 1.895579 1.100253 
0.495000 3.600000 1.895583 1.100253 
0.495000 4.500000 1.895585 1.100253 
0.495000 5.400000 1.895586 1.100253 
0.495000 6.300000 1.895587 1.100253 
0.495000 7.200000 1.895588 1.100253 
0.495000 8.099999 1.895588 1.100253 
0.495000 9.000000 1.895588 1.100253 
0.495000 9.900000 1.895588 1.100253 
0.495000 10.799999 1.895588 1.100253 
0.495000 11.700000 1.895588 1.100253 
0.495000 12.599999 1.895588 1.100254 
0.495000 13.500000 1.895588 1.100254 
0.495000 14.400000 1.895588 1.100254 
0.495000 15.299999 1.895589 1.100254 
0.495000 16.199999 1.895589 1.100254 
0.495000 17.100000 1.895589 1.100254 
0.495000 18.000000 1.895589 1.100254 
0.495000 18.900000 1.895589 1.100254 
0.495000 19.799999 1.895589 1.100254 
0.495000 20.699999 1.895589 1.100254 
0.495000 21.599998 1.895589 1.100254 
0.495000 22.500000 1.895589 1.100254 
0.495000 23.400000 1.895589 1.100254 
0.495000 24.299999 1.895589 1.100254 
0.495000 25.199999 1.895589 1.100254 
0.495000 26.099998 1.895589 1.100254 
0.495000 27.000000 1.895589 1.100254 
0.495000 27.900000 1.895589 1.100254 
0.495000 28.799999 1.895589 1.100254 
0.495000 29.699999 1.895589 1.100254 
0.495000 30.599998 1.895589 1.100254 
0.495000 31.500000 1.895589 1.100254 
0.495000 32.399998 1.895589 1.100254 
0.495000 33.299999 1.895589 1.100254 
0.495000 34.200001 1.895589 1.100254 
0.495000 35.099998 1.895589 1.100254 
0.495000 36.000000 1.895589 1.100254 
0.495000 36.899998 1.895589 1.100254 
0.495000 37.799999 1.895589 1.100254 
0.495000 38.700001 1.895589 1.100254 
0.495000 39.599998 1.895589 1.100254 
0.495000 40.500000 1.895589 1.100254 
0.495000 41.399998 1.895589 1.100254 
0.495000 42.299999 1.895589 1.100254 
0.495000 43.199997 1.895589 1.100254 
0.495000 44.099998 1.895589 1.100254 
0.495000 45.000000 1.895589 1.100254 
0.495000 45.899998 1.895589 1.100254 
0.495000 46.799999 1.895589 1.100254 
0.495000 47.699997 1.895589 1.100254 
0.495000 48.599998 1.895589 1.100254 
0.495000 49.500000 1.895589 1.100254 
0.495000 50.399998 1.895589 1.100254 
0.495000 51.299999 1.895589 1.100254 
0.495000 52.199997 1.895589 1.100254 
0.495000 53.099998 1.895589 1.100254 
0.495000 54.000000 1.895589 1.100254 
0.495000 54.899998 1.895589 1.100254 
0.495000 55.799999 1.895589 1.100254 
0.495000 56.699997 1.895589 1.100254 
0.495000 57.599998 1.895589 1.100254 
0.495000 58.500000 1.895589 1.100254 
0.495000 59.399998 1.895589 1.100254 
0.495000 60.299999 1.895589 1.100254 
0.495000 61.199997 1.895589 1.100254 
0.495000 62.099998 1.895589 1.100254 
0.495000 63.000000 1.895589 1.100254 
0.495000 63.899998 1.895589 1.100254 
0.495000 64.799995 1.895589 1.100254 
0.495000 65.699997 1.895589 1.100254 
0.495000 66.599998 1.895589 1.100254 
0.495000 67.500000 1.895589 1.100254 
0.495000 68.400002 1.895589 1.100254 
0.495000 69.299995 1.895589 1.100254 
0.495000 70.199997 1.895589 1.100254 
0.495000 71.099998 1.895589 1.100254 
0.495000 72.000000 1.895589 1.100254 
0.495000 72.900002 1.895589 1.100254 
0.495000 73.799995 1.895589 1.100254 
0.495000 74.699997 1.895589 1.100254 
0.495000 75.599998 1.895589 1.100254 
0.495000 76.500000 1.895589 1.100254 
0.495000 77.400002 1.895589 1.100254 
0.495000 78.299995 1.895589 1.100254 
0.495000 79.199997 1.895589 1.100254 
0.495000 80.099998 1.895589 1.100254 
0.495000 81.000000 1.895589 1.100254 
0.495000 81.900002 1.895589 1.100254 
0.495000 82.799995 1.895589 1.100254 
0.495000 83.699997 1.895589 1.100254 
0.495000 84.599998 1.895589 1.100254 
0.495000 85.500000 1.895589 1.100254 
0.495000 86.399994 1.895589 1.100254 
0.495000 87.299995 1.895589 1.100254 
0.495000 88.199997 1.895589 1.100254 
0.495000 89.099998 1.895589 1.100254 
0.495000 90.000000 1.895589 1.100254 
0.495000 90.899994 1.895589 1.100254 
0.495000 91.799995 1.895589 1.100254 
0.495000 92.699997 1.895589 1.100254 
0.495000 93.599998 1.895589 1.100254 
0.495000 94.500000 1.895589 1.100254 
0.495000 95.399994 1.895589 1.100254 
0.495000 96.299995 1.895589 1.100254 
0.495000 97.199997 1.895589 1.100254 
0.495000 98.099998 1.895589 1.100254 
0.495000 99.000000 1.895589 1.100254 
0.495000 99.899994 1.895589 1.100254 
0.495000 100.799995 1.895589 1.100254 
0.495000 101.699997 1.895589 1.100254 
0.495000 102.599998 1.895589 1.100254 
0.495000 103.500000 1.895589 1.100254 
0.495000 104.399994 1.895589 1.100254 
0.495000 105.299995 1.895589 1.100254 
0.495000 106.199997 1.895589 1.100254 
0.495000 107.099998 1.895589 1.100254 
0.495000 108.000000 1.895589 1.100254 
0.495000 108.899994 1.895589 1.100254 
0.495000 109.799995 1.895589 1.100254 
0.495000 110.699997 1.895589 1.100254 
0.495000 111.599998 1.895589 1.100254 
0.495000 112.500000 1.895589 1.100254 
0.495000 113.399994 1.895589 1.100254 
0.495000 114.299995 1.895589 1.100254 
0.495000 115.199997 1.895589 1.100254 
0.495000 116.099998 1.895589 1.100254 
0.495000 117.000000 1.895589 1.100254 
0.495000 117.899994 1.895589 1.100254 
0.495000 118.799995 1.895589 1.100254 
0.495000 119.699997 1.895589 1.100254 
0.495000 120.599998 1.895589 1.100254 
0.495000 121.500000 1.895589 1.100254 
0.495000 122.399994 1.895589 1.100254 
0.495000 123.299995 1.895589 1.100254 
0.495000 124.199997 1.895589 1.100254 
0.495000 125.099998 1.895589 1.100254 
0.495000 126.000000 1.895589 1.100254 
0.495000 126.899994 1.895589 1.100254 
0.495000 127.799995 1.895589 1.100254 
0.495000 128.699997 1.895589 1.100254 
0.495000 129.599991 1.895589 1.100254 
0.495000 130.500000 1.895589 1.100254 
0.495000 131.399994 1.895589 1.100254 
0.495000 132.300003 1.895589 1.100254 
0.495000 133.199997 1.895589 1.100254 
0.495000 134.099991 1.895589 1.100254 
0.495000 135.000000 1.895589 1.100254 
0.495000 135.899994 1.895589 1.100254 
0.495000 136.800003 1.895589 1.100254 
0.495000 137.699997 1.895589 1.100254 
0.495000 138.599991 1.895589 1.100254 
0.495000 139.500000 1.895589 1.100254 
0.495000 140.399994 1.895589 1.100254 
0.495000 141.300003 1.895589 1.100254 
0.495000 142.199997 1.895589 1.100254 
0.495000 143.099991 1.895589 1.100254 
0.495000 144.000000 1.895589 1.100254 
0.495000 144.899994 1.895589 1.100254 
0.495000 145.800003 1.895589 1.100254 
0.495000 146.699997 1.895589 1.100254 
0.495000 147.599991 1.895589 1.100254 
0.495000 148.500000 1.895589 1.100254 
0.495000 149.399994 1.895589 1.100254 
0.495000 150.300003 1.895589 1.100254 
0.495000 151.199997 1.895589 1.100254 
0.495000 152.099991 1.895589 1.100254 
0.495000 153.000000 1.895589 1.100254 
0.495000 153.899994 1.895589 1.100254 
0.495000 154.800003 1.895589 1.100254 
0.495000 155.699997 1.895589 1.100254 
0.495000 156.599991 1.895589 1.100254 
0.495000 157.500000 1.895589 1.100254 
0.495000 158.399994 1.895589 1.100254 
0.495000 159.300003 1.895589 1.100254 
0.495000 160.199997 1.895589 1.100254 
0.495000 161.099991 1.895589 1.100254 
0.495000 162.000000 1.895589 1.100254 
0.495000 162.899994 1.895589 1.100254 
0.495000 163.800003 1.895589 1.100254 
0.495000 164.699997 1.895589 1.100254 
0.495000 165.599991 1.895589 1.100254 
0.495000 166.500000 1.895589 1.100254 
0.495000 167.399994 1.895589 1.100254 
0.495000 168.300003 1.895589 1.100254 
0.495000 169.199997 1.895589 1.100254 
0.495000 170.099991 1.895589 1.100254 
0.495000 171.000000 1.895589 1.100254 
0.495000 171.899994 1.895589 1.100254 
0.495000 172.799988 1.895589 1.100254 
0.495000 173.699997 1.895589 1.100254 
0.495000 174.599991 1.895589 1.100254 
0.495000 175.500000 1.895589 1.100254 
0.495000 176.399994 1.895589 1.100254 
0.495000 177.299988 1.895589 1.100254 
0.495000 178.199997 1.895589 1.100254 
0.495000 179.099991 1.895589 1.100254 
0.495000 180.000000 1.895589 1.100254 
0.495000 180.899994 1.895589 1.100254 
0.495000 181.799988 1.895589 1.100254 
0.495000 182.699997 1.895589 1.100254 
0.495000 183.599991 1.895589 1.100254 
0.495000 184.500000 1.895589 1.100254 
0.495000 185.399994 1.895589 1.100254 
0.495000 186.299988 1.895589 1.100254 
0.495000 187.199997 1.895589 1.100254 
0.495000 188.099991 1.895589 1.100254 
0.495000 189.000000 1.895589 1.100254 
0.495000 189.899994 1.895589 1.100254 
0.495000 190.799988 1.895589 1.100254 
0.495000 191.699997 1.895589 1.100254 
0.495000 192.599991 1.895589 1.100254 
0.495000 193.500000 1.895589 1.100254 
0.495000 194.399994 1.895589 1.100254 
0.495000 195.299988 1.895589 1.100254 
0.495000 196.199997 1.895589 1.100254 
0.495000 197.099991 1.895589 1.100254 
0.495000 198.000000 1.895589 1.100254 
0.495000 198.899994 1.895589 1.100254 
0.495000 199.799988 1.895589 1.100254 
0.495000 200.699997 1.895589 1.100254 
0.495000 201.599991 1.895589 1.100254 
0.495000 202.500000 1.895589 1.100254 
0.495000 203.399994 1.895589 1.100254 
0.495000 204.299988 1.895589 1.100254 
0.495000 205.199997 1.895589 1.100254 
0.495000 206.099991 1.895589 1.100254 
0.495000 207.000000 1.895589 1.100254 
0.495000 207.899994 1.895589 1.100254 
0.495000 208.799988 1.895589 1.100254 
0.495000 209.699997 1.895589 1.100254 
0.495000 210.599991 1.895589 1.100254 
0.495000 211.500000 1.895589 1.100254 
0.495000 212.399994 1.895589 1.100254 
0.495000 213.299988 1.895589 1.100254 
0.495000 214.199997 1.895589 1.100254 
0.495000 215.099991 1.895589 1.100254 
0.495000 216.000000 1.895589 1.100254 
0.495000 216.899994 1.895589 1.100254 
0.495000 217.799988 1.895589 1.100254 
0.495000 218.699997 1.895589 1.100254 
0.495000 219.599991 1.895589 1.100254 
0.495000 220.500000 1.895589 1.100254 
0.495000 221.399994 1.895589 1.100254 
0.495000 222.299988 1.895589 1.100254 
0.495000 223.199997 1.895589 1.100254 
0.495000 224.099991 1.895589 1.100254 
0.495000 225.000000 1.895589 1.100254 
0.495000 225.899994 1.895589 1.100254 
0.495000 226.799988 1.895588 1.100255 
0.495000 227.699997 1.895588 1.100255 
0.495000 228.599991 1.895585 1.100255 
0.495000 229.500000 1.895565 1.100255 
