0.944000 0.000000 1.734061 0.880977 
0.944000 0.900000 1.734013 0.880977 
0.944000 1.800000 1.734033 0.880977 
0.944000 2.700000 1.734043 0.880977 
0.944000 3.600000 1.734051 0.880977 
0.944000 4.500000 1.734054 0.880977 
0.944000 5.400000 1.734056 0.880977 
0.944000 6.300000 1.734059 0.880977 
0.944000 7.200000 1.734060 0.880977 
0.944000 8.099999 1.734061 0.880977 
0.944000 9.000000 1.734061 0.880977 
0.944000 9.900000 1.734061 0.880976 
0.944000 10.799999 1.734061 0.880976 
0.944000 11.700000 1.734061 0.880976 
0.944000 12.599999 1.734061 0.880976 
0.944000 13.500000 1.734061 0.880976 
0.944000 14.400000 1.734061 0.880976 
0.944000 15.299999 1.734061 0.880976 
0.944000 16.199999 1.734061 0.880976 
0.944000 17.100000 1.734061 0.880976 
0.944000 18.000000 1.734061 0.880976 
0.944000 18.900000 1.734061 0.880976 
0.944000 19.799999 1.734061 0.880976 
0.944000 20.699999 1.734061 0.880976 
0.944000 21.599998 1.734061 0.880976 
0.944000 22.500000 1.734061 0.880976 
0.944000 23.400000 1.734061 0.880976 
0.944000 24.299999 1.734061 0.880976 
0.944000 25.199999 1.734061 0.880976 
0.944000 26.099998 1.734061 0.880976 
0.944000 27.000000 1.734061 0.880976 
0.944000 27.900000 1.734061 0.880976 
0.944000 28.799999 1.734061 0.880976 
0.944000 29.699999 1.734061 0.880976 
0.944000 30.599998 1.734061 0.880976 
0.944000 31.500000 1.734061 0.880976 
0.944000 32.399998 1.734061 0.880976 
0.944000 33.299999 1.734061 0.880976 
0.944000 34.200001 1.734061 0.880976 
0.944000 35.099998 1.734061 0.880976 
0.944000 36.000000 1.734061 0.880976 
0.944000 36.899998 1.734061 0.880976 
0.944000 37.799999 1.734061 0.880976 
0.944000 38.700001 1.734061 0.880976 
0.944000 39.599998 1.734061 0.880976 
0.944000 40.500000 1.734061 0.880976 
0.944000 41.399998 1.734061 0.880976 
0.944000 42.299999 1.734061 0.880976 
0.944000 43.199997 1.734061 0.880976 
0.944000 44.099998 1.734061 0.880976 
0.944000 45.000000 1.734061 0.880976 
0.944000 45.899998 1.734061 0.880976 
0.944000 46.799999 1.734061 0.880976 
0.944000 47.699997 1.734061 0.880976 
0.944000 48.599998 1.734061 0.880976 
0.944000 49.500000 1.734061 0.880976 
0.944000 50.399998 1.734061 0.880976 
0.944000 51.299999 1.734061 0.880976 
0.944000 52.199997 1.734061 0.880976 
0.944000 53.099998 1.734061 0.880976 
0.944000 54.000000 1.734061 0.880976 
0.944000 54.899998 1.734061 0.880976 
0.944000 55.799999 1.734061 0.880976 
0.944000 56.699997 1.734061 0.880976 
0.944000 57.599998 1.734061 0.880976 
0.944000 58.500000 1.734061 0.880976 
0.944000 59.399998 1.734061 0.880976 
0.944000 60.299999 1.734061 0.880976 
0.944000 61.199997 1.734061 0.880976 
0.944000 62.099998 1.734061 0.880976 
0.944000 63.000000 1.734061 0.880976 
0.944000 63.899998 1.734061 0.880976 
0.944000 64.799995 1.734061 0.880976 
0.944000 65.699997 1.734061 0.880976 
0.944000 66.599998 1.734061 0.880976 
0.944000 67.500000 1.734061 0.880976 
0.944000 68.400002 1.734061 0.880976 
0.944000 69.299995 1.734061 0.880976 
0.944000 70.199997 1.734061 0.880976 
0.944000 71.099998 1.734061 0.880976 
0.944000 72.000000 1.734061 0.880976 
0.944000 72.900002 1.734061 0.880976 
0.944000 73.799995 1.734061 0.880976 
0.944000 74.699997 1.734061 0.880976 
0.944000 75.599998 1.734061 0.880976 
0.944000 76.500000 1.734061 0.880976 
0.944000 77.400002 1.734061 0.880976 
0.944000 78.299995 1.734061 0.880976 
0.944000 79.199997 1.734061 0.880976 
0.944000 80.099998 1.734061 0.880976 
0.944000 81.000000 1.734061 0.880976 
0.944000 81.900002 1.734061 0.880976 
0.944000 82.799995 1.734061 0.880976 
0.944000 83.699997 1.734061 0.880976 
0.944000 84.599998 1.734061 0.880976 
0.944000 85.500000 1.734061 0.880976 
0.944000 86.399994 1.734061 0.880976 
0.944000 87.299995 1.734061 0.880976 
0.944000 88.199997 1.734061 0.880976 
0.944000 89.099998 1.734061 0.880976 
0.944000 90.000000 1.734061 0.880976 
0.944000 90.899994 1.734061 0.880976 
0.944000 91.799995 1.734061 0.880976 
0.944000 92.699997 1.734061 0.880976 
0.944000 93.599998 1.734061 0.880976 
0.944000 94.500000 1.734061 0.880976 
0.944000 95.399994 1.734061 0.880976 
0.944000 96.299995 1.734061 0.880976 
0.944000 97.199997 1.734061 0.880976 
0.944000 98.099998 1.734061 0.880976 
0.944000 99.000000 1.734061 0.880976 
0.944000 99.899994 1.734061 0.880976 
0.944000 100.799995 1.734061 0.880976 
0.944000 101.699997 1.734061 0.880976 
0.944000 102.599998 1.734061 0.880976 
0.944000 103.500000 1.734061 0.880976 
0.944000 104.399994 1.734061 0.880976 
0.944000 105.299995 1.734061 0.880976 
0.944000 106.199997 1.734061 0.880976 
0.944000 107.099998 1.734061 0.880976 
0.944000 108.000000 1.734061 0.880976 
0.944000 108.899994 1.734061 0.880976 
0.944000 109.799995 1.734061 0.880976 
0.944000 110.699997 1.734061 0.880976 
0.944000 111.599998 1.734061 0.880976 
0.944000 112.500000 1.734061 0.880976 
0.944000 113.399994 1.734061 0.880976 
0.944000 114.299995 1.734061 0.880976 
0.944000 115.199997 1.734061 0.880976 
0.944000 116.099998 1.734061 0.880976 
0.944000 117.000000 1.734061 0.880976 
0.944000 117.899994 1.734061 0.880976 
0.944000 118.799995 1.734061 0.880976 
0.944000 119.699997 1.734061 0.880976 
0.944000 120.599998 1.734061 0.880976 
0.944000 121.500000 1.734061 0.880976 
0.944000 122.399994 1.734061 0.880976 
0.944000 123.299995 1.734061 0.880976 
0.944000 124.199997 1.734061 0.880976 
0.944000 125.099998 1.734061 0.880976 
0.944000 126.000000 1.734061 0.880976 
0.944000 126.899994 1.734061 0.880976 
0.944000 127.799995 1.734061 0.880976 
0.944000 128.699997 1.734061 0.880976 
0.944000 129.599991 1.734061 0.880976 
0.944000 130.500000 1.734061 0.880976 
0.944000 131.399994 1.734061 0.880976 
0.944000 132.300003 1.734061 0.880976 
0.944000 133.199997 1.734061 0.880976 
0.944000 134.099991 1.734061 0.880976 
0.944000 135.000000 1.734061 0.880976 
0.944000 135.899994 1.734061 0.880976 
0.944000 136.800003 1.734061 0.880976 
0.944000 137.699997 1.734061 0.880976 
0.944000 138.599991 1.734061 0.880976 
0.944000 139.500000 1.734061 0.880976 
0.944000 140.399994 1.734061 0.880976 
0.944000 141.300003 1.734061 0.880976 
0.944000 142.199997 1.734061 0.880976 
0.944000 143.099991 1.734061 0.880976 
0.944000 144.000000 1.734061 0.880976 
0.944000 144.899994 1.734061 0.880976 
0.944000 145.800003 1.734061 0.880976 
0.944000 146.699997 1.734061 0.880976 
0.944000 147.599991 1.734061 0.880976 
0.944000 148.500000 1.734061 0.880976 
0.944000 149.399994 1.734061 0.880976 
0.944000 150.300003 1.734061 0.880976 
0.944000 151.199997 1.734061 0.880976 
0.944000 152.099991 1.734061 0.880976 
0.944000 153.000000 1.734061 0.880976 
0.944000 153.899994 1.734061 0.880976 
0.944000 154.800003 1.734061 0.880976 
0.944000 155.699997 1.734061 0.880976 
0.944000 156.599991 1.734061 0.880976 
0.944000 157.500000 1.734061 0.880976 
0.944000 158.399994 1.734061 0.880976 
0.944000 159.300003 1.734061 0.880976 
0.944000 160.199997 1.734061 0.880976 
0.944000 161.099991 1.734061 0.880976 
0.944000 162.000000 1.734061 0.880976 
0.944000 162.899994 1.734061 0.880976 
0.944000 163.800003 1.734061 0.880976 
0.944000 164.699997 1.734061 0.880976 
0.944000 165.599991 1.734061 0.880976 
0.944000 166.500000 1.734061 0.880976 
0.944000 167.399994 1.734061 0.880976 
0.944000 168.300003 1.734061 0.880976 
0.944000 169.199997 1.734061 0.880976 
0.944000 170.099991 1.734061 0.880976 
0.944000 171.000000 1.734061 0.880976 
0.944000 171.899994 1.734061 0.880976 
0.944000 172.799988 1.734061 0.880976 
0.944000 173.699997 1.734061 0.880976 
0.944000 174.599991 1.734061 0.880976 
0.944000 175.500000 1.734061 0.880976 
0.944000 176.399994 1.734061 0.880976 
0.944000 177.299988 1.734061 0.880976 
0.944000 178.199997 1.734061 0.880976 
0.944000 179.099991 1.734061 0.880976 
0.944000 180.000000 1.734061 0.880976 
0.944000 180.899994 1.734061 0.880976 
0.944000 181.799988 1.734061 0.880976 
0.944000 182.699997 1.734061 0.880976 
0.944000 183.599991 1.734061 0.880976 
0.944000 184.500000 1.734061 0.880976 
0.944000 185.399994 1.734061 0.880976 
0.944000 186.299988 1.734061 0.880976 
0.944000 187.199997 1.734061 0.880976 
0.944000 188.099991 1.734061 0.880976 
0.944000 189.000000 1.734061 0.880976 
0.944000 189.899994 1.734061 0.880976 
0.944000 190.799988 1.734061 0.880976 
0.944000 191.699997 1.734061 0.880976 
0.944000 192.599991 1.734061 0.880976 
0.944000 193.500000 1.734061 0.880976 
0.944000 194.399994 1.734061 0.880976 
0.944000 195.299988 1.734061 0.880976 
0.944000 196.199997 1.734061 0.880976 
0.944000 197.099991 1.734061 0.880976 
0.944000 198.000000 1.734061 0.880976 
0.944000 198.899994 1.734061 0.880976 
0.944000 199.799988 1.734061 0.880976 
0.944000 200.699997 1.734061 0.880976 
0.944000 201.599991 1.734061 0.880976 
0.944000 202.500000 1.734061 0.880976 
0.944000 203.399994 1.734061 0.880976 
0.944000 204.299988 1.734061 0.880976 
0.944000 205.199997 1.734061 0.880976 
0.944000 206.099991 1.734061 0.880976 
0.944000 207.000000 1.734061 0.880976 
0.944000 207.899994 1.734061 0.880976 
0.944000 208.799988 1.734061 0.880976 
0.944000 209.699997 1.734061 0.880976 
0.944000 210.599991 1.734061 0.880976 
0.944000 211.500000 1.734061 0.880976 
0.944000 212.399994 1.734061 0.880976 
0.944000 213.299988 1.734061 0.880976 
0.944000 214.199997 1.734061 0.880976 
0.944000 215.099991 1.734061 0.880976 
0.944000 216.000000 1.734061 0.880976 
0.944000 216.899994 1.734061 0.880976 
0.944000 217.799988 1.734061 0.880976 
0.944000 218.699997 1.734061 0.880976 
0.944000 219.599991 1.734061 0.880976 
0.944000 220.500000 1.734061 0.880976 
0.944000 221.399994 1.734061 0.880976 
0.944000 222.299988 1.734061 0.880976 
0.944000 223.199997 1.734061 0.880976 
0.944000 224.099991 1.734061 0.880976 
0.944000 225.000000 1.734062 0.880977 
0.944000 225.899994 1.734062 0.880977 
0.944000 226.799988 1.734062 0.880977 
0.944000 227.699997 1.734060 0.880977 
0.944000 228.599991 1.734049 0.880978 
0.944000 229.500000 1.734018 0.880978 
