0.088000 0.000000 1.533725 1.769073 
0.088000 0.900000 1.533719 1.769073 
0.088000 1.800000 1.533722 1.769074 
0.088000 2.700000 1.533722 1.769075 
0.088000 3.600000 1.533722 1.769075 
0.088000 4.500000 1.533722 1.769076 
0.088000 5.400000 1.533722 1.769076 
0.088000 6.300000 1.533722 1.769077 
0.088000 7.200000 1.533723 1.769077 
0.088000 8.099999 1.533723 1.769077 
0.088000 9.000000 1.533723 1.769077 
0.088000 9.900000 1.533723 1.769077 
0.088000 10.799999 1.533723 1.769077 
0.088000 11.700000 1.533723 1.769077 
0.088000 12.599999 1.533723 1.769077 
0.088000 13.500000 1.533723 1.769077 
0.088000 14.400000 1.533723 1.769077 
0.088000 15.299999 1.533723 1.769077 
0.088000 16.199999 1.533723 1.769077 
0.088000 17.100000 1.533723 1.769077 
0.088000 18.000000 1.533723 1.769077 
0.088000 18.900000 1.533723 1.769077 
0.088000 19.799999 1.533723 1.769077 
0.088000 20.699999 1.533723 1.769077 
0.088000 21.599998 1.533723 1.769077 
0.088000 22.500000 1.533723 1.769077 
0.088000 23.400000 1.533723 1.769077 
0.088000 24.299999 1.533723 1.769077 
0.088000 25.199999 1.533723 1.769077 
0.088000 26.099998 1.533723 1.769077 
0.088000 27.000000 1.533723 1.769077 
0.088000 27.900000 1.533723 1.769077 
0.088000 28.799999 1.533723 1.769077 
0.088000 29.699999 1.533723 1.769077 
0.088000 30.599998 1.533723 1.769077 
0.088000 31.500000 1.533723 1.769077 
0.088000 32.399998 1.533723 1.769077 
0.088000 33.299999 1.533723 1.769077 
0.088000 34.200001 1.533723 1.769077 
0.088000 35.099998 1.533723 1.769077 
0.088000 36.000000 1.533723 1.769077 
0.088000 36.899998 1.533723 1.769077 
0.088000 37.799999 1.533723 1.769077 
0.088000 38.700001 1.533723 1.769077 
0.088000 39.599998 1.533723 1.769077 
0.088000 40.500000 1.533723 1.769077 
0.088000 41.399998 1.533723 1.769077 
0.088000 42.299999 1.533723 1.769077 
0.088000 43.199997 1.533723 1.769077 
0.088000 44.099998 1.533723 1.769077 
0.088000 45.000000 1.533723 1.769077 
0.088000 45.899998 1.533723 1.769077 
0.088000 46.799999 1.533723 1.769077 
0.088000 47.699997 1.533723 1.769077 
0.088000 48.599998 1.533723 1.769077 
0.088000 49.500000 1.533723 1.769077 
0.088000 50.399998 1.533723 1.769077 
0.088000 51.299999 1.533723 1.769077 
0.088000 52.199997 1.533723 1.769077 
0.088000 53.099998 1.533723 1.769077 
0.088000 54.000000 1.533723 1.769077 
0.088000 54.899998 1.533723 1.769077 
0.088000 55.799999 1.533723 1.769077 
0.088000 56.699997 1.533723 1.769077 
0.088000 57.599998 1.533723 1.769077 
0.088000 58.500000 1.533723 1.769077 
0.088000 59.399998 1.533723 1.769077 
0.088000 60.299999 1.533723 1.769077 
0.088000 61.199997 1.533723 1.769077 
0.088000 62.099998 1.533723 1.769077 
0.088000 63.000000 1.533723 1.769077 
0.088000 63.899998 1.533723 1.769077 
0.088000 64.799995 1.533723 1.769077 
0.088000 65.699997 1.533723 1.769077 
0.088000 66.599998 1.533723 1.769077 
0.088000 67.500000 1.533723 1.769077 
0.088000 68.400002 1.533723 1.769077 
0.088000 69.299995 1.533723 1.769077 
0.088000 70.199997 1.533723 1.769077 
0.088000 71.099998 1.533723 1.769077 
0.088000 72.000000 1.533723 1.769077 
0.088000 72.900002 1.533723 1.769077 
0.088000 73.799995 1.533723 1.769077 
0.088000 74.699997 1.533723 1.769077 
0.088000 75.599998 1.533723 1.769077 
0.088000 76.500000 1.533723 1.769077 
0.088000 77.400002 1.533723 1.769077 
0.088000 78.299995 1.533723 1.769077 
0.088000 79.199997 1.533723 1.769077 
0.088000 80.099998 1.533723 1.769077 
0.088000 81.000000 1.533723 1.769077 
0.088000 81.900002 1.533723 1.769077 
0.088000 82.799995 1.533723 1.769077 
0.088000 83.699997 1.533723 1.769077 
0.088000 84.599998 1.533723 1.769077 
0.088000 85.500000 1.533723 1.769077 
0.088000 86.399994 1.533723 1.769077 
0.088000 87.299995 1.533723 1.769077 
0.088000 88.199997 1.533723 1.769077 
0.088000 89.099998 1.533723 1.769077 
0.088000 90.000000 1.533723 1.769077 
0.088000 90.899994 1.533723 1.769077 
0.088000 91.799995 1.533723 1.769077 
0.088000 92.699997 1.533723 1.769077 
0.088000 93.599998 1.533723 1.769077 
0.088000 94.500000 1.533723 1.769077 
0.088000 95.399994 1.533723 1.769077 
0.088000 96.299995 1.533723 1.769077 
0.088000 97.199997 1.533723 1.769077 
0.088000 98.099998 1.533723 1.769077 
0.088000 99.000000 1.533723 1.769077 
0.088000 99.899994 1.533723 1.769077 
0.088000 100.799995 1.533723 1.769077 
0.088000 101.699997 1.533723 1.769077 
0.088000 102.599998 1.533723 1.769077 
0.088000 103.500000 1.533723 1.769077 
0.088000 104.399994 1.533723 1.769077 
0.088000 105.299995 1.533723 1.769077 
0.088000 106.199997 1.533723 1.769077 
0.088000 107.099998 1.533723 1.769077 
0.088000 108.000000 1.533723 1.769077 
0.088000 108.899994 1.533723 1.769077 
0.088000 109.799995 1.533723 1.769077 
0.088000 110.699997 1.533723 1.769077 
0.088000 111.599998 1.533723 1.769077 
0.088000 112.500000 1.533723 1.769077 
0.088000 113.399994 1.533723 1.769077 
0.088000 114.299995 1.533723 1.769077 
0.088000 115.199997 1.533723 1.769077 
0.088000 116.099998 1.533723 1.769077 
0.088000 117.000000 1.533723 1.769077 
0.088000 117.899994 1.533723 1.769077 
0.088000 118.799995 1.533723 1.769077 
0.088000 119.699997 1.533723 1.769077 
0.088000 120.599998 1.533723 1.769077 
0.088000 121.500000 1.533723 1.769077 
0.088000 122.399994 1.533723 1.769077 
0.088000 123.299995 1.533723 1.769077 
0.088000 124.199997 1.533723 1.769077 
0.088000 125.099998 1.533723 1.769077 
0.088000 126.000000 1.533723 1.769077 
0.088000 126.899994 1.533723 1.769077 
0.088000 127.799995 1.533723 1.769077 
0.088000 128.699997 1.533723 1.769077 
0.088000 129.599991 1.533723 1.769077 
0.088000 130.500000 1.533723 1.769077 
0.088000 131.399994 1.533723 1.769077 
0.088000 132.300003 1.533723 1.769077 
0.088000 133.199997 1.533723 1.769077 
0.088000 134.099991 1.533723 1.769077 
0.088000 135.000000 1.533723 1.769077 
0.088000 135.899994 1.533723 1.769077 
0.088000 136.800003 1.533723 1.769077 
0.088000 137.699997 1.533723 1.769077 
0.088000 138.599991 1.533723 1.769077 
0.088000 139.500000 1.533723 1.769077 
0.088000 140.399994 1.533723 1.769077 
0.088000 141.300003 1.533723 1.769077 
0.088000 142.199997 1.533723 1.769077 
0.088000 143.099991 1.533723 1.769077 
0.088000 144.000000 1.533723 1.769077 
0.088000 144.899994 1.533723 1.769077 
0.088000 145.800003 1.533723 1.769077 
0.088000 146.699997 1.533723 1.769077 
0.088000 147.599991 1.533723 1.769077 
0.088000 148.500000 1.533723 1.769077 
0.088000 149.399994 1.533723 1.769077 
0.088000 150.300003 1.533723 1.769077 
0.088000 151.199997 1.533723 1.769077 
0.088000 152.099991 1.533723 1.769077 
0.088000 153.000000 1.533723 1.769077 
0.088000 153.899994 1.533723 1.769077 
0.088000 154.800003 1.533723 1.769077 
0.088000 155.699997 1.533723 1.769077 
0.088000 156.599991 1.533723 1.769077 
0.088000 157.500000 1.533723 1.769077 
0.088000 158.399994 1.533723 1.769077 
0.088000 159.300003 1.533723 1.769077 
0.088000 160.199997 1.533723 1.769077 
0.088000 161.099991 1.533723 1.769077 
0.088000 162.000000 1.533723 1.769077 
0.088000 162.899994 1.533723 1.769077 
0.088000 163.800003 1.533723 1.769077 
0.088000 164.699997 1.533723 1.769077 
0.088000 165.599991 1.533723 1.769077 
0.088000 166.500000 1.533723 1.769077 
0.088000 167.399994 1.533723 1.769077 
0.088000 168.300003 1.533723 1.769077 
0.088000 169.199997 1.533723 1.769077 
0.088000 170.099991 1.533723 1.769077 
0.088000 171.000000 1.533723 1.769077 
0.088000 171.899994 1.533723 1.769077 
0.088000 172.799988 1.533723 1.769077 
0.088000 173.699997 1.533723 1.769077 
0.088000 174.599991 1.533723 1.769077 
0.088000 175.500000 1.533723 1.769077 
0.088000 176.399994 1.533723 1.769077 
0.088000 177.299988 1.533723 1.769077 
0.088000 178.199997 1.533723 1.769077 
0.088000 179.099991 1.533723 1.769077 
0.088000 180.000000 1.533723 1.769077 
0.088000 180.899994 1.533723 1.769077 
0.088000 181.799988 1.533723 1.769077 
0.088000 182.699997 1.533723 1.769077 
0.088000 183.599991 1.533723 1.769077 
0.088000 184.500000 1.533723 1.769077 
0.088000 185.399994 1.533723 1.769077 
0.088000 186.299988 1.533723 1.769077 
0.088000 187.199997 1.533723 1.769077 
0.088000 188.099991 1.533723 1.769077 
0.088000 189.000000 1.533723 1.769077 
0.088000 189.899994 1.533723 1.769077 
0.088000 190.799988 1.533723 1.769077 
0.088000 191.699997 1.533723 1.769077 
0.088000 192.599991 1.533723 1.769077 
0.088000 193.500000 1.533723 1.769077 
0.088000 194.399994 1.533723 1.769077 
0.088000 195.299988 1.533723 1.769077 
0.088000 196.199997 1.533723 1.769077 
0.088000 197.099991 1.533723 1.769077 
0.088000 198.000000 1.533723 1.769077 
0.088000 198.899994 1.533723 1.769077 
0.088000 199.799988 1.533723 1.769077 
0.088000 200.699997 1.533723 1.769077 
0.088000 201.599991 1.533723 1.769077 
0.088000 202.500000 1.533723 1.769077 
0.088000 203.399994 1.533723 1.769077 
0.088000 204.299988 1.533723 1.769077 
0.088000 205.199997 1.533723 1.769077 
0.088000 206.099991 1.533723 1.769077 
0.088000 207.000000 1.533723 1.769077 
0.088000 207.899994 1.533723 1.769077 
0.088000 208.799988 1.533723 1.769077 
0.088000 209.699997 1.533723 1.769077 
0.088000 210.599991 1.533723 1.769077 
0.088000 211.500000 1.533723 1.769077 
0.088000 212.399994 1.533723 1.769077 
0.088000 213.299988 1.533723 1.769077 
0.088000 214.199997 1.533723 1.769077 
0.088000 215.099991 1.533723 1.769077 
0.088000 216.000000 1.533723 1.769077 
0.088000 216.899994 1.533723 1.769077 
0.088000 217.799988 1.533723 1.769077 
0.088000 218.699997 1.533723 1.769077 
0.088000 219.599991 1.533723 1.769077 
0.088000 220.500000 1.533723 1.769077 
0.088000 221.399994 1.533723 1.769077 
0.088000 222.299988 1.533723 1.769077 
0.088000 223.199997 1.533723 1.769077 
0.088000 224.099991 1.533723 1.769077 
0.088000 225.000000 1.533723 1.769077 
0.088000 225.899994 1.533723 1.769077 
0.088000 226.799988 1.533723 1.769077 
0.088000 227.699997 1.533722 1.769077 
0.088000 228.599991 1.533722 1.769077 
0.088000 229.500000 1.533719 1.769077 
