0.223000 0.000000 1.703028 1.516033 
0.223000 0.900000 1.703011 1.516034 
0.223000 1.800000 1.703018 1.516034 
0.223000 2.700000 1.703018 1.516035 
0.223000 3.600000 1.703020 1.516037 
0.223000 4.500000 1.703021 1.516038 
0.223000 5.400000 1.703022 1.516038 
0.223000 6.300000 1.703022 1.516039 
0.223000 7.200000 1.703022 1.516039 
0.223000 8.099999 1.703022 1.516040 
0.223000 9.000000 1.703022 1.516040 
0.223000 9.900000 1.703022 1.516040 
0.223000 10.799999 1.703022 1.516040 
0.223000 11.700000 1.703022 1.516040 
0.223000 12.599999 1.703022 1.516040 
0.223000 13.500000 1.703022 1.516040 
0.223000 14.400000 1.703022 1.516040 
0.223000 15.299999 1.703022 1.516040 
0.223000 16.199999 1.703022 1.516040 
0.223000 17.100000 1.703022 1.516040 
0.223000 18.000000 1.703022 1.516040 
0.223000 18.900000 1.703022 1.516040 
0.223000 19.799999 1.703022 1.516040 
0.223000 20.699999 1.703022 1.516040 
0.223000 21.599998 1.703022 1.516040 
0.223000 22.500000 1.703022 1.516040 
0.223000 23.400000 1.703022 1.516040 
0.223000 24.299999 1.703022 1.516040 
0.223000 25.199999 1.703022 1.516040 
0.223000 26.099998 1.703022 1.516040 
0.223000 27.000000 1.703022 1.516040 
0.223000 27.900000 1.703022 1.516040 
0.223000 28.799999 1.703022 1.516040 
0.223000 29.699999 1.703022 1.516040 
0.223000 30.599998 1.703022 1.516040 
0.223000 31.500000 1.703022 1.516040 
0.223000 32.399998 1.703022 1.516040 
0.223000 33.299999 1.703022 1.516040 
0.223000 34.200001 1.703022 1.516040 
0.223000 35.099998 1.703022 1.516040 
0.223000 36.000000 1.703022 1.516040 
0.223000 36.899998 1.703022 1.516040 
0.223000 37.799999 1.703022 1.516040 
0.223000 38.700001 1.703022 1.516040 
0.223000 39.599998 1.703022 1.516040 
0.223000 40.500000 1.703022 1.516040 
0.223000 41.399998 1.703022 1.516040 
0.223000 42.299999 1.703022 1.516040 
0.223000 43.199997 1.703022 1.516040 
0.223000 44.099998 1.703022 1.516040 
0.223000 45.000000 1.703022 1.516040 
0.223000 45.899998 1.703022 1.516040 
0.223000 46.799999 1.703022 1.516040 
0.223000 47.699997 1.703022 1.516040 
0.223000 48.599998 1.703022 1.516040 
0.223000 49.500000 1.703022 1.516040 
0.223000 50.399998 1.703022 1.516040 
0.223000 51.299999 1.703022 1.516040 
0.223000 52.199997 1.703022 1.516040 
0.223000 53.099998 1.703022 1.516040 
0.223000 54.000000 1.703022 1.516040 
0.223000 54.899998 1.703022 1.516040 
0.223000 55.799999 1.703022 1.516040 
0.223000 56.699997 1.703022 1.516040 
0.223000 57.599998 1.703022 1.516040 
0.223000 58.500000 1.703022 1.516040 
0.223000 59.399998 1.703022 1.516040 
0.223000 60.299999 1.703022 1.516040 
0.223000 61.199997 1.703022 1.516040 
0.223000 62.099998 1.703022 1.516040 
0.223000 63.000000 1.703022 1.516040 
0.223000 63.899998 1.703022 1.516040 
0.223000 64.799995 1.703022 1.516040 
0.223000 65.699997 1.703022 1.516040 
0.223000 66.599998 1.703022 1.516040 
0.223000 67.500000 1.703022 1.516040 
0.223000 68.400002 1.703022 1.516040 
0.223000 69.299995 1.703022 1.516040 
0.223000 70.199997 1.703022 1.516040 
0.223000 71.099998 1.703022 1.516040 
0.223000 72.000000 1.703022 1.516040 
0.223000 72.900002 1.703022 1.516040 
0.223000 73.799995 1.703022 1.516040 
0.223000 74.699997 1.703022 1.516040 
0.223000 75.599998 1.703022 1.516040 
0.223000 76.500000 1.703022 1.516040 
0.223000 77.400002 1.703022 1.516040 
0.223000 78.299995 1.703022 1.516040 
0.223000 79.199997 1.703022 1.516040 
0.223000 80.099998 1.703022 1.516040 
0.223000 81.000000 1.703022 1.516040 
0.223000 81.900002 1.703022 1.516040 
0.223000 82.799995 1.703022 1.516040 
0.223000 83.699997 1.703022 1.516040 
0.223000 84.599998 1.703022 1.516040 
0.223000 85.500000 1.703022 1.516040 
0.223000 86.399994 1.703022 1.516040 
0.223000 87.299995 1.703022 1.516040 
0.223000 88.199997 1.703022 1.516040 
0.223000 89.099998 1.703022 1.516040 
0.223000 90.000000 1.703022 1.516040 
0.223000 90.899994 1.703022 1.516040 
0.223000 91.799995 1.703022 1.516040 
0.223000 92.699997 1.703022 1.516040 
0.223000 93.599998 1.703022 1.516040 
0.223000 94.500000 1.703022 1.516040 
0.223000 95.399994 1.703022 1.516040 
0.223000 96.299995 1.703022 1.516040 
0.223000 97.199997 1.703022 1.516040 
0.223000 98.099998 1.703022 1.516040 
0.223000 99.000000 1.703022 1.516040 
0.223000 99.899994 1.703022 1.516040 
0.223000 100.799995 1.703022 1.516040 
0.223000 101.699997 1.703022 1.516040 
0.223000 102.599998 1.703022 1.516040 
0.223000 103.500000 1.703022 1.516040 
0.223000 104.399994 1.703022 1.516040 
0.223000 105.299995 1.703022 1.516040 
0.223000 106.199997 1.703022 1.516040 
0.223000 107.099998 1.703022 1.516040 
0.223000 108.000000 1.703022 1.516040 
0.223000 108.899994 1.703022 1.516040 
0.223000 109.799995 1.703022 1.516040 
0.223000 110.699997 1.703022 1.516040 
0.223000 111.599998 1.703022 1.516040 
0.223000 112.500000 1.703022 1.516040 
0.223000 113.399994 1.703022 1.516040 
0.223000 114.299995 1.703022 1.516040 
0.223000 115.199997 1.703022 1.516040 
0.223000 116.099998 1.703022 1.516040 
0.223000 117.000000 1.703022 1.516040 
0.223000 117.899994 1.703022 1.516040 
0.223000 118.799995 1.703022 1.516040 
0.223000 119.699997 1.703022 1.516040 
0.223000 120.599998 1.703022 1.516040 
0.223000 121.500000 1.703022 1.516040 
0.223000 122.399994 1.703022 1.516040 
0.223000 123.299995 1.703022 1.516040 
0.223000 124.199997 1.703022 1.516040 
0.223000 125.099998 1.703022 1.516040 
0.223000 126.000000 1.703022 1.516040 
0.223000 126.899994 1.703022 1.516040 
0.223000 127.799995 1.703022 1.516040 
0.223000 128.699997 1.703022 1.516040 
0.223000 129.599991 1.703022 1.516040 
0.223000 130.500000 1.703022 1.516040 
0.223000 131.399994 1.703022 1.516040 
0.223000 132.300003 1.703022 1.516040 
0.223000 133.199997 1.703022 1.516040 
0.223000 134.099991 1.703022 1.516040 
0.223000 135.000000 1.703022 1.516040 
0.223000 135.899994 1.703022 1.516040 
0.223000 136.800003 1.703022 1.516040 
0.223000 137.699997 1.703022 1.516040 
0.223000 138.599991 1.703022 1.516040 
0.223000 139.500000 1.703022 1.516040 
0.223000 140.399994 1.703022 1.516040 
0.223000 141.300003 1.703022 1.516040 
0.223000 142.199997 1.703022 1.516040 
0.223000 143.099991 1.703022 1.516040 
0.223000 144.000000 1.703022 1.516040 
0.223000 144.899994 1.703022 1.516040 
0.223000 145.800003 1.703022 1.516040 
0.223000 146.699997 1.703022 1.516040 
0.223000 147.599991 1.703022 1.516040 
0.223000 148.500000 1.703022 1.516040 
0.223000 149.399994 1.703022 1.516040 
0.223000 150.300003 1.703022 1.516040 
0.223000 151.199997 1.703022 1.516040 
0.223000 152.099991 1.703022 1.516040 
0.223000 153.000000 1.703022 1.516040 
0.223000 153.899994 1.703022 1.516040 
0.223000 154.800003 1.703022 1.516040 
0.223000 155.699997 1.703022 1.516040 
0.223000 156.599991 1.703022 1.516040 
0.223000 157.500000 1.703022 1.516040 
0.223000 158.399994 1.703022 1.516040 
0.223000 159.300003 1.703022 1.516040 
0.223000 160.199997 1.703022 1.516040 
0.223000 161.099991 1.703022 1.516040 
0.223000 162.000000 1.703022 1.516040 
0.223000 162.899994 1.703022 1.516040 
0.223000 163.800003 1.703022 1.516040 
0.223000 164.699997 1.703022 1.516040 
0.223000 165.599991 1.703022 1.516040 
0.223000 166.500000 1.703022 1.516040 
0.223000 167.399994 1.703022 1.516040 
0.223000 168.300003 1.703022 1.516040 
0.223000 169.199997 1.703022 1.516040 
0.223000 170.099991 1.703022 1.516040 
0.223000 171.000000 1.703022 1.516040 
0.223000 171.899994 1.703022 1.516040 
0.223000 172.799988 1.703022 1.516040 
0.223000 173.699997 1.703022 1.516040 
0.223000 174.599991 1.703022 1.516040 
0.223000 175.500000 1.703022 1.516040 
0.223000 176.399994 1.703022 1.516040 
0.223000 177.299988 1.703022 1.516040 
0.223000 178.199997 1.703022 1.516040 
0.223000 179.099991 1.703022 1.516040 
0.223000 180.000000 1.703022 1.516040 
0.223000 180.899994 1.703022 1.516040 
0.223000 181.799988 1.703022 1.516040 
0.223000 182.699997 1.703022 1.516040 
0.223000 183.599991 1.703022 1.516040 
0.223000 184.500000 1.703022 1.516040 
0.223000 185.399994 1.703022 1.516040 
0.223000 186.299988 1.703022 1.516040 
0.223000 187.199997 1.703022 1.516040 
0.223000 188.099991 1.703022 1.516040 
0.223000 189.000000 1.703022 1.516040 
0.223000 189.899994 1.703022 1.516040 
0.223000 190.799988 1.703022 1.516040 
0.223000 191.699997 1.703022 1.516040 
0.223000 192.599991 1.703022 1.516040 
0.223000 193.500000 1.703022 1.516040 
0.223000 194.399994 1.703022 1.516040 
0.223000 195.299988 1.703022 1.516040 
0.223000 196.199997 1.703022 1.516040 
0.223000 197.099991 1.703022 1.516040 
0.223000 198.000000 1.703022 1.516040 
0.223000 198.899994 1.703022 1.516040 
0.223000 199.799988 1.703022 1.516040 
0.223000 200.699997 1.703022 1.516040 
0.223000 201.599991 1.703022 1.516040 
0.223000 202.500000 1.703022 1.516040 
0.223000 203.399994 1.703022 1.516040 
0.223000 204.299988 1.703022 1.516040 
0.223000 205.199997 1.703022 1.516040 
0.223000 206.099991 1.703022 1.516040 
0.223000 207.000000 1.703022 1.516040 
0.223000 207.899994 1.703022 1.516040 
0.223000 208.799988 1.703022 1.516040 
0.223000 209.699997 1.703022 1.516040 
0.223000 210.599991 1.703022 1.516040 
0.223000 211.500000 1.703022 1.516040 
0.223000 212.399994 1.703022 1.516040 
0.223000 213.299988 1.703022 1.516040 
0.223000 214.199997 1.703022 1.516040 
0.223000 215.099991 1.703022 1.516040 
0.223000 216.000000 1.703022 1.516040 
0.223000 216.899994 1.703022 1.516040 
0.223000 217.799988 1.703022 1.516040 
0.223000 218.699997 1.703022 1.516040 
0.223000 219.599991 1.703022 1.516040 
0.223000 220.500000 1.703022 1.516040 
0.223000 221.399994 1.703022 1.516040 
0.223000 222.299988 1.703022 1.516040 
0.223000 223.199997 1.703022 1.516040 
0.223000 224.099991 1.703022 1.516040 
0.223000 225.000000 1.703022 1.516040 
0.223000 225.899994 1.703022 1.516040 
0.223000 226.799988 1.703022 1.516040 
0.223000 227.699997 1.703022 1.516040 
0.223000 228.599991 1.703021 1.516040 
0.223000 229.500000 1.703012 1.516039 
