0.766000 0.000000 1.842990 0.912871 
0.766000 0.900000 1.842942 0.912871 
0.766000 1.800000 1.842962 0.912871 
0.766000 2.700000 1.842969 0.912871 
0.766000 3.600000 1.842975 0.912871 
0.766000 4.500000 1.842978 0.912871 
0.766000 5.400000 1.842980 0.912871 
0.766000 6.300000 1.842982 0.912871 
0.766000 7.200000 1.842983 0.912871 
0.766000 8.099999 1.842984 0.912871 
0.766000 9.000000 1.842984 0.912871 
0.766000 9.900000 1.842984 0.912870 
0.766000 10.799999 1.842984 0.912870 
0.766000 11.700000 1.842984 0.912870 
0.766000 12.599999 1.842984 0.912870 
0.766000 13.500000 1.842984 0.912870 
0.766000 14.400000 1.842984 0.912870 
0.766000 15.299999 1.842984 0.912870 
0.766000 16.199999 1.842984 0.912870 
0.766000 17.100000 1.842984 0.912870 
0.766000 18.000000 1.842984 0.912870 
0.766000 18.900000 1.842984 0.912870 
0.766000 19.799999 1.842984 0.912870 
0.766000 20.699999 1.842984 0.912870 
0.766000 21.599998 1.842984 0.912870 
0.766000 22.500000 1.842984 0.912870 
0.766000 23.400000 1.842984 0.912870 
0.766000 24.299999 1.842984 0.912870 
0.766000 25.199999 1.842984 0.912870 
0.766000 26.099998 1.842984 0.912870 
0.766000 27.000000 1.842984 0.912870 
0.766000 27.900000 1.842984 0.912870 
0.766000 28.799999 1.842984 0.912870 
0.766000 29.699999 1.842984 0.912870 
0.766000 30.599998 1.842984 0.912870 
0.766000 31.500000 1.842984 0.912870 
0.766000 32.399998 1.842984 0.912870 
0.766000 33.299999 1.842984 0.912870 
0.766000 34.200001 1.842984 0.912870 
0.766000 35.099998 1.842984 0.912870 
0.766000 36.000000 1.842984 0.912870 
0.766000 36.899998 1.842984 0.912870 
0.766000 37.799999 1.842984 0.912870 
0.766000 38.700001 1.842984 0.912870 
0.766000 39.599998 1.842984 0.912870 
0.766000 40.500000 1.842984 0.912870 
0.766000 41.399998 1.842984 0.912870 
0.766000 42.299999 1.842984 0.912870 
0.766000 43.199997 1.842984 0.912870 
0.766000 44.099998 1.842984 0.912870 
0.766000 45.000000 1.842984 0.912870 
0.766000 45.899998 1.842984 0.912870 
0.766000 46.799999 1.842984 0.912870 
0.766000 47.699997 1.842984 0.912870 
0.766000 48.599998 1.842984 0.912870 
0.766000 49.500000 1.842984 0.912870 
0.766000 50.399998 1.842984 0.912870 
0.766000 51.299999 1.842984 0.912870 
0.766000 52.199997 1.842984 0.912870 
0.766000 53.099998 1.842984 0.912870 
0.766000 54.000000 1.842984 0.912870 
0.766000 54.899998 1.842984 0.912870 
0.766000 55.799999 1.842984 0.912870 
0.766000 56.699997 1.842984 0.912870 
0.766000 57.599998 1.842984 0.912870 
0.766000 58.500000 1.842984 0.912870 
0.766000 59.399998 1.842984 0.912870 
0.766000 60.299999 1.842984 0.912870 
0.766000 61.199997 1.842984 0.912870 
0.766000 62.099998 1.842984 0.912870 
0.766000 63.000000 1.842984 0.912870 
0.766000 63.899998 1.842984 0.912870 
0.766000 64.799995 1.842984 0.912870 
0.766000 65.699997 1.842984 0.912870 
0.766000 66.599998 1.842984 0.912870 
0.766000 67.500000 1.842984 0.912870 
0.766000 68.400002 1.842984 0.912870 
0.766000 69.299995 1.842984 0.912870 
0.766000 70.199997 1.842984 0.912870 
0.766000 71.099998 1.842984 0.912870 
0.766000 72.000000 1.842984 0.912870 
0.766000 72.900002 1.842984 0.912870 
0.766000 73.799995 1.842984 0.912870 
0.766000 74.699997 1.842984 0.912870 
0.766000 75.599998 1.842984 0.912870 
0.766000 76.500000 1.842984 0.912870 
0.766000 77.400002 1.842984 0.912870 
0.766000 78.299995 1.842984 0.912870 
0.766000 79.199997 1.842984 0.912870 
0.766000 80.099998 1.842984 0.912870 
0.766000 81.000000 1.842984 0.912870 
0.766000 81.900002 1.842984 0.912870 
0.766000 82.799995 1.842984 0.912870 
0.766000 83.699997 1.842984 0.912870 
0.766000 84.599998 1.842984 0.912870 
0.766000 85.500000 1.842984 0.912870 
0.766000 86.399994 1.842984 0.912870 
0.766000 87.299995 1.842984 0.912870 
0.766000 88.199997 1.842984 0.912870 
0.766000 89.099998 1.842984 0.912870 
0.766000 90.000000 1.842984 0.912870 
0.766000 90.899994 1.842984 0.912870 
0.766000 91.799995 1.842984 0.912870 
0.766000 92.699997 1.842984 0.912870 
0.766000 93.599998 1.842984 0.912870 
0.766000 94.500000 1.842984 0.912870 
0.766000 95.399994 1.842984 0.912870 
0.766000 96.299995 1.842984 0.912870 
0.766000 97.199997 1.842984 0.912870 
0.766000 98.099998 1.842984 0.912870 
0.766000 99.000000 1.842984 0.912870 
0.766000 99.899994 1.842984 0.912870 
0.766000 100.799995 1.842984 0.912870 
0.766000 101.699997 1.842984 0.912870 
0.766000 102.599998 1.842984 0.912870 
0.766000 103.500000 1.842984 0.912870 
0.766000 104.399994 1.842984 0.912870 
0.766000 105.299995 1.842984 0.912870 
0.766000 106.199997 1.842984 0.912870 
0.766000 107.099998 1.842984 0.912870 
0.766000 108.000000 1.842984 0.912870 
0.766000 108.899994 1.842984 0.912870 
0.766000 109.799995 1.842984 0.912870 
0.766000 110.699997 1.842984 0.912870 
0.766000 111.599998 1.842984 0.912870 
0.766000 112.500000 1.842984 0.912870 
0.766000 113.399994 1.842984 0.912870 
0.766000 114.299995 1.842984 0.912870 
0.766000 115.199997 1.842984 0.912870 
0.766000 116.099998 1.842984 0.912870 
0.766000 117.000000 1.842984 0.912870 
0.766000 117.899994 1.842984 0.912870 
0.766000 118.799995 1.842984 0.912870 
0.766000 119.699997 1.842984 0.912870 
0.766000 120.599998 1.842984 0.912870 
0.766000 121.500000 1.842984 0.912870 
0.766000 122.399994 1.842984 0.912870 
0.766000 123.299995 1.842984 0.912870 
0.766000 124.199997 1.842984 0.912870 
0.766000 125.099998 1.842984 0.912870 
0.766000 126.000000 1.842984 0.912870 
0.766000 126.899994 1.842984 0.912870 
0.766000 127.799995 1.842984 0.912870 
0.766000 128.699997 1.842984 0.912870 
0.766000 129.599991 1.842984 0.912870 
0.766000 130.500000 1.842984 0.912870 
0.766000 131.399994 1.842984 0.912870 
0.766000 132.300003 1.842984 0.912870 
0.766000 133.199997 1.842984 0.912870 
0.766000 134.099991 1.842984 0.912870 
0.766000 135.000000 1.842984 0.912870 
0.766000 135.899994 1.842984 0.912870 
0.766000 136.800003 1.842984 0.912870 
0.766000 137.699997 1.842984 0.912870 
0.766000 138.599991 1.842984 0.912870 
0.766000 139.500000 1.842984 0.912870 
0.766000 140.399994 1.842984 0.912870 
0.766000 141.300003 1.842984 0.912870 
0.766000 142.199997 1.842984 0.912870 
0.766000 143.099991 1.842984 0.912870 
0.766000 144.000000 1.842984 0.912870 
0.766000 144.899994 1.842984 0.912870 
0.766000 145.800003 1.842984 0.912870 
0.766000 146.699997 1.842984 0.912870 
0.766000 147.599991 1.842984 0.912870 
0.766000 148.500000 1.842984 0.912870 
0.766000 149.399994 1.842984 0.912870 
0.766000 150.300003 1.842984 0.912870 
0.766000 151.199997 1.842984 0.912870 
0.766000 152.099991 1.842984 0.912870 
0.766000 153.000000 1.842984 0.912870 
0.766000 153.899994 1.842984 0.912870 
0.766000 154.800003 1.842984 0.912870 
0.766000 155.699997 1.842984 0.912870 
0.766000 156.599991 1.842984 0.912870 
0.766000 157.500000 1.842984 0.912870 
0.766000 158.399994 1.842984 0.912870 
0.766000 159.300003 1.842984 0.912870 
0.766000 160.199997 1.842984 0.912870 
0.766000 161.099991 1.842984 0.912870 
0.766000 162.000000 1.842984 0.912870 
0.766000 162.899994 1.842984 0.912870 
0.766000 163.800003 1.842984 0.912870 
0.766000 164.699997 1.842984 0.912870 
0.766000 165.599991 1.842984 0.912870 
0.766000 166.500000 1.842984 0.912870 
0.766000 167.399994 1.842984 0.912870 
0.766000 168.300003 1.842984 0.912870 
0.766000 169.199997 1.842984 0.912870 
0.766000 170.099991 1.842984 0.912870 
0.766000 171.000000 1.842984 0.912870 
0.766000 171.899994 1.842984 0.912870 
0.766000 172.799988 1.842984 0.912870 
0.766000 173.699997 1.842984 0.912870 
0.766000 174.599991 1.842984 0.912870 
0.766000 175.500000 1.842984 0.912870 
0.766000 176.399994 1.842984 0.912870 
0.766000 177.299988 1.842984 0.912870 
0.766000 178.199997 1.842984 0.912870 
0.766000 179.099991 1.842984 0.912870 
0.766000 180.000000 1.842984 0.912870 
0.766000 180.899994 1.842984 0.912870 
0.766000 181.799988 1.842984 0.912870 
0.766000 182.699997 1.842984 0.912870 
0.766000 183.599991 1.842984 0.912870 
0.766000 184.500000 1.842984 0.912870 
0.766000 185.399994 1.842984 0.912870 
0.766000 186.299988 1.842984 0.912870 
0.766000 187.199997 1.842984 0.912870 
0.766000 188.099991 1.842984 0.912870 
0.766000 189.000000 1.842984 0.912870 
0.766000 189.899994 1.842984 0.912870 
0.766000 190.799988 1.842984 0.912870 
0.766000 191.699997 1.842984 0.912870 
0.766000 192.599991 1.842984 0.912870 
0.766000 193.500000 1.842984 0.912870 
0.766000 194.399994 1.842984 0.912870 
0.766000 195.299988 1.842984 0.912870 
0.766000 196.199997 1.842984 0.912870 
0.766000 197.099991 1.842984 0.912870 
0.766000 198.000000 1.842984 0.912870 
0.766000 198.899994 1.842984 0.912870 
0.766000 199.799988 1.842984 0.912870 
0.766000 200.699997 1.842984 0.912870 
0.766000 201.599991 1.842984 0.912870 
0.766000 202.500000 1.842984 0.912870 
0.766000 203.399994 1.842984 0.912870 
0.766000 204.299988 1.842984 0.912870 
0.766000 205.199997 1.842984 0.912870 
0.766000 206.099991 1.842984 0.912870 
0.766000 207.000000 1.842984 0.912870 
0.766000 207.899994 1.842984 0.912870 
0.766000 208.799988 1.842984 0.912870 
0.766000 209.699997 1.842984 0.912870 
0.766000 210.599991 1.842984 0.912870 
0.766000 211.500000 1.842984 0.912870 
0.766000 212.399994 1.842984 0.912870 
0.766000 213.299988 1.842984 0.912870 
0.766000 214.199997 1.842984 0.912870 
0.766000 215.099991 1.842984 0.912870 
0.766000 216.000000 1.842984 0.912870 
0.766000 216.899994 1.842984 0.912870 
0.766000 217.799988 1.842984 0.912870 
0.766000 218.699997 1.842984 0.912870 
0.766000 219.599991 1.842984 0.912870 
0.766000 220.500000 1.842984 0.912870 
0.766000 221.399994 1.842984 0.912870 
0.766000 222.299988 1.842984 0.912871 
0.766000 223.199997 1.842984 0.912871 
0.766000 224.099991 1.842984 0.912871 
0.766000 225.000000 1.842984 0.912871 
0.766000 225.899994 1.842984 0.912871 
0.766000 226.799988 1.842985 0.912871 
0.766000 227.699997 1.842984 0.912871 
0.766000 228.599991 1.842975 0.912872 
0.766000 229.500000 1.842946 0.912872 
