0.257000 0.000000 1.740358 1.454163 
0.257000 0.900000 1.740339 1.454164 
0.257000 1.800000 1.740348 1.454164 
0.257000 2.700000 1.740349 1.454165 
0.257000 3.600000 1.740351 1.454167 
0.257000 4.500000 1.740352 1.454167 
0.257000 5.400000 1.740352 1.454168 
0.257000 6.300000 1.740353 1.454169 
0.257000 7.200000 1.740353 1.454169 
0.257000 8.099999 1.740353 1.454169 
0.257000 9.000000 1.740353 1.454169 
0.257000 9.900000 1.740353 1.454169 
0.257000 10.799999 1.740353 1.454169 
0.257000 11.700000 1.740353 1.454169 
0.257000 12.599999 1.740353 1.454169 
0.257000 13.500000 1.740353 1.454169 
0.257000 14.400000 1.740353 1.454169 
0.257000 15.299999 1.740353 1.454169 
0.257000 16.199999 1.740353 1.454169 
0.257000 17.100000 1.740353 1.454169 
0.257000 18.000000 1.740353 1.454169 
0.257000 18.900000 1.740353 1.454169 
0.257000 19.799999 1.740353 1.454169 
0.257000 20.699999 1.740353 1.454169 
0.257000 21.599998 1.740353 1.454169 
0.257000 22.500000 1.740353 1.454169 
0.257000 23.400000 1.740353 1.454169 
0.257000 24.299999 1.740353 1.454169 
0.257000 25.199999 1.740353 1.454169 
0.257000 26.099998 1.740353 1.454169 
0.257000 27.000000 1.740353 1.454169 
0.257000 27.900000 1.740353 1.454169 
0.257000 28.799999 1.740353 1.454169 
0.257000 29.699999 1.740353 1.454169 
0.257000 30.599998 1.740353 1.454169 
0.257000 31.500000 1.740353 1.454169 
0.257000 32.399998 1.740353 1.454169 
0.257000 33.299999 1.740353 1.454169 
0.257000 34.200001 1.740353 1.454169 
0.257000 35.099998 1.740353 1.454169 
0.257000 36.000000 1.740353 1.454169 
0.257000 36.899998 1.740353 1.454169 
0.257000 37.799999 1.740353 1.454169 
0.257000 38.700001 1.740353 1.454169 
0.257000 39.599998 1.740353 1.454169 
0.257000 40.500000 1.740353 1.454169 
0.257000 41.399998 1.740353 1.454169 
0.257000 42.299999 1.740353 1.454169 
0.257000 43.199997 1.740353 1.454169 
0.257000 44.099998 1.740353 1.454169 
0.257000 45.000000 1.740353 1.454169 
0.257000 45.899998 1.740353 1.454169 
0.257000 46.799999 1.740353 1.454169 
0.257000 47.699997 1.740353 1.454169 
0.257000 48.599998 1.740353 1.454169 
0.257000 49.500000 1.740353 1.454169 
0.257000 50.399998 1.740353 1.454169 
0.257000 51.299999 1.740353 1.454169 
0.257000 52.199997 1.740353 1.454169 
0.257000 53.099998 1.740353 1.454169 
0.257000 54.000000 1.740353 1.454169 
0.257000 54.899998 1.740353 1.454169 
0.257000 55.799999 1.740353 1.454169 
0.257000 56.699997 1.740353 1.454169 
0.257000 57.599998 1.740353 1.454169 
0.257000 58.500000 1.740353 1.454169 
0.257000 59.399998 1.740353 1.454169 
0.257000 60.299999 1.740353 1.454169 
0.257000 61.199997 1.740353 1.454169 
0.257000 62.099998 1.740353 1.454169 
0.257000 63.000000 1.740353 1.454169 
0.257000 63.899998 1.740353 1.454169 
0.257000 64.799995 1.740353 1.454169 
0.257000 65.699997 1.740353 1.454169 
0.257000 66.599998 1.740353 1.454169 
0.257000 67.500000 1.740353 1.454169 
0.257000 68.400002 1.740353 1.454169 
0.257000 69.299995 1.740353 1.454169 
0.257000 70.199997 1.740353 1.454169 
0.257000 71.099998 1.740353 1.454169 
0.257000 72.000000 1.740353 1.454169 
0.257000 72.900002 1.740353 1.454169 
0.257000 73.799995 1.740353 1.454169 
0.257000 74.699997 1.740353 1.454169 
0.257000 75.599998 1.740353 1.454169 
0.257000 76.500000 1.740353 1.454169 
0.257000 77.400002 1.740353 1.454169 
0.257000 78.299995 1.740353 1.454169 
0.257000 79.199997 1.740353 1.454169 
0.257000 80.099998 1.740353 1.454169 
0.257000 81.000000 1.740353 1.454169 
0.257000 81.900002 1.740353 1.454169 
0.257000 82.799995 1.740353 1.454169 
0.257000 83.699997 1.740353 1.454169 
0.257000 84.599998 1.740353 1.454169 
0.257000 85.500000 1.740353 1.454169 
0.257000 86.399994 1.740353 1.454169 
0.257000 87.299995 1.740353 1.454169 
0.257000 88.199997 1.740353 1.454169 
0.257000 89.099998 1.740353 1.454169 
0.257000 90.000000 1.740353 1.454169 
0.257000 90.899994 1.740353 1.454169 
0.257000 91.799995 1.740353 1.454169 
0.257000 92.699997 1.740353 1.454169 
0.257000 93.599998 1.740353 1.454169 
0.257000 94.500000 1.740353 1.454169 
0.257000 95.399994 1.740353 1.454169 
0.257000 96.299995 1.740353 1.454169 
0.257000 97.199997 1.740353 1.454169 
0.257000 98.099998 1.740353 1.454169 
0.257000 99.000000 1.740353 1.454169 
0.257000 99.899994 1.740353 1.454169 
0.257000 100.799995 1.740353 1.454169 
0.257000 101.699997 1.740353 1.454169 
0.257000 102.599998 1.740353 1.454169 
0.257000 103.500000 1.740353 1.454169 
0.257000 104.399994 1.740353 1.454169 
0.257000 105.299995 1.740353 1.454169 
0.257000 106.199997 1.740353 1.454169 
0.257000 107.099998 1.740353 1.454169 
0.257000 108.000000 1.740353 1.454169 
0.257000 108.899994 1.740353 1.454169 
0.257000 109.799995 1.740353 1.454169 
0.257000 110.699997 1.740353 1.454169 
0.257000 111.599998 1.740353 1.454169 
0.257000 112.500000 1.740353 1.454169 
0.257000 113.399994 1.740353 1.454169 
0.257000 114.299995 1.740353 1.454169 
0.257000 115.199997 1.740353 1.454169 
0.257000 116.099998 1.740353 1.454169 
0.257000 117.000000 1.740353 1.454169 
0.257000 117.899994 1.740353 1.454169 
0.257000 118.799995 1.740353 1.454169 
0.257000 119.699997 1.740353 1.454169 
0.257000 120.599998 1.740353 1.454169 
0.257000 121.500000 1.740353 1.454169 
0.257000 122.399994 1.740353 1.454169 
0.257000 123.299995 1.740353 1.454169 
0.257000 124.199997 1.740353 1.454169 
0.257000 125.099998 1.740353 1.454169 
0.257000 126.000000 1.740353 1.454169 
0.257000 126.899994 1.740353 1.454169 
0.257000 127.799995 1.740353 1.454169 
0.257000 128.699997 1.740353 1.454169 
0.257000 129.599991 1.740353 1.454169 
0.257000 130.500000 1.740353 1.454169 
0.257000 131.399994 1.740353 1.454169 
0.257000 132.300003 1.740353 1.454169 
0.257000 133.199997 1.740353 1.454169 
0.257000 134.099991 1.740353 1.454169 
0.257000 135.000000 1.740353 1.454169 
0.257000 135.899994 1.740353 1.454169 
0.257000 136.800003 1.740353 1.454169 
0.257000 137.699997 1.740353 1.454169 
0.257000 138.599991 1.740353 1.454169 
0.257000 139.500000 1.740353 1.454169 
0.257000 140.399994 1.740353 1.454169 
0.257000 141.300003 1.740353 1.454169 
0.257000 142.199997 1.740353 1.454169 
0.257000 143.099991 1.740353 1.454169 
0.257000 144.000000 1.740353 1.454169 
0.257000 144.899994 1.740353 1.454169 
0.257000 145.800003 1.740353 1.454169 
0.257000 146.699997 1.740353 1.454169 
0.257000 147.599991 1.740353 1.454169 
0.257000 148.500000 1.740353 1.454169 
0.257000 149.399994 1.740353 1.454169 
0.257000 150.300003 1.740353 1.454169 
0.257000 151.199997 1.740353 1.454169 
0.257000 152.099991 1.740353 1.454169 
0.257000 153.000000 1.740353 1.454169 
0.257000 153.899994 1.740353 1.454169 
0.257000 154.800003 1.740353 1.454169 
0.257000 155.699997 1.740353 1.454169 
0.257000 156.599991 1.740353 1.454169 
0.257000 157.500000 1.740353 1.454169 
0.257000 158.399994 1.740353 1.454169 
0.257000 159.300003 1.740353 1.454169 
0.257000 160.199997 1.740353 1.454169 
0.257000 161.099991 1.740353 1.454169 
0.257000 162.000000 1.740353 1.454169 
0.257000 162.899994 1.740353 1.454169 
0.257000 163.800003 1.740353 1.454169 
0.257000 164.699997 1.740353 1.454169 
0.257000 165.599991 1.740353 1.454169 
0.257000 166.500000 1.740353 1.454169 
0.257000 167.399994 1.740353 1.454169 
0.257000 168.300003 1.740353 1.454169 
0.257000 169.199997 1.740353 1.454169 
0.257000 170.099991 1.740353 1.454169 
0.257000 171.000000 1.740353 1.454169 
0.257000 171.899994 1.740353 1.454169 
0.257000 172.799988 1.740353 1.454169 
0.257000 173.699997 1.740353 1.454169 
0.257000 174.599991 1.740353 1.454169 
0.257000 175.500000 1.740353 1.454169 
0.257000 176.399994 1.740353 1.454169 
0.257000 177.299988 1.740353 1.454169 
0.257000 178.199997 1.740353 1.454169 
0.257000 179.099991 1.740353 1.454169 
0.257000 180.000000 1.740353 1.454169 
0.257000 180.899994 1.740353 1.454169 
0.257000 181.799988 1.740353 1.454169 
0.257000 182.699997 1.740353 1.454169 
0.257000 183.599991 1.740353 1.454169 
0.257000 184.500000 1.740353 1.454169 
0.257000 185.399994 1.740353 1.454169 
0.257000 186.299988 1.740353 1.454169 
0.257000 187.199997 1.740353 1.454169 
0.257000 188.099991 1.740353 1.454169 
0.257000 189.000000 1.740353 1.454169 
0.257000 189.899994 1.740353 1.454169 
0.257000 190.799988 1.740353 1.454169 
0.257000 191.699997 1.740353 1.454169 
0.257000 192.599991 1.740353 1.454169 
0.257000 193.500000 1.740353 1.454169 
0.257000 194.399994 1.740353 1.454169 
0.257000 195.299988 1.740353 1.454169 
0.257000 196.199997 1.740353 1.454169 
0.257000 197.099991 1.740353 1.454169 
0.257000 198.000000 1.740353 1.454169 
0.257000 198.899994 1.740353 1.454169 
0.257000 199.799988 1.740353 1.454169 
0.257000 200.699997 1.740353 1.454169 
0.257000 201.599991 1.740353 1.454169 
0.257000 202.500000 1.740353 1.454169 
0.257000 203.399994 1.740353 1.454169 
0.257000 204.299988 1.740353 1.454169 
0.257000 205.199997 1.740353 1.454169 
0.257000 206.099991 1.740353 1.454169 
0.257000 207.000000 1.740353 1.454169 
0.257000 207.899994 1.740353 1.454169 
0.257000 208.799988 1.740353 1.454169 
0.257000 209.699997 1.740353 1.454169 
0.257000 210.599991 1.740353 1.454169 
0.257000 211.500000 1.740353 1.454169 
0.257000 212.399994 1.740353 1.454169 
0.257000 213.299988 1.740353 1.454169 
0.257000 214.199997 1.740353 1.454169 
0.257000 215.099991 1.740353 1.454169 
0.257000 216.000000 1.740353 1.454169 
0.257000 216.899994 1.740353 1.454169 
0.257000 217.799988 1.740353 1.454169 
0.257000 218.699997 1.740353 1.454169 
0.257000 219.599991 1.740353 1.454169 
0.257000 220.500000 1.740353 1.454169 
0.257000 221.399994 1.740353 1.454169 
0.257000 222.299988 1.740353 1.454169 
0.257000 223.199997 1.740353 1.454169 
0.257000 224.099991 1.740353 1.454169 
0.257000 225.000000 1.740353 1.454169 
0.257000 225.899994 1.740353 1.454169 
0.257000 226.799988 1.740353 1.454169 
0.257000 227.699997 1.740352 1.454169 
0.257000 228.599991 1.740352 1.454170 
0.257000 229.500000 1.740341 1.454169 
