0.092000 0.000000 1.539030 1.761623 
0.092000 0.900000 1.539024 1.761624 
0.092000 1.800000 1.539026 1.761624 
0.092000 2.700000 1.539027 1.761625 
0.092000 3.600000 1.539027 1.761626 
0.092000 4.500000 1.539027 1.761627 
0.092000 5.400000 1.539027 1.761627 
0.092000 6.300000 1.539027 1.761627 
0.092000 7.200000 1.539027 1.761628 
0.092000 8.099999 1.539027 1.761628 
0.092000 9.000000 1.539027 1.761628 
0.092000 9.900000 1.539027 1.761628 
0.092000 10.799999 1.539027 1.761628 
0.092000 11.700000 1.539027 1.761628 
0.092000 12.599999 1.539027 1.761628 
0.092000 13.500000 1.539027 1.761628 
0.092000 14.400000 1.539027 1.761628 
0.092000 15.299999 1.539027 1.761628 
0.092000 16.199999 1.539027 1.761628 
0.092000 17.100000 1.539027 1.761628 
0.092000 18.000000 1.539027 1.761628 
0.092000 18.900000 1.539027 1.761628 
0.092000 19.799999 1.539027 1.761628 
0.092000 20.699999 1.539027 1.761628 
0.092000 21.599998 1.539027 1.761628 
0.092000 22.500000 1.539027 1.761628 
0.092000 23.400000 1.539027 1.761628 
0.092000 24.299999 1.539027 1.761628 
0.092000 25.199999 1.539027 1.761628 
0.092000 26.099998 1.539027 1.761628 
0.092000 27.000000 1.539027 1.761628 
0.092000 27.900000 1.539027 1.761628 
0.092000 28.799999 1.539027 1.761628 
0.092000 29.699999 1.539027 1.761628 
0.092000 30.599998 1.539027 1.761628 
0.092000 31.500000 1.539027 1.761628 
0.092000 32.399998 1.539027 1.761628 
0.092000 33.299999 1.539027 1.761628 
0.092000 34.200001 1.539027 1.761628 
0.092000 35.099998 1.539027 1.761628 
0.092000 36.000000 1.539027 1.761628 
0.092000 36.899998 1.539027 1.761628 
0.092000 37.799999 1.539027 1.761628 
0.092000 38.700001 1.539027 1.761628 
0.092000 39.599998 1.539027 1.761628 
0.092000 40.500000 1.539027 1.761628 
0.092000 41.399998 1.539027 1.761628 
0.092000 42.299999 1.539027 1.761628 
0.092000 43.199997 1.539027 1.761628 
0.092000 44.099998 1.539027 1.761628 
0.092000 45.000000 1.539027 1.761628 
0.092000 45.899998 1.539027 1.761628 
0.092000 46.799999 1.539027 1.761628 
0.092000 47.699997 1.539027 1.761628 
0.092000 48.599998 1.539027 1.761628 
0.092000 49.500000 1.539027 1.761628 
0.092000 50.399998 1.539027 1.761628 
0.092000 51.299999 1.539027 1.761628 
0.092000 52.199997 1.539027 1.761628 
0.092000 53.099998 1.539027 1.761628 
0.092000 54.000000 1.539027 1.761628 
0.092000 54.899998 1.539027 1.761628 
0.092000 55.799999 1.539027 1.761628 
0.092000 56.699997 1.539027 1.761628 
0.092000 57.599998 1.539027 1.761628 
0.092000 58.500000 1.539027 1.761628 
0.092000 59.399998 1.539027 1.761628 
0.092000 60.299999 1.539027 1.761628 
0.092000 61.199997 1.539027 1.761628 
0.092000 62.099998 1.539027 1.761628 
0.092000 63.000000 1.539027 1.761628 
0.092000 63.899998 1.539027 1.761628 
0.092000 64.799995 1.539027 1.761628 
0.092000 65.699997 1.539027 1.761628 
0.092000 66.599998 1.539027 1.761628 
0.092000 67.500000 1.539027 1.761628 
0.092000 68.400002 1.539027 1.761628 
0.092000 69.299995 1.539027 1.761628 
0.092000 70.199997 1.539027 1.761628 
0.092000 71.099998 1.539027 1.761628 
0.092000 72.000000 1.539027 1.761628 
0.092000 72.900002 1.539027 1.761628 
0.092000 73.799995 1.539027 1.761628 
0.092000 74.699997 1.539027 1.761628 
0.092000 75.599998 1.539027 1.761628 
0.092000 76.500000 1.539027 1.761628 
0.092000 77.400002 1.539027 1.761628 
0.092000 78.299995 1.539027 1.761628 
0.092000 79.199997 1.539027 1.761628 
0.092000 80.099998 1.539027 1.761628 
0.092000 81.000000 1.539027 1.761628 
0.092000 81.900002 1.539027 1.761628 
0.092000 82.799995 1.539027 1.761628 
0.092000 83.699997 1.539027 1.761628 
0.092000 84.599998 1.539027 1.761628 
0.092000 85.500000 1.539027 1.761628 
0.092000 86.399994 1.539027 1.761628 
0.092000 87.299995 1.539027 1.761628 
0.092000 88.199997 1.539027 1.761628 
0.092000 89.099998 1.539027 1.761628 
0.092000 90.000000 1.539027 1.761628 
0.092000 90.899994 1.539027 1.761628 
0.092000 91.799995 1.539027 1.761628 
0.092000 92.699997 1.539027 1.761628 
0.092000 93.599998 1.539027 1.761628 
0.092000 94.500000 1.539027 1.761628 
0.092000 95.399994 1.539027 1.761628 
0.092000 96.299995 1.539027 1.761628 
0.092000 97.199997 1.539027 1.761628 
0.092000 98.099998 1.539027 1.761628 
0.092000 99.000000 1.539027 1.761628 
0.092000 99.899994 1.539027 1.761628 
0.092000 100.799995 1.539027 1.761628 
0.092000 101.699997 1.539027 1.761628 
0.092000 102.599998 1.539027 1.761628 
0.092000 103.500000 1.539027 1.761628 
0.092000 104.399994 1.539027 1.761628 
0.092000 105.299995 1.539027 1.761628 
0.092000 106.199997 1.539027 1.761628 
0.092000 107.099998 1.539027 1.761628 
0.092000 108.000000 1.539027 1.761628 
0.092000 108.899994 1.539027 1.761628 
0.092000 109.799995 1.539027 1.761628 
0.092000 110.699997 1.539027 1.761628 
0.092000 111.599998 1.539027 1.761628 
0.092000 112.500000 1.539027 1.761628 
0.092000 113.399994 1.539027 1.761628 
0.092000 114.299995 1.539027 1.761628 
0.092000 115.199997 1.539027 1.761628 
0.092000 116.099998 1.539027 1.761628 
0.092000 117.000000 1.539027 1.761628 
0.092000 117.899994 1.539027 1.761628 
0.092000 118.799995 1.539027 1.761628 
0.092000 119.699997 1.539027 1.761628 
0.092000 120.599998 1.539027 1.761628 
0.092000 121.500000 1.539027 1.761628 
0.092000 122.399994 1.539027 1.761628 
0.092000 123.299995 1.539027 1.761628 
0.092000 124.199997 1.539027 1.761628 
0.092000 125.099998 1.539027 1.761628 
0.092000 126.000000 1.539027 1.761628 
0.092000 126.899994 1.539027 1.761628 
0.092000 127.799995 1.539027 1.761628 
0.092000 128.699997 1.539027 1.761628 
0.092000 129.599991 1.539027 1.761628 
0.092000 130.500000 1.539027 1.761628 
0.092000 131.399994 1.539027 1.761628 
0.092000 132.300003 1.539027 1.761628 
0.092000 133.199997 1.539027 1.761628 
0.092000 134.099991 1.539027 1.761628 
0.092000 135.000000 1.539027 1.761628 
0.092000 135.899994 1.539027 1.761628 
0.092000 136.800003 1.539027 1.761628 
0.092000 137.699997 1.539027 1.761628 
0.092000 138.599991 1.539027 1.761628 
0.092000 139.500000 1.539027 1.761628 
0.092000 140.399994 1.539027 1.761628 
0.092000 141.300003 1.539027 1.761628 
0.092000 142.199997 1.539027 1.761628 
0.092000 143.099991 1.539027 1.761628 
0.092000 144.000000 1.539027 1.761628 
0.092000 144.899994 1.539027 1.761628 
0.092000 145.800003 1.539027 1.761628 
0.092000 146.699997 1.539027 1.761628 
0.092000 147.599991 1.539027 1.761628 
0.092000 148.500000 1.539027 1.761628 
0.092000 149.399994 1.539027 1.761628 
0.092000 150.300003 1.539027 1.761628 
0.092000 151.199997 1.539027 1.761628 
0.092000 152.099991 1.539027 1.761628 
0.092000 153.000000 1.539027 1.761628 
0.092000 153.899994 1.539027 1.761628 
0.092000 154.800003 1.539027 1.761628 
0.092000 155.699997 1.539027 1.761628 
0.092000 156.599991 1.539027 1.761628 
0.092000 157.500000 1.539027 1.761628 
0.092000 158.399994 1.539027 1.761628 
0.092000 159.300003 1.539027 1.761628 
0.092000 160.199997 1.539027 1.761628 
0.092000 161.099991 1.539027 1.761628 
0.092000 162.000000 1.539027 1.761628 
0.092000 162.899994 1.539027 1.761628 
0.092000 163.800003 1.539027 1.761628 
0.092000 164.699997 1.539027 1.761628 
0.092000 165.599991 1.539027 1.761628 
0.092000 166.500000 1.539027 1.761628 
0.092000 167.399994 1.539027 1.761628 
0.092000 168.300003 1.539027 1.761628 
0.092000 169.199997 1.539027 1.761628 
0.092000 170.099991 1.539027 1.761628 
0.092000 171.000000 1.539027 1.761628 
0.092000 171.899994 1.539027 1.761628 
0.092000 172.799988 1.539027 1.761628 
0.092000 173.699997 1.539027 1.761628 
0.092000 174.599991 1.539027 1.761628 
0.092000 175.500000 1.539027 1.761628 
0.092000 176.399994 1.539027 1.761628 
0.092000 177.299988 1.539027 1.761628 
0.092000 178.199997 1.539027 1.761628 
0.092000 179.099991 1.539027 1.761628 
0.092000 180.000000 1.539027 1.761628 
0.092000 180.899994 1.539027 1.761628 
0.092000 181.799988 1.539027 1.761628 
0.092000 182.699997 1.539027 1.761628 
0.092000 183.599991 1.539027 1.761628 
0.092000 184.500000 1.539027 1.761628 
0.092000 185.399994 1.539027 1.761628 
0.092000 186.299988 1.539027 1.761628 
0.092000 187.199997 1.539027 1.761628 
0.092000 188.099991 1.539027 1.761628 
0.092000 189.000000 1.539027 1.761628 
0.092000 189.899994 1.539027 1.761628 
0.092000 190.799988 1.539027 1.761628 
0.092000 191.699997 1.539027 1.761628 
0.092000 192.599991 1.539027 1.761628 
0.092000 193.500000 1.539027 1.761628 
0.092000 194.399994 1.539027 1.761628 
0.092000 195.299988 1.539027 1.761628 
0.092000 196.199997 1.539027 1.761628 
0.092000 197.099991 1.539027 1.761628 
0.092000 198.000000 1.539027 1.761628 
0.092000 198.899994 1.539027 1.761628 
0.092000 199.799988 1.539027 1.761628 
0.092000 200.699997 1.539027 1.761628 
0.092000 201.599991 1.539027 1.761628 
0.092000 202.500000 1.539027 1.761628 
0.092000 203.399994 1.539027 1.761628 
0.092000 204.299988 1.539027 1.761628 
0.092000 205.199997 1.539027 1.761628 
0.092000 206.099991 1.539027 1.761628 
0.092000 207.000000 1.539027 1.761628 
0.092000 207.899994 1.539027 1.761628 
0.092000 208.799988 1.539027 1.761628 
0.092000 209.699997 1.539027 1.761628 
0.092000 210.599991 1.539027 1.761628 
0.092000 211.500000 1.539027 1.761628 
0.092000 212.399994 1.539027 1.761628 
0.092000 213.299988 1.539027 1.761628 
0.092000 214.199997 1.539027 1.761628 
0.092000 215.099991 1.539027 1.761628 
0.092000 216.000000 1.539027 1.761628 
0.092000 216.899994 1.539027 1.761628 
0.092000 217.799988 1.539027 1.761628 
0.092000 218.699997 1.539027 1.761628 
0.092000 219.599991 1.539027 1.761628 
0.092000 220.500000 1.539027 1.761628 
0.092000 221.399994 1.539027 1.761628 
0.092000 222.299988 1.539027 1.761628 
0.092000 223.199997 1.539027 1.761628 
0.092000 224.099991 1.539027 1.761628 
0.092000 225.000000 1.539027 1.761628 
0.092000 225.899994 1.539027 1.761628 
0.092000 226.799988 1.539027 1.761628 
0.092000 227.699997 1.539027 1.761628 
0.092000 228.599991 1.539027 1.761627 
0.092000 229.500000 1.539024 1.761627 
