0.472000 0.000000 1.889684 1.126695 
0.472000 0.900000 1.889649 1.126695 
0.472000 1.800000 1.889665 1.126695 
0.472000 2.700000 1.889668 1.126695 
0.472000 3.600000 1.889671 1.126696 
0.472000 4.500000 1.889673 1.126697 
0.472000 5.400000 1.889674 1.126697 
0.472000 6.300000 1.889675 1.126697 
0.472000 7.200000 1.889675 1.126697 
0.472000 8.099999 1.889676 1.126697 
0.472000 9.000000 1.889676 1.126697 
0.472000 9.900000 1.889676 1.126697 
0.472000 10.799999 1.889676 1.126697 
0.472000 11.700000 1.889676 1.126697 
0.472000 12.599999 1.889676 1.126697 
0.472000 13.500000 1.889676 1.126697 
0.472000 14.400000 1.889676 1.126697 
0.472000 15.299999 1.889676 1.126698 
0.472000 16.199999 1.889676 1.126698 
0.472000 17.100000 1.889676 1.126698 
0.472000 18.000000 1.889676 1.126698 
0.472000 18.900000 1.889676 1.126698 
0.472000 19.799999 1.889676 1.126698 
0.472000 20.699999 1.889676 1.126698 
0.472000 21.599998 1.889676 1.126698 
0.472000 22.500000 1.889676 1.126698 
0.472000 23.400000 1.889676 1.126698 
0.472000 24.299999 1.889676 1.126698 
0.472000 25.199999 1.889676 1.126698 
0.472000 26.099998 1.889676 1.126698 
0.472000 27.000000 1.889676 1.126698 
0.472000 27.900000 1.889676 1.126698 
0.472000 28.799999 1.889676 1.126698 
0.472000 29.699999 1.889676 1.126698 
0.472000 30.599998 1.889676 1.126698 
0.472000 31.500000 1.889676 1.126698 
0.472000 32.399998 1.889676 1.126698 
0.472000 33.299999 1.889676 1.126698 
0.472000 34.200001 1.889676 1.126698 
0.472000 35.099998 1.889676 1.126698 
0.472000 36.000000 1.889676 1.126698 
0.472000 36.899998 1.889676 1.126698 
0.472000 37.799999 1.889676 1.126698 
0.472000 38.700001 1.889676 1.126698 
0.472000 39.599998 1.889676 1.126698 
0.472000 40.500000 1.889676 1.126698 
0.472000 41.399998 1.889676 1.126698 
0.472000 42.299999 1.889676 1.126698 
0.472000 43.199997 1.889676 1.126698 
0.472000 44.099998 1.889676 1.126698 
0.472000 45.000000 1.889676 1.126698 
0.472000 45.899998 1.889676 1.126698 
0.472000 46.799999 1.889676 1.126698 
0.472000 47.699997 1.889676 1.126698 
0.472000 48.599998 1.889676 1.126698 
0.472000 49.500000 1.889676 1.126698 
0.472000 50.399998 1.889676 1.126698 
0.472000 51.299999 1.889676 1.126698 
0.472000 52.199997 1.889676 1.126698 
0.472000 53.099998 1.889676 1.126698 
0.472000 54.000000 1.889676 1.126698 
0.472000 54.899998 1.889676 1.126698 
0.472000 55.799999 1.889676 1.126698 
0.472000 56.699997 1.889676 1.126698 
0.472000 57.599998 1.889676 1.126698 
0.472000 58.500000 1.889676 1.126698 
0.472000 59.399998 1.889676 1.126698 
0.472000 60.299999 1.889676 1.126698 
0.472000 61.199997 1.889676 1.126698 
0.472000 62.099998 1.889676 1.126698 
0.472000 63.000000 1.889676 1.126698 
0.472000 63.899998 1.889676 1.126698 
0.472000 64.799995 1.889676 1.126698 
0.472000 65.699997 1.889676 1.126698 
0.472000 66.599998 1.889676 1.126698 
0.472000 67.500000 1.889676 1.126698 
0.472000 68.400002 1.889676 1.126698 
0.472000 69.299995 1.889676 1.126698 
0.472000 70.199997 1.889676 1.126698 
0.472000 71.099998 1.889676 1.126698 
0.472000 72.000000 1.889676 1.126698 
0.472000 72.900002 1.889676 1.126698 
0.472000 73.799995 1.889676 1.126698 
0.472000 74.699997 1.889676 1.126698 
0.472000 75.599998 1.889676 1.126698 
0.472000 76.500000 1.889676 1.126698 
0.472000 77.400002 1.889676 1.126698 
0.472000 78.299995 1.889676 1.126698 
0.472000 79.199997 1.889676 1.126698 
0.472000 80.099998 1.889676 1.126698 
0.472000 81.000000 1.889676 1.126698 
0.472000 81.900002 1.889676 1.126698 
0.472000 82.799995 1.889676 1.126698 
0.472000 83.699997 1.889676 1.126698 
0.472000 84.599998 1.889676 1.126698 
0.472000 85.500000 1.889676 1.126698 
0.472000 86.399994 1.889676 1.126698 
0.472000 87.299995 1.889676 1.126698 
0.472000 88.199997 1.889676 1.126698 
0.472000 89.099998 1.889676 1.126698 
0.472000 90.000000 1.889676 1.126698 
0.472000 90.899994 1.889676 1.126698 
0.472000 91.799995 1.889676 1.126698 
0.472000 92.699997 1.889676 1.126698 
0.472000 93.599998 1.889676 1.126698 
0.472000 94.500000 1.889676 1.126698 
0.472000 95.399994 1.889676 1.126698 
0.472000 96.299995 1.889676 1.126698 
0.472000 97.199997 1.889676 1.126698 
0.472000 98.099998 1.889676 1.126698 
0.472000 99.000000 1.889676 1.126698 
0.472000 99.899994 1.889676 1.126698 
0.472000 100.799995 1.889676 1.126698 
0.472000 101.699997 1.889676 1.126698 
0.472000 102.599998 1.889676 1.126698 
0.472000 103.500000 1.889676 1.126698 
0.472000 104.399994 1.889676 1.126698 
0.472000 105.299995 1.889676 1.126698 
0.472000 106.199997 1.889676 1.126698 
0.472000 107.099998 1.889676 1.126698 
0.472000 108.000000 1.889676 1.126698 
0.472000 108.899994 1.889676 1.126698 
0.472000 109.799995 1.889676 1.126698 
0.472000 110.699997 1.889676 1.126698 
0.472000 111.599998 1.889676 1.126698 
0.472000 112.500000 1.889676 1.126698 
0.472000 113.399994 1.889676 1.126698 
0.472000 114.299995 1.889676 1.126698 
0.472000 115.199997 1.889676 1.126698 
0.472000 116.099998 1.889676 1.126698 
0.472000 117.000000 1.889676 1.126698 
0.472000 117.899994 1.889676 1.126698 
0.472000 118.799995 1.889676 1.126698 
0.472000 119.699997 1.889676 1.126698 
0.472000 120.599998 1.889676 1.126698 
0.472000 121.500000 1.889676 1.126698 
0.472000 122.399994 1.889676 1.126698 
0.472000 123.299995 1.889676 1.126698 
0.472000 124.199997 1.889676 1.126698 
0.472000 125.099998 1.889676 1.126698 
0.472000 126.000000 1.889676 1.126698 
0.472000 126.899994 1.889676 1.126698 
0.472000 127.799995 1.889676 1.126698 
0.472000 128.699997 1.889676 1.126698 
0.472000 129.599991 1.889676 1.126698 
0.472000 130.500000 1.889676 1.126698 
0.472000 131.399994 1.889676 1.126698 
0.472000 132.300003 1.889676 1.126698 
0.472000 133.199997 1.889676 1.126698 
0.472000 134.099991 1.889676 1.126698 
0.472000 135.000000 1.889676 1.126698 
0.472000 135.899994 1.889676 1.126698 
0.472000 136.800003 1.889676 1.126698 
0.472000 137.699997 1.889676 1.126698 
0.472000 138.599991 1.889676 1.126698 
0.472000 139.500000 1.889676 1.126698 
0.472000 140.399994 1.889676 1.126698 
0.472000 141.300003 1.889676 1.126698 
0.472000 142.199997 1.889676 1.126698 
0.472000 143.099991 1.889676 1.126698 
0.472000 144.000000 1.889676 1.126698 
0.472000 144.899994 1.889676 1.126698 
0.472000 145.800003 1.889676 1.126698 
0.472000 146.699997 1.889676 1.126698 
0.472000 147.599991 1.889676 1.126698 
0.472000 148.500000 1.889676 1.126698 
0.472000 149.399994 1.889676 1.126698 
0.472000 150.300003 1.889676 1.126698 
0.472000 151.199997 1.889676 1.126698 
0.472000 152.099991 1.889676 1.126698 
0.472000 153.000000 1.889676 1.126698 
0.472000 153.899994 1.889676 1.126698 
0.472000 154.800003 1.889676 1.126698 
0.472000 155.699997 1.889676 1.126698 
0.472000 156.599991 1.889676 1.126698 
0.472000 157.500000 1.889676 1.126698 
0.472000 158.399994 1.889676 1.126698 
0.472000 159.300003 1.889676 1.126698 
0.472000 160.199997 1.889676 1.126698 
0.472000 161.099991 1.889676 1.126698 
0.472000 162.000000 1.889676 1.126698 
0.472000 162.899994 1.889676 1.126698 
0.472000 163.800003 1.889676 1.126698 
0.472000 164.699997 1.889676 1.126698 
0.472000 165.599991 1.889676 1.126698 
0.472000 166.500000 1.889676 1.126698 
0.472000 167.399994 1.889676 1.126698 
0.472000 168.300003 1.889676 1.126698 
0.472000 169.199997 1.889676 1.126698 
0.472000 170.099991 1.889676 1.126698 
0.472000 171.000000 1.889676 1.126698 
0.472000 171.899994 1.889676 1.126698 
0.472000 172.799988 1.889676 1.126698 
0.472000 173.699997 1.889676 1.126698 
0.472000 174.599991 1.889676 1.126698 
0.472000 175.500000 1.889676 1.126698 
0.472000 176.399994 1.889676 1.126698 
0.472000 177.299988 1.889676 1.126698 
0.472000 178.199997 1.889676 1.126698 
0.472000 179.099991 1.889676 1.126698 
0.472000 180.000000 1.889676 1.126698 
0.472000 180.899994 1.889676 1.126698 
0.472000 181.799988 1.889676 1.126698 
0.472000 182.699997 1.889676 1.126698 
0.472000 183.599991 1.889676 1.126698 
0.472000 184.500000 1.889676 1.126698 
0.472000 185.399994 1.889676 1.126698 
0.472000 186.299988 1.889676 1.126698 
0.472000 187.199997 1.889676 1.126698 
0.472000 188.099991 1.889676 1.126698 
0.472000 189.000000 1.889676 1.126698 
0.472000 189.899994 1.889676 1.126698 
0.472000 190.799988 1.889676 1.126698 
0.472000 191.699997 1.889676 1.126698 
0.472000 192.599991 1.889676 1.126698 
0.472000 193.500000 1.889676 1.126698 
0.472000 194.399994 1.889676 1.126698 
0.472000 195.299988 1.889676 1.126698 
0.472000 196.199997 1.889676 1.126698 
0.472000 197.099991 1.889676 1.126698 
0.472000 198.000000 1.889676 1.126698 
0.472000 198.899994 1.889676 1.126698 
0.472000 199.799988 1.889676 1.126698 
0.472000 200.699997 1.889676 1.126698 
0.472000 201.599991 1.889676 1.126698 
0.472000 202.500000 1.889676 1.126698 
0.472000 203.399994 1.889676 1.126698 
0.472000 204.299988 1.889676 1.126698 
0.472000 205.199997 1.889676 1.126698 
0.472000 206.099991 1.889676 1.126698 
0.472000 207.000000 1.889676 1.126698 
0.472000 207.899994 1.889676 1.126698 
0.472000 208.799988 1.889676 1.126698 
0.472000 209.699997 1.889676 1.126698 
0.472000 210.599991 1.889676 1.126698 
0.472000 211.500000 1.889676 1.126698 
0.472000 212.399994 1.889676 1.126698 
0.472000 213.299988 1.889676 1.126698 
0.472000 214.199997 1.889676 1.126698 
0.472000 215.099991 1.889676 1.126698 
0.472000 216.000000 1.889676 1.126698 
0.472000 216.899994 1.889676 1.126698 
0.472000 217.799988 1.889676 1.126698 
0.472000 218.699997 1.889676 1.126698 
0.472000 219.599991 1.889676 1.126698 
0.472000 220.500000 1.889676 1.126698 
0.472000 221.399994 1.889676 1.126698 
0.472000 222.299988 1.889676 1.126698 
0.472000 223.199997 1.889676 1.126698 
0.472000 224.099991 1.889676 1.126698 
0.472000 225.000000 1.889676 1.126698 
0.472000 225.899994 1.889676 1.126698 
0.472000 226.799988 1.889676 1.126698 
0.472000 227.699997 1.889675 1.126698 
0.472000 228.599991 1.889673 1.126698 
0.472000 229.500000 1.889654 1.126698 
