0.655000 0.000000 1.887701 0.964437 
0.655000 0.900000 1.887655 0.964437 
0.655000 1.800000 1.887675 0.964437 
0.655000 2.700000 1.887680 0.964437 
0.655000 3.600000 1.887686 0.964438 
0.655000 4.500000 1.887688 0.964438 
0.655000 5.400000 1.887690 0.964438 
0.655000 6.300000 1.887691 0.964437 
0.655000 7.200000 1.887692 0.964437 
0.655000 8.099999 1.887693 0.964437 
0.655000 9.000000 1.887693 0.964437 
0.655000 9.900000 1.887693 0.964437 
0.655000 10.799999 1.887693 0.964437 
0.655000 11.700000 1.887693 0.964437 
0.655000 12.599999 1.887693 0.964437 
0.655000 13.500000 1.887693 0.964437 
0.655000 14.400000 1.887693 0.964437 
0.655000 15.299999 1.887693 0.964437 
0.655000 16.199999 1.887693 0.964437 
0.655000 17.100000 1.887693 0.964437 
0.655000 18.000000 1.887693 0.964437 
0.655000 18.900000 1.887693 0.964437 
0.655000 19.799999 1.887693 0.964437 
0.655000 20.699999 1.887693 0.964437 
0.655000 21.599998 1.887693 0.964437 
0.655000 22.500000 1.887693 0.964437 
0.655000 23.400000 1.887693 0.964437 
0.655000 24.299999 1.887693 0.964437 
0.655000 25.199999 1.887693 0.964437 
0.655000 26.099998 1.887693 0.964437 
0.655000 27.000000 1.887693 0.964437 
0.655000 27.900000 1.887693 0.964437 
0.655000 28.799999 1.887693 0.964437 
0.655000 29.699999 1.887693 0.964437 
0.655000 30.599998 1.887693 0.964437 
0.655000 31.500000 1.887693 0.964437 
0.655000 32.399998 1.887693 0.964437 
0.655000 33.299999 1.887693 0.964437 
0.655000 34.200001 1.887693 0.964437 
0.655000 35.099998 1.887693 0.964437 
0.655000 36.000000 1.887693 0.964437 
0.655000 36.899998 1.887693 0.964437 
0.655000 37.799999 1.887693 0.964437 
0.655000 38.700001 1.887693 0.964437 
0.655000 39.599998 1.887693 0.964437 
0.655000 40.500000 1.887693 0.964437 
0.655000 41.399998 1.887693 0.964437 
0.655000 42.299999 1.887693 0.964437 
0.655000 43.199997 1.887693 0.964437 
0.655000 44.099998 1.887693 0.964437 
0.655000 45.000000 1.887693 0.964437 
0.655000 45.899998 1.887693 0.964437 
0.655000 46.799999 1.887693 0.964437 
0.655000 47.699997 1.887693 0.964437 
0.655000 48.599998 1.887693 0.964437 
0.655000 49.500000 1.887693 0.964437 
0.655000 50.399998 1.887693 0.964437 
0.655000 51.299999 1.887693 0.964437 
0.655000 52.199997 1.887693 0.964437 
0.655000 53.099998 1.887693 0.964437 
0.655000 54.000000 1.887693 0.964437 
0.655000 54.899998 1.887693 0.964437 
0.655000 55.799999 1.887693 0.964437 
0.655000 56.699997 1.887693 0.964437 
0.655000 57.599998 1.887693 0.964437 
0.655000 58.500000 1.887693 0.964437 
0.655000 59.399998 1.887693 0.964437 
0.655000 60.299999 1.887693 0.964437 
0.655000 61.199997 1.887693 0.964437 
0.655000 62.099998 1.887693 0.964437 
0.655000 63.000000 1.887693 0.964437 
0.655000 63.899998 1.887693 0.964437 
0.655000 64.799995 1.887693 0.964437 
0.655000 65.699997 1.887693 0.964437 
0.655000 66.599998 1.887693 0.964437 
0.655000 67.500000 1.887693 0.964437 
0.655000 68.400002 1.887693 0.964437 
0.655000 69.299995 1.887693 0.964437 
0.655000 70.199997 1.887693 0.964437 
0.655000 71.099998 1.887693 0.964437 
0.655000 72.000000 1.887693 0.964437 
0.655000 72.900002 1.887693 0.964437 
0.655000 73.799995 1.887693 0.964437 
0.655000 74.699997 1.887693 0.964437 
0.655000 75.599998 1.887693 0.964437 
0.655000 76.500000 1.887693 0.964437 
0.655000 77.400002 1.887693 0.964437 
0.655000 78.299995 1.887693 0.964437 
0.655000 79.199997 1.887693 0.964437 
0.655000 80.099998 1.887693 0.964437 
0.655000 81.000000 1.887693 0.964437 
0.655000 81.900002 1.887693 0.964437 
0.655000 82.799995 1.887693 0.964437 
0.655000 83.699997 1.887693 0.964437 
0.655000 84.599998 1.887693 0.964437 
0.655000 85.500000 1.887693 0.964437 
0.655000 86.399994 1.887693 0.964437 
0.655000 87.299995 1.887693 0.964437 
0.655000 88.199997 1.887693 0.964437 
0.655000 89.099998 1.887693 0.964437 
0.655000 90.000000 1.887693 0.964437 
0.655000 90.899994 1.887693 0.964437 
0.655000 91.799995 1.887693 0.964437 
0.655000 92.699997 1.887693 0.964437 
0.655000 93.599998 1.887693 0.964437 
0.655000 94.500000 1.887693 0.964437 
0.655000 95.399994 1.887693 0.964437 
0.655000 96.299995 1.887693 0.964437 
0.655000 97.199997 1.887693 0.964437 
0.655000 98.099998 1.887693 0.964437 
0.655000 99.000000 1.887693 0.964437 
0.655000 99.899994 1.887693 0.964437 
0.655000 100.799995 1.887693 0.964437 
0.655000 101.699997 1.887693 0.964437 
0.655000 102.599998 1.887693 0.964437 
0.655000 103.500000 1.887693 0.964437 
0.655000 104.399994 1.887693 0.964437 
0.655000 105.299995 1.887693 0.964437 
0.655000 106.199997 1.887693 0.964437 
0.655000 107.099998 1.887693 0.964437 
0.655000 108.000000 1.887693 0.964437 
0.655000 108.899994 1.887693 0.964437 
0.655000 109.799995 1.887693 0.964437 
0.655000 110.699997 1.887693 0.964437 
0.655000 111.599998 1.887693 0.964437 
0.655000 112.500000 1.887693 0.964437 
0.655000 113.399994 1.887693 0.964437 
0.655000 114.299995 1.887693 0.964437 
0.655000 115.199997 1.887693 0.964437 
0.655000 116.099998 1.887693 0.964437 
0.655000 117.000000 1.887693 0.964437 
0.655000 117.899994 1.887693 0.964437 
0.655000 118.799995 1.887693 0.964437 
0.655000 119.699997 1.887693 0.964437 
0.655000 120.599998 1.887693 0.964437 
0.655000 121.500000 1.887693 0.964437 
0.655000 122.399994 1.887693 0.964437 
0.655000 123.299995 1.887693 0.964437 
0.655000 124.199997 1.887693 0.964437 
0.655000 125.099998 1.887693 0.964437 
0.655000 126.000000 1.887693 0.964437 
0.655000 126.899994 1.887693 0.964437 
0.655000 127.799995 1.887693 0.964437 
0.655000 128.699997 1.887693 0.964437 
0.655000 129.599991 1.887693 0.964437 
0.655000 130.500000 1.887693 0.964437 
0.655000 131.399994 1.887693 0.964437 
0.655000 132.300003 1.887693 0.964437 
0.655000 133.199997 1.887693 0.964437 
0.655000 134.099991 1.887693 0.964437 
0.655000 135.000000 1.887693 0.964437 
0.655000 135.899994 1.887693 0.964437 
0.655000 136.800003 1.887693 0.964437 
0.655000 137.699997 1.887693 0.964437 
0.655000 138.599991 1.887693 0.964437 
0.655000 139.500000 1.887693 0.964437 
0.655000 140.399994 1.887693 0.964437 
0.655000 141.300003 1.887693 0.964437 
0.655000 142.199997 1.887693 0.964437 
0.655000 143.099991 1.887693 0.964437 
0.655000 144.000000 1.887693 0.964437 
0.655000 144.899994 1.887693 0.964437 
0.655000 145.800003 1.887693 0.964437 
0.655000 146.699997 1.887693 0.964437 
0.655000 147.599991 1.887693 0.964437 
0.655000 148.500000 1.887693 0.964437 
0.655000 149.399994 1.887693 0.964437 
0.655000 150.300003 1.887693 0.964437 
0.655000 151.199997 1.887693 0.964437 
0.655000 152.099991 1.887693 0.964437 
0.655000 153.000000 1.887693 0.964437 
0.655000 153.899994 1.887693 0.964437 
0.655000 154.800003 1.887693 0.964437 
0.655000 155.699997 1.887693 0.964437 
0.655000 156.599991 1.887693 0.964437 
0.655000 157.500000 1.887693 0.964437 
0.655000 158.399994 1.887693 0.964437 
0.655000 159.300003 1.887693 0.964437 
0.655000 160.199997 1.887693 0.964437 
0.655000 161.099991 1.887693 0.964437 
0.655000 162.000000 1.887693 0.964437 
0.655000 162.899994 1.887693 0.964437 
0.655000 163.800003 1.887693 0.964437 
0.655000 164.699997 1.887693 0.964437 
0.655000 165.599991 1.887693 0.964437 
0.655000 166.500000 1.887693 0.964437 
0.655000 167.399994 1.887693 0.964437 
0.655000 168.300003 1.887693 0.964437 
0.655000 169.199997 1.887693 0.964437 
0.655000 170.099991 1.887693 0.964437 
0.655000 171.000000 1.887693 0.964437 
0.655000 171.899994 1.887693 0.964437 
0.655000 172.799988 1.887693 0.964437 
0.655000 173.699997 1.887693 0.964437 
0.655000 174.599991 1.887693 0.964437 
0.655000 175.500000 1.887693 0.964437 
0.655000 176.399994 1.887693 0.964437 
0.655000 177.299988 1.887693 0.964437 
0.655000 178.199997 1.887693 0.964437 
0.655000 179.099991 1.887693 0.964437 
0.655000 180.000000 1.887693 0.964437 
0.655000 180.899994 1.887693 0.964437 
0.655000 181.799988 1.887693 0.964437 
0.655000 182.699997 1.887693 0.964437 
0.655000 183.599991 1.887693 0.964437 
0.655000 184.500000 1.887693 0.964437 
0.655000 185.399994 1.887693 0.964437 
0.655000 186.299988 1.887693 0.964437 
0.655000 187.199997 1.887693 0.964437 
0.655000 188.099991 1.887693 0.964437 
0.655000 189.000000 1.887693 0.964437 
0.655000 189.899994 1.887693 0.964437 
0.655000 190.799988 1.887693 0.964437 
0.655000 191.699997 1.887693 0.964437 
0.655000 192.599991 1.887693 0.964437 
0.655000 193.500000 1.887693 0.964437 
0.655000 194.399994 1.887693 0.964437 
0.655000 195.299988 1.887693 0.964437 
0.655000 196.199997 1.887693 0.964437 
0.655000 197.099991 1.887693 0.964437 
0.655000 198.000000 1.887693 0.964437 
0.655000 198.899994 1.887693 0.964437 
0.655000 199.799988 1.887693 0.964437 
0.655000 200.699997 1.887693 0.964437 
0.655000 201.599991 1.887693 0.964437 
0.655000 202.500000 1.887693 0.964437 
0.655000 203.399994 1.887693 0.964437 
0.655000 204.299988 1.887693 0.964437 
0.655000 205.199997 1.887693 0.964437 
0.655000 206.099991 1.887693 0.964437 
0.655000 207.000000 1.887693 0.964437 
0.655000 207.899994 1.887693 0.964437 
0.655000 208.799988 1.887693 0.964437 
0.655000 209.699997 1.887693 0.964437 
0.655000 210.599991 1.887693 0.964437 
0.655000 211.500000 1.887693 0.964437 
0.655000 212.399994 1.887693 0.964437 
0.655000 213.299988 1.887693 0.964437 
0.655000 214.199997 1.887693 0.964437 
0.655000 215.099991 1.887693 0.964437 
0.655000 216.000000 1.887693 0.964437 
0.655000 216.899994 1.887693 0.964437 
0.655000 217.799988 1.887693 0.964437 
0.655000 218.699997 1.887693 0.964437 
0.655000 219.599991 1.887693 0.964437 
0.655000 220.500000 1.887693 0.964437 
0.655000 221.399994 1.887693 0.964437 
0.655000 222.299988 1.887693 0.964437 
0.655000 223.199997 1.887693 0.964437 
0.655000 224.099991 1.887693 0.964438 
0.655000 225.000000 1.887693 0.964438 
0.655000 225.899994 1.887694 0.964438 
0.655000 226.799988 1.887694 0.964438 
0.655000 227.699997 1.887693 0.964438 
0.655000 228.599991 1.887687 0.964439 
0.655000 229.500000 1.887660 0.964439 
