0.044000 0.000000 1.475020 1.849964 
0.044000 0.900000 1.475017 1.849964 
0.044000 1.800000 1.475018 1.849964 
0.044000 2.700000 1.475018 1.849965 
0.044000 3.600000 1.475018 1.849966 
0.044000 4.500000 1.475018 1.849966 
0.044000 5.400000 1.475018 1.849966 
0.044000 6.300000 1.475018 1.849966 
0.044000 7.200000 1.475018 1.849966 
0.044000 8.099999 1.475018 1.849967 
0.044000 9.000000 1.475018 1.849967 
0.044000 9.900000 1.475018 1.849967 
0.044000 10.799999 1.475018 1.849967 
0.044000 11.700000 1.475018 1.849967 
0.044000 12.599999 1.475018 1.849967 
0.044000 13.500000 1.475018 1.849967 
0.044000 14.400000 1.475018 1.849967 
0.044000 15.299999 1.475018 1.849967 
0.044000 16.199999 1.475018 1.849967 
0.044000 17.100000 1.475018 1.849967 
0.044000 18.000000 1.475018 1.849967 
0.044000 18.900000 1.475018 1.849967 
0.044000 19.799999 1.475018 1.849967 
0.044000 20.699999 1.475018 1.849967 
0.044000 21.599998 1.475018 1.849967 
0.044000 22.500000 1.475018 1.849967 
0.044000 23.400000 1.475018 1.849967 
0.044000 24.299999 1.475018 1.849967 
0.044000 25.199999 1.475018 1.849967 
0.044000 26.099998 1.475018 1.849967 
0.044000 27.000000 1.475018 1.849967 
0.044000 27.900000 1.475018 1.849967 
0.044000 28.799999 1.475018 1.849967 
0.044000 29.699999 1.475018 1.849967 
0.044000 30.599998 1.475018 1.849967 
0.044000 31.500000 1.475018 1.849967 
0.044000 32.399998 1.475018 1.849967 
0.044000 33.299999 1.475018 1.849967 
0.044000 34.200001 1.475018 1.849967 
0.044000 35.099998 1.475018 1.849967 
0.044000 36.000000 1.475018 1.849967 
0.044000 36.899998 1.475018 1.849967 
0.044000 37.799999 1.475018 1.849967 
0.044000 38.700001 1.475018 1.849967 
0.044000 39.599998 1.475018 1.849967 
0.044000 40.500000 1.475018 1.849967 
0.044000 41.399998 1.475018 1.849967 
0.044000 42.299999 1.475018 1.849967 
0.044000 43.199997 1.475018 1.849967 
0.044000 44.099998 1.475018 1.849967 
0.044000 45.000000 1.475018 1.849967 
0.044000 45.899998 1.475018 1.849967 
0.044000 46.799999 1.475018 1.849967 
0.044000 47.699997 1.475018 1.849967 
0.044000 48.599998 1.475018 1.849967 
0.044000 49.500000 1.475018 1.849967 
0.044000 50.399998 1.475018 1.849967 
0.044000 51.299999 1.475018 1.849967 
0.044000 52.199997 1.475018 1.849967 
0.044000 53.099998 1.475018 1.849967 
0.044000 54.000000 1.475018 1.849967 
0.044000 54.899998 1.475018 1.849967 
0.044000 55.799999 1.475018 1.849967 
0.044000 56.699997 1.475018 1.849967 
0.044000 57.599998 1.475018 1.849967 
0.044000 58.500000 1.475018 1.849967 
0.044000 59.399998 1.475018 1.849967 
0.044000 60.299999 1.475018 1.849967 
0.044000 61.199997 1.475018 1.849967 
0.044000 62.099998 1.475018 1.849967 
0.044000 63.000000 1.475018 1.849967 
0.044000 63.899998 1.475018 1.849967 
0.044000 64.799995 1.475018 1.849967 
0.044000 65.699997 1.475018 1.849967 
0.044000 66.599998 1.475018 1.849967 
0.044000 67.500000 1.475018 1.849967 
0.044000 68.400002 1.475018 1.849967 
0.044000 69.299995 1.475018 1.849967 
0.044000 70.199997 1.475018 1.849967 
0.044000 71.099998 1.475018 1.849967 
0.044000 72.000000 1.475018 1.849967 
0.044000 72.900002 1.475018 1.849967 
0.044000 73.799995 1.475018 1.849967 
0.044000 74.699997 1.475018 1.849967 
0.044000 75.599998 1.475018 1.849967 
0.044000 76.500000 1.475018 1.849967 
0.044000 77.400002 1.475018 1.849967 
0.044000 78.299995 1.475018 1.849967 
0.044000 79.199997 1.475018 1.849967 
0.044000 80.099998 1.475018 1.849967 
0.044000 81.000000 1.475018 1.849967 
0.044000 81.900002 1.475018 1.849967 
0.044000 82.799995 1.475018 1.849967 
0.044000 83.699997 1.475018 1.849967 
0.044000 84.599998 1.475018 1.849967 
0.044000 85.500000 1.475018 1.849967 
0.044000 86.399994 1.475018 1.849967 
0.044000 87.299995 1.475018 1.849967 
0.044000 88.199997 1.475018 1.849967 
0.044000 89.099998 1.475018 1.849967 
0.044000 90.000000 1.475018 1.849967 
0.044000 90.899994 1.475018 1.849967 
0.044000 91.799995 1.475018 1.849967 
0.044000 92.699997 1.475018 1.849967 
0.044000 93.599998 1.475018 1.849967 
0.044000 94.500000 1.475018 1.849967 
0.044000 95.399994 1.475018 1.849967 
0.044000 96.299995 1.475018 1.849967 
0.044000 97.199997 1.475018 1.849967 
0.044000 98.099998 1.475018 1.849967 
0.044000 99.000000 1.475018 1.849967 
0.044000 99.899994 1.475018 1.849967 
0.044000 100.799995 1.475018 1.849967 
0.044000 101.699997 1.475018 1.849967 
0.044000 102.599998 1.475018 1.849967 
0.044000 103.500000 1.475018 1.849967 
0.044000 104.399994 1.475018 1.849967 
0.044000 105.299995 1.475018 1.849967 
0.044000 106.199997 1.475018 1.849967 
0.044000 107.099998 1.475018 1.849967 
0.044000 108.000000 1.475018 1.849967 
0.044000 108.899994 1.475018 1.849967 
0.044000 109.799995 1.475018 1.849967 
0.044000 110.699997 1.475018 1.849967 
0.044000 111.599998 1.475018 1.849967 
0.044000 112.500000 1.475018 1.849967 
0.044000 113.399994 1.475018 1.849967 
0.044000 114.299995 1.475018 1.849967 
0.044000 115.199997 1.475018 1.849967 
0.044000 116.099998 1.475018 1.849967 
0.044000 117.000000 1.475018 1.849967 
0.044000 117.899994 1.475018 1.849967 
0.044000 118.799995 1.475018 1.849967 
0.044000 119.699997 1.475018 1.849967 
0.044000 120.599998 1.475018 1.849967 
0.044000 121.500000 1.475018 1.849967 
0.044000 122.399994 1.475018 1.849967 
0.044000 123.299995 1.475018 1.849967 
0.044000 124.199997 1.475018 1.849967 
0.044000 125.099998 1.475018 1.849967 
0.044000 126.000000 1.475018 1.849967 
0.044000 126.899994 1.475018 1.849967 
0.044000 127.799995 1.475018 1.849967 
0.044000 128.699997 1.475018 1.849967 
0.044000 129.599991 1.475018 1.849967 
0.044000 130.500000 1.475018 1.849967 
0.044000 131.399994 1.475018 1.849967 
0.044000 132.300003 1.475018 1.849967 
0.044000 133.199997 1.475018 1.849967 
0.044000 134.099991 1.475018 1.849967 
0.044000 135.000000 1.475018 1.849967 
0.044000 135.899994 1.475018 1.849967 
0.044000 136.800003 1.475018 1.849967 
0.044000 137.699997 1.475018 1.849967 
0.044000 138.599991 1.475018 1.849967 
0.044000 139.500000 1.475018 1.849967 
0.044000 140.399994 1.475018 1.849967 
0.044000 141.300003 1.475018 1.849967 
0.044000 142.199997 1.475018 1.849967 
0.044000 143.099991 1.475018 1.849967 
0.044000 144.000000 1.475018 1.849967 
0.044000 144.899994 1.475018 1.849967 
0.044000 145.800003 1.475018 1.849967 
0.044000 146.699997 1.475018 1.849967 
0.044000 147.599991 1.475018 1.849967 
0.044000 148.500000 1.475018 1.849967 
0.044000 149.399994 1.475018 1.849967 
0.044000 150.300003 1.475018 1.849967 
0.044000 151.199997 1.475018 1.849967 
0.044000 152.099991 1.475018 1.849967 
0.044000 153.000000 1.475018 1.849967 
0.044000 153.899994 1.475018 1.849967 
0.044000 154.800003 1.475018 1.849967 
0.044000 155.699997 1.475018 1.849967 
0.044000 156.599991 1.475018 1.849967 
0.044000 157.500000 1.475018 1.849967 
0.044000 158.399994 1.475018 1.849967 
0.044000 159.300003 1.475018 1.849967 
0.044000 160.199997 1.475018 1.849967 
0.044000 161.099991 1.475018 1.849967 
0.044000 162.000000 1.475018 1.849967 
0.044000 162.899994 1.475018 1.849967 
0.044000 163.800003 1.475018 1.849967 
0.044000 164.699997 1.475018 1.849967 
0.044000 165.599991 1.475018 1.849967 
0.044000 166.500000 1.475018 1.849967 
0.044000 167.399994 1.475018 1.849967 
0.044000 168.300003 1.475018 1.849967 
0.044000 169.199997 1.475018 1.849967 
0.044000 170.099991 1.475018 1.849967 
0.044000 171.000000 1.475018 1.849967 
0.044000 171.899994 1.475018 1.849967 
0.044000 172.799988 1.475018 1.849967 
0.044000 173.699997 1.475018 1.849967 
0.044000 174.599991 1.475018 1.849967 
0.044000 175.500000 1.475018 1.849967 
0.044000 176.399994 1.475018 1.849967 
0.044000 177.299988 1.475018 1.849967 
0.044000 178.199997 1.475018 1.849967 
0.044000 179.099991 1.475018 1.849967 
0.044000 180.000000 1.475018 1.849967 
0.044000 180.899994 1.475018 1.849967 
0.044000 181.799988 1.475018 1.849967 
0.044000 182.699997 1.475018 1.849967 
0.044000 183.599991 1.475018 1.849967 
0.044000 184.500000 1.475018 1.849967 
0.044000 185.399994 1.475018 1.849967 
0.044000 186.299988 1.475018 1.849967 
0.044000 187.199997 1.475018 1.849967 
0.044000 188.099991 1.475018 1.849967 
0.044000 189.000000 1.475018 1.849967 
0.044000 189.899994 1.475018 1.849967 
0.044000 190.799988 1.475018 1.849967 
0.044000 191.699997 1.475018 1.849967 
0.044000 192.599991 1.475018 1.849967 
0.044000 193.500000 1.475018 1.849967 
0.044000 194.399994 1.475018 1.849967 
0.044000 195.299988 1.475018 1.849967 
0.044000 196.199997 1.475018 1.849967 
0.044000 197.099991 1.475018 1.849967 
0.044000 198.000000 1.475018 1.849967 
0.044000 198.899994 1.475018 1.849967 
0.044000 199.799988 1.475018 1.849967 
0.044000 200.699997 1.475018 1.849967 
0.044000 201.599991 1.475018 1.849967 
0.044000 202.500000 1.475018 1.849967 
0.044000 203.399994 1.475018 1.849967 
0.044000 204.299988 1.475018 1.849967 
0.044000 205.199997 1.475018 1.849967 
0.044000 206.099991 1.475018 1.849967 
0.044000 207.000000 1.475018 1.849967 
0.044000 207.899994 1.475018 1.849967 
0.044000 208.799988 1.475018 1.849967 
0.044000 209.699997 1.475018 1.849967 
0.044000 210.599991 1.475018 1.849967 
0.044000 211.500000 1.475018 1.849967 
0.044000 212.399994 1.475018 1.849967 
0.044000 213.299988 1.475018 1.849967 
0.044000 214.199997 1.475018 1.849967 
0.044000 215.099991 1.475018 1.849967 
0.044000 216.000000 1.475018 1.849967 
0.044000 216.899994 1.475018 1.849967 
0.044000 217.799988 1.475018 1.849967 
0.044000 218.699997 1.475018 1.849967 
0.044000 219.599991 1.475018 1.849967 
0.044000 220.500000 1.475018 1.849967 
0.044000 221.399994 1.475018 1.849967 
0.044000 222.299988 1.475018 1.849967 
0.044000 223.199997 1.475018 1.849967 
0.044000 224.099991 1.475018 1.849967 
0.044000 225.000000 1.475018 1.849967 
0.044000 225.899994 1.475018 1.849967 
0.044000 226.799988 1.475018 1.849967 
0.044000 227.699997 1.475018 1.849967 
0.044000 228.599991 1.475018 1.849967 
0.044000 229.500000 1.475016 1.849966 
