0.504000 0.000000 1.897384 1.090397 
0.504000 0.900000 1.897346 1.090398 
0.504000 1.800000 1.897364 1.090398 
0.504000 2.700000 1.897367 1.090398 
0.504000 3.600000 1.897370 1.090398 
0.504000 4.500000 1.897373 1.090398 
0.504000 5.400000 1.897374 1.090398 
0.504000 6.300000 1.897375 1.090398 
0.504000 7.200000 1.897376 1.090398 
0.504000 8.099999 1.897376 1.090398 
0.504000 9.000000 1.897376 1.090398 
0.504000 9.900000 1.897376 1.090398 
0.504000 10.799999 1.897376 1.090398 
0.504000 11.700000 1.897376 1.090398 
0.504000 12.599999 1.897376 1.090399 
0.504000 13.500000 1.897376 1.090399 
0.504000 14.400000 1.897376 1.090399 
0.504000 15.299999 1.897377 1.090399 
0.504000 16.199999 1.897377 1.090399 
0.504000 17.100000 1.897377 1.090399 
0.504000 18.000000 1.897377 1.090399 
0.504000 18.900000 1.897377 1.090399 
0.504000 19.799999 1.897377 1.090399 
0.504000 20.699999 1.897377 1.090399 
0.504000 21.599998 1.897377 1.090399 
0.504000 22.500000 1.897377 1.090399 
0.504000 23.400000 1.897377 1.090399 
0.504000 24.299999 1.897377 1.090399 
0.504000 25.199999 1.897377 1.090399 
0.504000 26.099998 1.897377 1.090399 
0.504000 27.000000 1.897377 1.090399 
0.504000 27.900000 1.897377 1.090399 
0.504000 28.799999 1.897377 1.090399 
0.504000 29.699999 1.897377 1.090399 
0.504000 30.599998 1.897377 1.090399 
0.504000 31.500000 1.897377 1.090399 
0.504000 32.399998 1.897377 1.090399 
0.504000 33.299999 1.897377 1.090399 
0.504000 34.200001 1.897377 1.090399 
0.504000 35.099998 1.897377 1.090399 
0.504000 36.000000 1.897377 1.090399 
0.504000 36.899998 1.897377 1.090399 
0.504000 37.799999 1.897377 1.090399 
0.504000 38.700001 1.897377 1.090399 
0.504000 39.599998 1.897377 1.090399 
0.504000 40.500000 1.897377 1.090399 
0.504000 41.399998 1.897377 1.090399 
0.504000 42.299999 1.897377 1.090399 
0.504000 43.199997 1.897377 1.090399 
0.504000 44.099998 1.897377 1.090399 
0.504000 45.000000 1.897377 1.090399 
0.504000 45.899998 1.897377 1.090399 
0.504000 46.799999 1.897377 1.090399 
0.504000 47.699997 1.897377 1.090399 
0.504000 48.599998 1.897377 1.090399 
0.504000 49.500000 1.897377 1.090399 
0.504000 50.399998 1.897377 1.090399 
0.504000 51.299999 1.897377 1.090399 
0.504000 52.199997 1.897377 1.090399 
0.504000 53.099998 1.897377 1.090399 
0.504000 54.000000 1.897377 1.090399 
0.504000 54.899998 1.897377 1.090399 
0.504000 55.799999 1.897377 1.090399 
0.504000 56.699997 1.897377 1.090399 
0.504000 57.599998 1.897377 1.090399 
0.504000 58.500000 1.897377 1.090399 
0.504000 59.399998 1.897377 1.090399 
0.504000 60.299999 1.897377 1.090399 
0.504000 61.199997 1.897377 1.090399 
0.504000 62.099998 1.897377 1.090399 
0.504000 63.000000 1.897377 1.090399 
0.504000 63.899998 1.897377 1.090399 
0.504000 64.799995 1.897377 1.090399 
0.504000 65.699997 1.897377 1.090399 
0.504000 66.599998 1.897377 1.090399 
0.504000 67.500000 1.897377 1.090399 
0.504000 68.400002 1.897377 1.090399 
0.504000 69.299995 1.897377 1.090399 
0.504000 70.199997 1.897377 1.090399 
0.504000 71.099998 1.897377 1.090399 
0.504000 72.000000 1.897377 1.090399 
0.504000 72.900002 1.897377 1.090399 
0.504000 73.799995 1.897377 1.090399 
0.504000 74.699997 1.897377 1.090399 
0.504000 75.599998 1.897377 1.090399 
0.504000 76.500000 1.897377 1.090399 
0.504000 77.400002 1.897377 1.090399 
0.504000 78.299995 1.897377 1.090399 
0.504000 79.199997 1.897377 1.090399 
0.504000 80.099998 1.897377 1.090399 
0.504000 81.000000 1.897377 1.090399 
0.504000 81.900002 1.897377 1.090399 
0.504000 82.799995 1.897377 1.090399 
0.504000 83.699997 1.897377 1.090399 
0.504000 84.599998 1.897377 1.090399 
0.504000 85.500000 1.897377 1.090399 
0.504000 86.399994 1.897377 1.090399 
0.504000 87.299995 1.897377 1.090399 
0.504000 88.199997 1.897377 1.090399 
0.504000 89.099998 1.897377 1.090399 
0.504000 90.000000 1.897377 1.090399 
0.504000 90.899994 1.897377 1.090399 
0.504000 91.799995 1.897377 1.090399 
0.504000 92.699997 1.897377 1.090399 
0.504000 93.599998 1.897377 1.090399 
0.504000 94.500000 1.897377 1.090399 
0.504000 95.399994 1.897377 1.090399 
0.504000 96.299995 1.897377 1.090399 
0.504000 97.199997 1.897377 1.090399 
0.504000 98.099998 1.897377 1.090399 
0.504000 99.000000 1.897377 1.090399 
0.504000 99.899994 1.897377 1.090399 
0.504000 100.799995 1.897377 1.090399 
0.504000 101.699997 1.897377 1.090399 
0.504000 102.599998 1.897377 1.090399 
0.504000 103.500000 1.897377 1.090399 
0.504000 104.399994 1.897377 1.090399 
0.504000 105.299995 1.897377 1.090399 
0.504000 106.199997 1.897377 1.090399 
0.504000 107.099998 1.897377 1.090399 
0.504000 108.000000 1.897377 1.090399 
0.504000 108.899994 1.897377 1.090399 
0.504000 109.799995 1.897377 1.090399 
0.504000 110.699997 1.897377 1.090399 
0.504000 111.599998 1.897377 1.090399 
0.504000 112.500000 1.897377 1.090399 
0.504000 113.399994 1.897377 1.090399 
0.504000 114.299995 1.897377 1.090399 
0.504000 115.199997 1.897377 1.090399 
0.504000 116.099998 1.897377 1.090399 
0.504000 117.000000 1.897377 1.090399 
0.504000 117.899994 1.897377 1.090399 
0.504000 118.799995 1.897377 1.090399 
0.504000 119.699997 1.897377 1.090399 
0.504000 120.599998 1.897377 1.090399 
0.504000 121.500000 1.897377 1.090399 
0.504000 122.399994 1.897377 1.090399 
0.504000 123.299995 1.897377 1.090399 
0.504000 124.199997 1.897377 1.090399 
0.504000 125.099998 1.897377 1.090399 
0.504000 126.000000 1.897377 1.090399 
0.504000 126.899994 1.897377 1.090399 
0.504000 127.799995 1.897377 1.090399 
0.504000 128.699997 1.897377 1.090399 
0.504000 129.599991 1.897377 1.090399 
0.504000 130.500000 1.897377 1.090399 
0.504000 131.399994 1.897377 1.090399 
0.504000 132.300003 1.897377 1.090399 
0.504000 133.199997 1.897377 1.090399 
0.504000 134.099991 1.897377 1.090399 
0.504000 135.000000 1.897377 1.090399 
0.504000 135.899994 1.897377 1.090399 
0.504000 136.800003 1.897377 1.090399 
0.504000 137.699997 1.897377 1.090399 
0.504000 138.599991 1.897377 1.090399 
0.504000 139.500000 1.897377 1.090399 
0.504000 140.399994 1.897377 1.090399 
0.504000 141.300003 1.897377 1.090399 
0.504000 142.199997 1.897377 1.090399 
0.504000 143.099991 1.897377 1.090399 
0.504000 144.000000 1.897377 1.090399 
0.504000 144.899994 1.897377 1.090399 
0.504000 145.800003 1.897377 1.090399 
0.504000 146.699997 1.897377 1.090399 
0.504000 147.599991 1.897377 1.090399 
0.504000 148.500000 1.897377 1.090399 
0.504000 149.399994 1.897377 1.090399 
0.504000 150.300003 1.897377 1.090399 
0.504000 151.199997 1.897377 1.090399 
0.504000 152.099991 1.897377 1.090399 
0.504000 153.000000 1.897377 1.090399 
0.504000 153.899994 1.897377 1.090399 
0.504000 154.800003 1.897377 1.090399 
0.504000 155.699997 1.897377 1.090399 
0.504000 156.599991 1.897377 1.090399 
0.504000 157.500000 1.897377 1.090399 
0.504000 158.399994 1.897377 1.090399 
0.504000 159.300003 1.897377 1.090399 
0.504000 160.199997 1.897377 1.090399 
0.504000 161.099991 1.897377 1.090399 
0.504000 162.000000 1.897377 1.090399 
0.504000 162.899994 1.897377 1.090399 
0.504000 163.800003 1.897377 1.090399 
0.504000 164.699997 1.897377 1.090399 
0.504000 165.599991 1.897377 1.090399 
0.504000 166.500000 1.897377 1.090399 
0.504000 167.399994 1.897377 1.090399 
0.504000 168.300003 1.897377 1.090399 
0.504000 169.199997 1.897377 1.090399 
0.504000 170.099991 1.897377 1.090399 
0.504000 171.000000 1.897377 1.090399 
0.504000 171.899994 1.897377 1.090399 
0.504000 172.799988 1.897377 1.090399 
0.504000 173.699997 1.897377 1.090399 
0.504000 174.599991 1.897377 1.090399 
0.504000 175.500000 1.897377 1.090399 
0.504000 176.399994 1.897377 1.090399 
0.504000 177.299988 1.897377 1.090399 
0.504000 178.199997 1.897377 1.090399 
0.504000 179.099991 1.897377 1.090399 
0.504000 180.000000 1.897377 1.090399 
0.504000 180.899994 1.897377 1.090399 
0.504000 181.799988 1.897377 1.090399 
0.504000 182.699997 1.897377 1.090399 
0.504000 183.599991 1.897377 1.090399 
0.504000 184.500000 1.897377 1.090399 
0.504000 185.399994 1.897377 1.090399 
0.504000 186.299988 1.897377 1.090399 
0.504000 187.199997 1.897377 1.090399 
0.504000 188.099991 1.897377 1.090399 
0.504000 189.000000 1.897377 1.090399 
0.504000 189.899994 1.897377 1.090399 
0.504000 190.799988 1.897377 1.090399 
0.504000 191.699997 1.897377 1.090399 
0.504000 192.599991 1.897377 1.090399 
0.504000 193.500000 1.897377 1.090399 
0.504000 194.399994 1.897377 1.090399 
0.504000 195.299988 1.897377 1.090399 
0.504000 196.199997 1.897377 1.090399 
0.504000 197.099991 1.897377 1.090399 
0.504000 198.000000 1.897377 1.090399 
0.504000 198.899994 1.897377 1.090399 
0.504000 199.799988 1.897377 1.090399 
0.504000 200.699997 1.897377 1.090399 
0.504000 201.599991 1.897377 1.090399 
0.504000 202.500000 1.897377 1.090399 
0.504000 203.399994 1.897377 1.090399 
0.504000 204.299988 1.897377 1.090399 
0.504000 205.199997 1.897377 1.090399 
0.504000 206.099991 1.897377 1.090399 
0.504000 207.000000 1.897377 1.090399 
0.504000 207.899994 1.897377 1.090399 
0.504000 208.799988 1.897377 1.090399 
0.504000 209.699997 1.897377 1.090399 
0.504000 210.599991 1.897377 1.090399 
0.504000 211.500000 1.897377 1.090399 
0.504000 212.399994 1.897377 1.090399 
0.504000 213.299988 1.897377 1.090399 
0.504000 214.199997 1.897377 1.090399 
0.504000 215.099991 1.897377 1.090399 
0.504000 216.000000 1.897377 1.090399 
0.504000 216.899994 1.897377 1.090399 
0.504000 217.799988 1.897377 1.090399 
0.504000 218.699997 1.897377 1.090399 
0.504000 219.599991 1.897377 1.090399 
0.504000 220.500000 1.897377 1.090399 
0.504000 221.399994 1.897377 1.090399 
0.504000 222.299988 1.897377 1.090399 
0.504000 223.199997 1.897377 1.090399 
0.504000 224.099991 1.897377 1.090399 
0.504000 225.000000 1.897377 1.090399 
0.504000 225.899994 1.897377 1.090399 
0.504000 226.799988 1.897376 1.090399 
0.504000 227.699997 1.897376 1.090400 
0.504000 228.599991 1.897373 1.090400 
0.504000 229.500000 1.897352 1.090400 
