0.585000 0.000000 1.900905 1.013906 
0.585000 0.900000 1.900862 1.013907 
0.585000 1.800000 1.900881 1.013907 
0.585000 2.700000 1.900885 1.013907 
0.585000 3.600000 1.900890 1.013907 
0.585000 4.500000 1.900893 1.013907 
0.585000 5.400000 1.900894 1.013907 
0.585000 6.300000 1.900895 1.013907 
0.585000 7.200000 1.900896 1.013907 
0.585000 8.099999 1.900897 1.013907 
0.585000 9.000000 1.900897 1.013907 
0.585000 9.900000 1.900897 1.013907 
0.585000 10.799999 1.900897 1.013907 
0.585000 11.700000 1.900897 1.013907 
0.585000 12.599999 1.900897 1.013907 
0.585000 13.500000 1.900898 1.013907 
0.585000 14.400000 1.900898 1.013907 
0.585000 15.299999 1.900898 1.013907 
0.585000 16.199999 1.900898 1.013907 
0.585000 17.100000 1.900898 1.013907 
0.585000 18.000000 1.900898 1.013907 
0.585000 18.900000 1.900898 1.013907 
0.585000 19.799999 1.900898 1.013907 
0.585000 20.699999 1.900898 1.013907 
0.585000 21.599998 1.900898 1.013907 
0.585000 22.500000 1.900898 1.013907 
0.585000 23.400000 1.900898 1.013907 
0.585000 24.299999 1.900898 1.013907 
0.585000 25.199999 1.900898 1.013907 
0.585000 26.099998 1.900898 1.013907 
0.585000 27.000000 1.900898 1.013907 
0.585000 27.900000 1.900898 1.013907 
0.585000 28.799999 1.900898 1.013907 
0.585000 29.699999 1.900898 1.013907 
0.585000 30.599998 1.900898 1.013907 
0.585000 31.500000 1.900898 1.013907 
0.585000 32.399998 1.900898 1.013907 
0.585000 33.299999 1.900898 1.013907 
0.585000 34.200001 1.900898 1.013907 
0.585000 35.099998 1.900898 1.013907 
0.585000 36.000000 1.900898 1.013907 
0.585000 36.899998 1.900898 1.013907 
0.585000 37.799999 1.900898 1.013907 
0.585000 38.700001 1.900898 1.013907 
0.585000 39.599998 1.900898 1.013907 
0.585000 40.500000 1.900898 1.013907 
0.585000 41.399998 1.900898 1.013907 
0.585000 42.299999 1.900898 1.013907 
0.585000 43.199997 1.900898 1.013907 
0.585000 44.099998 1.900898 1.013907 
0.585000 45.000000 1.900898 1.013907 
0.585000 45.899998 1.900898 1.013907 
0.585000 46.799999 1.900898 1.013907 
0.585000 47.699997 1.900898 1.013907 
0.585000 48.599998 1.900898 1.013907 
0.585000 49.500000 1.900898 1.013907 
0.585000 50.399998 1.900898 1.013907 
0.585000 51.299999 1.900898 1.013907 
0.585000 52.199997 1.900898 1.013907 
0.585000 53.099998 1.900898 1.013907 
0.585000 54.000000 1.900898 1.013907 
0.585000 54.899998 1.900898 1.013907 
0.585000 55.799999 1.900898 1.013907 
0.585000 56.699997 1.900898 1.013907 
0.585000 57.599998 1.900898 1.013907 
0.585000 58.500000 1.900898 1.013907 
0.585000 59.399998 1.900898 1.013907 
0.585000 60.299999 1.900898 1.013907 
0.585000 61.199997 1.900898 1.013907 
0.585000 62.099998 1.900898 1.013907 
0.585000 63.000000 1.900898 1.013907 
0.585000 63.899998 1.900898 1.013907 
0.585000 64.799995 1.900898 1.013907 
0.585000 65.699997 1.900898 1.013907 
0.585000 66.599998 1.900898 1.013907 
0.585000 67.500000 1.900898 1.013907 
0.585000 68.400002 1.900898 1.013907 
0.585000 69.299995 1.900898 1.013907 
0.585000 70.199997 1.900898 1.013907 
0.585000 71.099998 1.900898 1.013907 
0.585000 72.000000 1.900898 1.013907 
0.585000 72.900002 1.900898 1.013907 
0.585000 73.799995 1.900898 1.013907 
0.585000 74.699997 1.900898 1.013907 
0.585000 75.599998 1.900898 1.013907 
0.585000 76.500000 1.900898 1.013907 
0.585000 77.400002 1.900898 1.013907 
0.585000 78.299995 1.900898 1.013907 
0.585000 79.199997 1.900898 1.013907 
0.585000 80.099998 1.900898 1.013907 
0.585000 81.000000 1.900898 1.013907 
0.585000 81.900002 1.900898 1.013907 
0.585000 82.799995 1.900898 1.013907 
0.585000 83.699997 1.900898 1.013907 
0.585000 84.599998 1.900898 1.013907 
0.585000 85.500000 1.900898 1.013907 
0.585000 86.399994 1.900898 1.013907 
0.585000 87.299995 1.900898 1.013907 
0.585000 88.199997 1.900898 1.013907 
0.585000 89.099998 1.900898 1.013907 
0.585000 90.000000 1.900898 1.013907 
0.585000 90.899994 1.900898 1.013907 
0.585000 91.799995 1.900898 1.013907 
0.585000 92.699997 1.900898 1.013907 
0.585000 93.599998 1.900898 1.013907 
0.585000 94.500000 1.900898 1.013907 
0.585000 95.399994 1.900898 1.013907 
0.585000 96.299995 1.900898 1.013907 
0.585000 97.199997 1.900898 1.013907 
0.585000 98.099998 1.900898 1.013907 
0.585000 99.000000 1.900898 1.013907 
0.585000 99.899994 1.900898 1.013907 
0.585000 100.799995 1.900898 1.013907 
0.585000 101.699997 1.900898 1.013907 
0.585000 102.599998 1.900898 1.013907 
0.585000 103.500000 1.900898 1.013907 
0.585000 104.399994 1.900898 1.013907 
0.585000 105.299995 1.900898 1.013907 
0.585000 106.199997 1.900898 1.013907 
0.585000 107.099998 1.900898 1.013907 
0.585000 108.000000 1.900898 1.013907 
0.585000 108.899994 1.900898 1.013907 
0.585000 109.799995 1.900898 1.013907 
0.585000 110.699997 1.900898 1.013907 
0.585000 111.599998 1.900898 1.013907 
0.585000 112.500000 1.900898 1.013907 
0.585000 113.399994 1.900898 1.013907 
0.585000 114.299995 1.900898 1.013907 
0.585000 115.199997 1.900898 1.013907 
0.585000 116.099998 1.900898 1.013907 
0.585000 117.000000 1.900898 1.013907 
0.585000 117.899994 1.900898 1.013907 
0.585000 118.799995 1.900898 1.013907 
0.585000 119.699997 1.900898 1.013907 
0.585000 120.599998 1.900898 1.013907 
0.585000 121.500000 1.900898 1.013907 
0.585000 122.399994 1.900898 1.013907 
0.585000 123.299995 1.900898 1.013907 
0.585000 124.199997 1.900898 1.013907 
0.585000 125.099998 1.900898 1.013907 
0.585000 126.000000 1.900898 1.013907 
0.585000 126.899994 1.900898 1.013907 
0.585000 127.799995 1.900898 1.013907 
0.585000 128.699997 1.900898 1.013907 
0.585000 129.599991 1.900898 1.013907 
0.585000 130.500000 1.900898 1.013907 
0.585000 131.399994 1.900898 1.013907 
0.585000 132.300003 1.900898 1.013907 
0.585000 133.199997 1.900898 1.013907 
0.585000 134.099991 1.900898 1.013907 
0.585000 135.000000 1.900898 1.013907 
0.585000 135.899994 1.900898 1.013907 
0.585000 136.800003 1.900898 1.013907 
0.585000 137.699997 1.900898 1.013907 
0.585000 138.599991 1.900898 1.013907 
0.585000 139.500000 1.900898 1.013907 
0.585000 140.399994 1.900898 1.013907 
0.585000 141.300003 1.900898 1.013907 
0.585000 142.199997 1.900898 1.013907 
0.585000 143.099991 1.900898 1.013907 
0.585000 144.000000 1.900898 1.013907 
0.585000 144.899994 1.900898 1.013907 
0.585000 145.800003 1.900898 1.013907 
0.585000 146.699997 1.900898 1.013907 
0.585000 147.599991 1.900898 1.013907 
0.585000 148.500000 1.900898 1.013907 
0.585000 149.399994 1.900898 1.013907 
0.585000 150.300003 1.900898 1.013907 
0.585000 151.199997 1.900898 1.013907 
0.585000 152.099991 1.900898 1.013907 
0.585000 153.000000 1.900898 1.013907 
0.585000 153.899994 1.900898 1.013907 
0.585000 154.800003 1.900898 1.013907 
0.585000 155.699997 1.900898 1.013907 
0.585000 156.599991 1.900898 1.013907 
0.585000 157.500000 1.900898 1.013907 
0.585000 158.399994 1.900898 1.013907 
0.585000 159.300003 1.900898 1.013907 
0.585000 160.199997 1.900898 1.013907 
0.585000 161.099991 1.900898 1.013907 
0.585000 162.000000 1.900898 1.013907 
0.585000 162.899994 1.900898 1.013907 
0.585000 163.800003 1.900898 1.013907 
0.585000 164.699997 1.900898 1.013907 
0.585000 165.599991 1.900898 1.013907 
0.585000 166.500000 1.900898 1.013907 
0.585000 167.399994 1.900898 1.013907 
0.585000 168.300003 1.900898 1.013907 
0.585000 169.199997 1.900898 1.013907 
0.585000 170.099991 1.900898 1.013907 
0.585000 171.000000 1.900898 1.013907 
0.585000 171.899994 1.900898 1.013907 
0.585000 172.799988 1.900898 1.013907 
0.585000 173.699997 1.900898 1.013907 
0.585000 174.599991 1.900898 1.013907 
0.585000 175.500000 1.900898 1.013907 
0.585000 176.399994 1.900898 1.013907 
0.585000 177.299988 1.900898 1.013907 
0.585000 178.199997 1.900898 1.013907 
0.585000 179.099991 1.900898 1.013907 
0.585000 180.000000 1.900898 1.013907 
0.585000 180.899994 1.900898 1.013907 
0.585000 181.799988 1.900898 1.013907 
0.585000 182.699997 1.900898 1.013907 
0.585000 183.599991 1.900898 1.013907 
0.585000 184.500000 1.900898 1.013907 
0.585000 185.399994 1.900898 1.013907 
0.585000 186.299988 1.900898 1.013907 
0.585000 187.199997 1.900898 1.013907 
0.585000 188.099991 1.900898 1.013907 
0.585000 189.000000 1.900898 1.013907 
0.585000 189.899994 1.900898 1.013907 
0.585000 190.799988 1.900898 1.013907 
0.585000 191.699997 1.900898 1.013907 
0.585000 192.599991 1.900898 1.013907 
0.585000 193.500000 1.900898 1.013907 
0.585000 194.399994 1.900898 1.013907 
0.585000 195.299988 1.900898 1.013907 
0.585000 196.199997 1.900898 1.013907 
0.585000 197.099991 1.900898 1.013907 
0.585000 198.000000 1.900898 1.013907 
0.585000 198.899994 1.900898 1.013907 
0.585000 199.799988 1.900898 1.013907 
0.585000 200.699997 1.900898 1.013907 
0.585000 201.599991 1.900898 1.013907 
0.585000 202.500000 1.900898 1.013907 
0.585000 203.399994 1.900898 1.013907 
0.585000 204.299988 1.900898 1.013907 
0.585000 205.199997 1.900898 1.013907 
0.585000 206.099991 1.900898 1.013907 
0.585000 207.000000 1.900898 1.013907 
0.585000 207.899994 1.900898 1.013907 
0.585000 208.799988 1.900898 1.013907 
0.585000 209.699997 1.900898 1.013907 
0.585000 210.599991 1.900898 1.013907 
0.585000 211.500000 1.900898 1.013907 
0.585000 212.399994 1.900898 1.013907 
0.585000 213.299988 1.900898 1.013907 
0.585000 214.199997 1.900898 1.013907 
0.585000 215.099991 1.900898 1.013907 
0.585000 216.000000 1.900898 1.013907 
0.585000 216.899994 1.900898 1.013907 
0.585000 217.799988 1.900898 1.013907 
0.585000 218.699997 1.900898 1.013907 
0.585000 219.599991 1.900898 1.013907 
0.585000 220.500000 1.900898 1.013907 
0.585000 221.399994 1.900898 1.013907 
0.585000 222.299988 1.900898 1.013907 
0.585000 223.199997 1.900898 1.013907 
0.585000 224.099991 1.900898 1.013907 
0.585000 225.000000 1.900898 1.013907 
0.585000 225.899994 1.900898 1.013908 
0.585000 226.799988 1.900898 1.013908 
0.585000 227.699997 1.900897 1.013908 
0.585000 228.599991 1.900892 1.013908 
0.585000 229.500000 1.900869 1.013909 
