0.535000 0.000000 1.901341 1.058555 
0.535000 0.900000 1.901302 1.058555 
0.535000 1.800000 1.901319 1.058555 
0.535000 2.700000 1.901323 1.058556 
0.535000 3.600000 1.901327 1.058556 
0.535000 4.500000 1.901330 1.058556 
0.535000 5.400000 1.901331 1.058556 
0.535000 6.300000 1.901332 1.058556 
0.535000 7.200000 1.901333 1.058556 
0.535000 8.099999 1.901333 1.058556 
0.535000 9.000000 1.901333 1.058556 
0.535000 9.900000 1.901333 1.058556 
0.535000 10.799999 1.901333 1.058556 
0.535000 11.700000 1.901333 1.058556 
0.535000 12.599999 1.901333 1.058556 
0.535000 13.500000 1.901334 1.058556 
0.535000 14.400000 1.901334 1.058556 
0.535000 15.299999 1.901334 1.058557 
0.535000 16.199999 1.901334 1.058557 
0.535000 17.100000 1.901334 1.058557 
0.535000 18.000000 1.901334 1.058557 
0.535000 18.900000 1.901334 1.058557 
0.535000 19.799999 1.901334 1.058557 
0.535000 20.699999 1.901334 1.058557 
0.535000 21.599998 1.901334 1.058557 
0.535000 22.500000 1.901334 1.058557 
0.535000 23.400000 1.901334 1.058557 
0.535000 24.299999 1.901334 1.058557 
0.535000 25.199999 1.901334 1.058557 
0.535000 26.099998 1.901334 1.058557 
0.535000 27.000000 1.901334 1.058557 
0.535000 27.900000 1.901334 1.058557 
0.535000 28.799999 1.901334 1.058557 
0.535000 29.699999 1.901334 1.058557 
0.535000 30.599998 1.901334 1.058557 
0.535000 31.500000 1.901334 1.058557 
0.535000 32.399998 1.901334 1.058557 
0.535000 33.299999 1.901334 1.058557 
0.535000 34.200001 1.901334 1.058557 
0.535000 35.099998 1.901334 1.058557 
0.535000 36.000000 1.901334 1.058557 
0.535000 36.899998 1.901334 1.058557 
0.535000 37.799999 1.901334 1.058557 
0.535000 38.700001 1.901334 1.058557 
0.535000 39.599998 1.901334 1.058557 
0.535000 40.500000 1.901334 1.058557 
0.535000 41.399998 1.901334 1.058557 
0.535000 42.299999 1.901334 1.058557 
0.535000 43.199997 1.901334 1.058557 
0.535000 44.099998 1.901334 1.058557 
0.535000 45.000000 1.901334 1.058557 
0.535000 45.899998 1.901334 1.058557 
0.535000 46.799999 1.901334 1.058557 
0.535000 47.699997 1.901334 1.058557 
0.535000 48.599998 1.901334 1.058557 
0.535000 49.500000 1.901334 1.058557 
0.535000 50.399998 1.901334 1.058557 
0.535000 51.299999 1.901334 1.058557 
0.535000 52.199997 1.901334 1.058557 
0.535000 53.099998 1.901334 1.058557 
0.535000 54.000000 1.901334 1.058557 
0.535000 54.899998 1.901334 1.058557 
0.535000 55.799999 1.901334 1.058557 
0.535000 56.699997 1.901334 1.058557 
0.535000 57.599998 1.901334 1.058557 
0.535000 58.500000 1.901334 1.058557 
0.535000 59.399998 1.901334 1.058557 
0.535000 60.299999 1.901334 1.058557 
0.535000 61.199997 1.901334 1.058557 
0.535000 62.099998 1.901334 1.058557 
0.535000 63.000000 1.901334 1.058557 
0.535000 63.899998 1.901334 1.058557 
0.535000 64.799995 1.901334 1.058557 
0.535000 65.699997 1.901334 1.058557 
0.535000 66.599998 1.901334 1.058557 
0.535000 67.500000 1.901334 1.058557 
0.535000 68.400002 1.901334 1.058557 
0.535000 69.299995 1.901334 1.058557 
0.535000 70.199997 1.901334 1.058557 
0.535000 71.099998 1.901334 1.058557 
0.535000 72.000000 1.901334 1.058557 
0.535000 72.900002 1.901334 1.058557 
0.535000 73.799995 1.901334 1.058557 
0.535000 74.699997 1.901334 1.058557 
0.535000 75.599998 1.901334 1.058557 
0.535000 76.500000 1.901334 1.058557 
0.535000 77.400002 1.901334 1.058557 
0.535000 78.299995 1.901334 1.058557 
0.535000 79.199997 1.901334 1.058557 
0.535000 80.099998 1.901334 1.058557 
0.535000 81.000000 1.901334 1.058557 
0.535000 81.900002 1.901334 1.058557 
0.535000 82.799995 1.901334 1.058557 
0.535000 83.699997 1.901334 1.058557 
0.535000 84.599998 1.901334 1.058557 
0.535000 85.500000 1.901334 1.058557 
0.535000 86.399994 1.901334 1.058557 
0.535000 87.299995 1.901334 1.058557 
0.535000 88.199997 1.901334 1.058557 
0.535000 89.099998 1.901334 1.058557 
0.535000 90.000000 1.901334 1.058557 
0.535000 90.899994 1.901334 1.058557 
0.535000 91.799995 1.901334 1.058557 
0.535000 92.699997 1.901334 1.058557 
0.535000 93.599998 1.901334 1.058557 
0.535000 94.500000 1.901334 1.058557 
0.535000 95.399994 1.901334 1.058557 
0.535000 96.299995 1.901334 1.058557 
0.535000 97.199997 1.901334 1.058557 
0.535000 98.099998 1.901334 1.058557 
0.535000 99.000000 1.901334 1.058557 
0.535000 99.899994 1.901334 1.058557 
0.535000 100.799995 1.901334 1.058557 
0.535000 101.699997 1.901334 1.058557 
0.535000 102.599998 1.901334 1.058557 
0.535000 103.500000 1.901334 1.058557 
0.535000 104.399994 1.901334 1.058557 
0.535000 105.299995 1.901334 1.058557 
0.535000 106.199997 1.901334 1.058557 
0.535000 107.099998 1.901334 1.058557 
0.535000 108.000000 1.901334 1.058557 
0.535000 108.899994 1.901334 1.058557 
0.535000 109.799995 1.901334 1.058557 
0.535000 110.699997 1.901334 1.058557 
0.535000 111.599998 1.901334 1.058557 
0.535000 112.500000 1.901334 1.058557 
0.535000 113.399994 1.901334 1.058557 
0.535000 114.299995 1.901334 1.058557 
0.535000 115.199997 1.901334 1.058557 
0.535000 116.099998 1.901334 1.058557 
0.535000 117.000000 1.901334 1.058557 
0.535000 117.899994 1.901334 1.058557 
0.535000 118.799995 1.901334 1.058557 
0.535000 119.699997 1.901334 1.058557 
0.535000 120.599998 1.901334 1.058557 
0.535000 121.500000 1.901334 1.058557 
0.535000 122.399994 1.901334 1.058557 
0.535000 123.299995 1.901334 1.058557 
0.535000 124.199997 1.901334 1.058557 
0.535000 125.099998 1.901334 1.058557 
0.535000 126.000000 1.901334 1.058557 
0.535000 126.899994 1.901334 1.058557 
0.535000 127.799995 1.901334 1.058557 
0.535000 128.699997 1.901334 1.058557 
0.535000 129.599991 1.901334 1.058557 
0.535000 130.500000 1.901334 1.058557 
0.535000 131.399994 1.901334 1.058557 
0.535000 132.300003 1.901334 1.058557 
0.535000 133.199997 1.901334 1.058557 
0.535000 134.099991 1.901334 1.058557 
0.535000 135.000000 1.901334 1.058557 
0.535000 135.899994 1.901334 1.058557 
0.535000 136.800003 1.901334 1.058557 
0.535000 137.699997 1.901334 1.058557 
0.535000 138.599991 1.901334 1.058557 
0.535000 139.500000 1.901334 1.058557 
0.535000 140.399994 1.901334 1.058557 
0.535000 141.300003 1.901334 1.058557 
0.535000 142.199997 1.901334 1.058557 
0.535000 143.099991 1.901334 1.058557 
0.535000 144.000000 1.901334 1.058557 
0.535000 144.899994 1.901334 1.058557 
0.535000 145.800003 1.901334 1.058557 
0.535000 146.699997 1.901334 1.058557 
0.535000 147.599991 1.901334 1.058557 
0.535000 148.500000 1.901334 1.058557 
0.535000 149.399994 1.901334 1.058557 
0.535000 150.300003 1.901334 1.058557 
0.535000 151.199997 1.901334 1.058557 
0.535000 152.099991 1.901334 1.058557 
0.535000 153.000000 1.901334 1.058557 
0.535000 153.899994 1.901334 1.058557 
0.535000 154.800003 1.901334 1.058557 
0.535000 155.699997 1.901334 1.058557 
0.535000 156.599991 1.901334 1.058557 
0.535000 157.500000 1.901334 1.058557 
0.535000 158.399994 1.901334 1.058557 
0.535000 159.300003 1.901334 1.058557 
0.535000 160.199997 1.901334 1.058557 
0.535000 161.099991 1.901334 1.058557 
0.535000 162.000000 1.901334 1.058557 
0.535000 162.899994 1.901334 1.058557 
0.535000 163.800003 1.901334 1.058557 
0.535000 164.699997 1.901334 1.058557 
0.535000 165.599991 1.901334 1.058557 
0.535000 166.500000 1.901334 1.058557 
0.535000 167.399994 1.901334 1.058557 
0.535000 168.300003 1.901334 1.058557 
0.535000 169.199997 1.901334 1.058557 
0.535000 170.099991 1.901334 1.058557 
0.535000 171.000000 1.901334 1.058557 
0.535000 171.899994 1.901334 1.058557 
0.535000 172.799988 1.901334 1.058557 
0.535000 173.699997 1.901334 1.058557 
0.535000 174.599991 1.901334 1.058557 
0.535000 175.500000 1.901334 1.058557 
0.535000 176.399994 1.901334 1.058557 
0.535000 177.299988 1.901334 1.058557 
0.535000 178.199997 1.901334 1.058557 
0.535000 179.099991 1.901334 1.058557 
0.535000 180.000000 1.901334 1.058557 
0.535000 180.899994 1.901334 1.058557 
0.535000 181.799988 1.901334 1.058557 
0.535000 182.699997 1.901334 1.058557 
0.535000 183.599991 1.901334 1.058557 
0.535000 184.500000 1.901334 1.058557 
0.535000 185.399994 1.901334 1.058557 
0.535000 186.299988 1.901334 1.058557 
0.535000 187.199997 1.901334 1.058557 
0.535000 188.099991 1.901334 1.058557 
0.535000 189.000000 1.901334 1.058557 
0.535000 189.899994 1.901334 1.058557 
0.535000 190.799988 1.901334 1.058557 
0.535000 191.699997 1.901334 1.058557 
0.535000 192.599991 1.901334 1.058557 
0.535000 193.500000 1.901334 1.058557 
0.535000 194.399994 1.901334 1.058557 
0.535000 195.299988 1.901334 1.058557 
0.535000 196.199997 1.901334 1.058557 
0.535000 197.099991 1.901334 1.058557 
0.535000 198.000000 1.901334 1.058557 
0.535000 198.899994 1.901334 1.058557 
0.535000 199.799988 1.901334 1.058557 
0.535000 200.699997 1.901334 1.058557 
0.535000 201.599991 1.901334 1.058557 
0.535000 202.500000 1.901334 1.058557 
0.535000 203.399994 1.901334 1.058557 
0.535000 204.299988 1.901334 1.058557 
0.535000 205.199997 1.901334 1.058557 
0.535000 206.099991 1.901334 1.058557 
0.535000 207.000000 1.901334 1.058557 
0.535000 207.899994 1.901334 1.058557 
0.535000 208.799988 1.901334 1.058557 
0.535000 209.699997 1.901334 1.058557 
0.535000 210.599991 1.901334 1.058557 
0.535000 211.500000 1.901334 1.058557 
0.535000 212.399994 1.901334 1.058557 
0.535000 213.299988 1.901334 1.058557 
0.535000 214.199997 1.901334 1.058557 
0.535000 215.099991 1.901334 1.058557 
0.535000 216.000000 1.901334 1.058557 
0.535000 216.899994 1.901334 1.058557 
0.535000 217.799988 1.901334 1.058557 
0.535000 218.699997 1.901334 1.058557 
0.535000 219.599991 1.901334 1.058557 
0.535000 220.500000 1.901334 1.058557 
0.535000 221.399994 1.901334 1.058557 
0.535000 222.299988 1.901334 1.058557 
0.535000 223.199997 1.901334 1.058557 
0.535000 224.099991 1.901334 1.058557 
0.535000 225.000000 1.901334 1.058557 
0.535000 225.899994 1.901334 1.058557 
0.535000 226.799988 1.901334 1.058557 
0.535000 227.699997 1.901333 1.058557 
0.535000 228.599991 1.901329 1.058558 
0.535000 229.500000 1.901307 1.058558 
