0.516000 0.000000 1.899316 1.077686 
0.516000 0.900000 1.899278 1.077687 
0.516000 1.800000 1.899295 1.077686 
0.516000 2.700000 1.899299 1.077686 
0.516000 3.600000 1.899302 1.077687 
0.516000 4.500000 1.899305 1.077687 
0.516000 5.400000 1.899306 1.077687 
0.516000 6.300000 1.899307 1.077687 
0.516000 7.200000 1.899308 1.077687 
0.516000 8.099999 1.899308 1.077687 
0.516000 9.000000 1.899308 1.077687 
0.516000 9.900000 1.899308 1.077687 
0.516000 10.799999 1.899308 1.077687 
0.516000 11.700000 1.899308 1.077687 
0.516000 12.599999 1.899308 1.077687 
0.516000 13.500000 1.899308 1.077687 
0.516000 14.400000 1.899308 1.077688 
0.516000 15.299999 1.899309 1.077688 
0.516000 16.199999 1.899309 1.077688 
0.516000 17.100000 1.899309 1.077688 
0.516000 18.000000 1.899309 1.077688 
0.516000 18.900000 1.899309 1.077688 
0.516000 19.799999 1.899309 1.077688 
0.516000 20.699999 1.899309 1.077688 
0.516000 21.599998 1.899309 1.077688 
0.516000 22.500000 1.899309 1.077688 
0.516000 23.400000 1.899309 1.077688 
0.516000 24.299999 1.899309 1.077688 
0.516000 25.199999 1.899309 1.077688 
0.516000 26.099998 1.899309 1.077688 
0.516000 27.000000 1.899309 1.077688 
0.516000 27.900000 1.899309 1.077688 
0.516000 28.799999 1.899309 1.077688 
0.516000 29.699999 1.899309 1.077688 
0.516000 30.599998 1.899309 1.077688 
0.516000 31.500000 1.899309 1.077688 
0.516000 32.399998 1.899309 1.077688 
0.516000 33.299999 1.899309 1.077688 
0.516000 34.200001 1.899309 1.077688 
0.516000 35.099998 1.899309 1.077688 
0.516000 36.000000 1.899309 1.077688 
0.516000 36.899998 1.899309 1.077688 
0.516000 37.799999 1.899309 1.077688 
0.516000 38.700001 1.899309 1.077688 
0.516000 39.599998 1.899309 1.077688 
0.516000 40.500000 1.899309 1.077688 
0.516000 41.399998 1.899309 1.077688 
0.516000 42.299999 1.899309 1.077688 
0.516000 43.199997 1.899309 1.077688 
0.516000 44.099998 1.899309 1.077688 
0.516000 45.000000 1.899309 1.077688 
0.516000 45.899998 1.899309 1.077688 
0.516000 46.799999 1.899309 1.077688 
0.516000 47.699997 1.899309 1.077688 
0.516000 48.599998 1.899309 1.077688 
0.516000 49.500000 1.899309 1.077688 
0.516000 50.399998 1.899309 1.077688 
0.516000 51.299999 1.899309 1.077688 
0.516000 52.199997 1.899309 1.077688 
0.516000 53.099998 1.899309 1.077688 
0.516000 54.000000 1.899309 1.077688 
0.516000 54.899998 1.899309 1.077688 
0.516000 55.799999 1.899309 1.077688 
0.516000 56.699997 1.899309 1.077688 
0.516000 57.599998 1.899309 1.077688 
0.516000 58.500000 1.899309 1.077688 
0.516000 59.399998 1.899309 1.077688 
0.516000 60.299999 1.899309 1.077688 
0.516000 61.199997 1.899309 1.077688 
0.516000 62.099998 1.899309 1.077688 
0.516000 63.000000 1.899309 1.077688 
0.516000 63.899998 1.899309 1.077688 
0.516000 64.799995 1.899309 1.077688 
0.516000 65.699997 1.899309 1.077688 
0.516000 66.599998 1.899309 1.077688 
0.516000 67.500000 1.899309 1.077688 
0.516000 68.400002 1.899309 1.077688 
0.516000 69.299995 1.899309 1.077688 
0.516000 70.199997 1.899309 1.077688 
0.516000 71.099998 1.899309 1.077688 
0.516000 72.000000 1.899309 1.077688 
0.516000 72.900002 1.899309 1.077688 
0.516000 73.799995 1.899309 1.077688 
0.516000 74.699997 1.899309 1.077688 
0.516000 75.599998 1.899309 1.077688 
0.516000 76.500000 1.899309 1.077688 
0.516000 77.400002 1.899309 1.077688 
0.516000 78.299995 1.899309 1.077688 
0.516000 79.199997 1.899309 1.077688 
0.516000 80.099998 1.899309 1.077688 
0.516000 81.000000 1.899309 1.077688 
0.516000 81.900002 1.899309 1.077688 
0.516000 82.799995 1.899309 1.077688 
0.516000 83.699997 1.899309 1.077688 
0.516000 84.599998 1.899309 1.077688 
0.516000 85.500000 1.899309 1.077688 
0.516000 86.399994 1.899309 1.077688 
0.516000 87.299995 1.899309 1.077688 
0.516000 88.199997 1.899309 1.077688 
0.516000 89.099998 1.899309 1.077688 
0.516000 90.000000 1.899309 1.077688 
0.516000 90.899994 1.899309 1.077688 
0.516000 91.799995 1.899309 1.077688 
0.516000 92.699997 1.899309 1.077688 
0.516000 93.599998 1.899309 1.077688 
0.516000 94.500000 1.899309 1.077688 
0.516000 95.399994 1.899309 1.077688 
0.516000 96.299995 1.899309 1.077688 
0.516000 97.199997 1.899309 1.077688 
0.516000 98.099998 1.899309 1.077688 
0.516000 99.000000 1.899309 1.077688 
0.516000 99.899994 1.899309 1.077688 
0.516000 100.799995 1.899309 1.077688 
0.516000 101.699997 1.899309 1.077688 
0.516000 102.599998 1.899309 1.077688 
0.516000 103.500000 1.899309 1.077688 
0.516000 104.399994 1.899309 1.077688 
0.516000 105.299995 1.899309 1.077688 
0.516000 106.199997 1.899309 1.077688 
0.516000 107.099998 1.899309 1.077688 
0.516000 108.000000 1.899309 1.077688 
0.516000 108.899994 1.899309 1.077688 
0.516000 109.799995 1.899309 1.077688 
0.516000 110.699997 1.899309 1.077688 
0.516000 111.599998 1.899309 1.077688 
0.516000 112.500000 1.899309 1.077688 
0.516000 113.399994 1.899309 1.077688 
0.516000 114.299995 1.899309 1.077688 
0.516000 115.199997 1.899309 1.077688 
0.516000 116.099998 1.899309 1.077688 
0.516000 117.000000 1.899309 1.077688 
0.516000 117.899994 1.899309 1.077688 
0.516000 118.799995 1.899309 1.077688 
0.516000 119.699997 1.899309 1.077688 
0.516000 120.599998 1.899309 1.077688 
0.516000 121.500000 1.899309 1.077688 
0.516000 122.399994 1.899309 1.077688 
0.516000 123.299995 1.899309 1.077688 
0.516000 124.199997 1.899309 1.077688 
0.516000 125.099998 1.899309 1.077688 
0.516000 126.000000 1.899309 1.077688 
0.516000 126.899994 1.899309 1.077688 
0.516000 127.799995 1.899309 1.077688 
0.516000 128.699997 1.899309 1.077688 
0.516000 129.599991 1.899309 1.077688 
0.516000 130.500000 1.899309 1.077688 
0.516000 131.399994 1.899309 1.077688 
0.516000 132.300003 1.899309 1.077688 
0.516000 133.199997 1.899309 1.077688 
0.516000 134.099991 1.899309 1.077688 
0.516000 135.000000 1.899309 1.077688 
0.516000 135.899994 1.899309 1.077688 
0.516000 136.800003 1.899309 1.077688 
0.516000 137.699997 1.899309 1.077688 
0.516000 138.599991 1.899309 1.077688 
0.516000 139.500000 1.899309 1.077688 
0.516000 140.399994 1.899309 1.077688 
0.516000 141.300003 1.899309 1.077688 
0.516000 142.199997 1.899309 1.077688 
0.516000 143.099991 1.899309 1.077688 
0.516000 144.000000 1.899309 1.077688 
0.516000 144.899994 1.899309 1.077688 
0.516000 145.800003 1.899309 1.077688 
0.516000 146.699997 1.899309 1.077688 
0.516000 147.599991 1.899309 1.077688 
0.516000 148.500000 1.899309 1.077688 
0.516000 149.399994 1.899309 1.077688 
0.516000 150.300003 1.899309 1.077688 
0.516000 151.199997 1.899309 1.077688 
0.516000 152.099991 1.899309 1.077688 
0.516000 153.000000 1.899309 1.077688 
0.516000 153.899994 1.899309 1.077688 
0.516000 154.800003 1.899309 1.077688 
0.516000 155.699997 1.899309 1.077688 
0.516000 156.599991 1.899309 1.077688 
0.516000 157.500000 1.899309 1.077688 
0.516000 158.399994 1.899309 1.077688 
0.516000 159.300003 1.899309 1.077688 
0.516000 160.199997 1.899309 1.077688 
0.516000 161.099991 1.899309 1.077688 
0.516000 162.000000 1.899309 1.077688 
0.516000 162.899994 1.899309 1.077688 
0.516000 163.800003 1.899309 1.077688 
0.516000 164.699997 1.899309 1.077688 
0.516000 165.599991 1.899309 1.077688 
0.516000 166.500000 1.899309 1.077688 
0.516000 167.399994 1.899309 1.077688 
0.516000 168.300003 1.899309 1.077688 
0.516000 169.199997 1.899309 1.077688 
0.516000 170.099991 1.899309 1.077688 
0.516000 171.000000 1.899309 1.077688 
0.516000 171.899994 1.899309 1.077688 
0.516000 172.799988 1.899309 1.077688 
0.516000 173.699997 1.899309 1.077688 
0.516000 174.599991 1.899309 1.077688 
0.516000 175.500000 1.899309 1.077688 
0.516000 176.399994 1.899309 1.077688 
0.516000 177.299988 1.899309 1.077688 
0.516000 178.199997 1.899309 1.077688 
0.516000 179.099991 1.899309 1.077688 
0.516000 180.000000 1.899309 1.077688 
0.516000 180.899994 1.899309 1.077688 
0.516000 181.799988 1.899309 1.077688 
0.516000 182.699997 1.899309 1.077688 
0.516000 183.599991 1.899309 1.077688 
0.516000 184.500000 1.899309 1.077688 
0.516000 185.399994 1.899309 1.077688 
0.516000 186.299988 1.899309 1.077688 
0.516000 187.199997 1.899309 1.077688 
0.516000 188.099991 1.899309 1.077688 
0.516000 189.000000 1.899309 1.077688 
0.516000 189.899994 1.899309 1.077688 
0.516000 190.799988 1.899309 1.077688 
0.516000 191.699997 1.899309 1.077688 
0.516000 192.599991 1.899309 1.077688 
0.516000 193.500000 1.899309 1.077688 
0.516000 194.399994 1.899309 1.077688 
0.516000 195.299988 1.899309 1.077688 
0.516000 196.199997 1.899309 1.077688 
0.516000 197.099991 1.899309 1.077688 
0.516000 198.000000 1.899309 1.077688 
0.516000 198.899994 1.899309 1.077688 
0.516000 199.799988 1.899309 1.077688 
0.516000 200.699997 1.899309 1.077688 
0.516000 201.599991 1.899309 1.077688 
0.516000 202.500000 1.899309 1.077688 
0.516000 203.399994 1.899309 1.077688 
0.516000 204.299988 1.899309 1.077688 
0.516000 205.199997 1.899309 1.077688 
0.516000 206.099991 1.899309 1.077688 
0.516000 207.000000 1.899309 1.077688 
0.516000 207.899994 1.899309 1.077688 
0.516000 208.799988 1.899309 1.077688 
0.516000 209.699997 1.899309 1.077688 
0.516000 210.599991 1.899309 1.077688 
0.516000 211.500000 1.899309 1.077688 
0.516000 212.399994 1.899309 1.077688 
0.516000 213.299988 1.899309 1.077688 
0.516000 214.199997 1.899309 1.077688 
0.516000 215.099991 1.899309 1.077688 
0.516000 216.000000 1.899309 1.077688 
0.516000 216.899994 1.899309 1.077688 
0.516000 217.799988 1.899309 1.077688 
0.516000 218.699997 1.899309 1.077688 
0.516000 219.599991 1.899309 1.077688 
0.516000 220.500000 1.899309 1.077688 
0.516000 221.399994 1.899309 1.077688 
0.516000 222.299988 1.899309 1.077688 
0.516000 223.199997 1.899309 1.077688 
0.516000 224.099991 1.899309 1.077688 
0.516000 225.000000 1.899309 1.077688 
0.516000 225.899994 1.899309 1.077688 
0.516000 226.799988 1.899309 1.077688 
0.516000 227.699997 1.899308 1.077688 
0.516000 228.599991 1.899304 1.077688 
0.516000 229.500000 1.899284 1.077688 
