0.307000 0.000000 1.789401 1.366856 
0.307000 0.900000 1.789378 1.366856 
0.307000 1.800000 1.789388 1.366857 
0.307000 2.700000 1.789389 1.366857 
0.307000 3.600000 1.789392 1.366859 
0.307000 4.500000 1.789393 1.366860 
0.307000 5.400000 1.789394 1.366860 
0.307000 6.300000 1.789394 1.366861 
0.307000 7.200000 1.789394 1.366861 
0.307000 8.099999 1.789394 1.366861 
0.307000 9.000000 1.789394 1.366861 
0.307000 9.900000 1.789394 1.366861 
0.307000 10.799999 1.789394 1.366861 
0.307000 11.700000 1.789394 1.366861 
0.307000 12.599999 1.789394 1.366861 
0.307000 13.500000 1.789394 1.366861 
0.307000 14.400000 1.789394 1.366861 
0.307000 15.299999 1.789394 1.366861 
0.307000 16.199999 1.789394 1.366861 
0.307000 17.100000 1.789394 1.366861 
0.307000 18.000000 1.789394 1.366861 
0.307000 18.900000 1.789394 1.366861 
0.307000 19.799999 1.789394 1.366861 
0.307000 20.699999 1.789394 1.366861 
0.307000 21.599998 1.789394 1.366861 
0.307000 22.500000 1.789394 1.366861 
0.307000 23.400000 1.789394 1.366861 
0.307000 24.299999 1.789394 1.366861 
0.307000 25.199999 1.789394 1.366861 
0.307000 26.099998 1.789394 1.366861 
0.307000 27.000000 1.789394 1.366861 
0.307000 27.900000 1.789394 1.366861 
0.307000 28.799999 1.789394 1.366861 
0.307000 29.699999 1.789394 1.366861 
0.307000 30.599998 1.789394 1.366861 
0.307000 31.500000 1.789394 1.366861 
0.307000 32.399998 1.789394 1.366861 
0.307000 33.299999 1.789394 1.366861 
0.307000 34.200001 1.789394 1.366861 
0.307000 35.099998 1.789394 1.366861 
0.307000 36.000000 1.789394 1.366861 
0.307000 36.899998 1.789394 1.366861 
0.307000 37.799999 1.789394 1.366861 
0.307000 38.700001 1.789394 1.366861 
0.307000 39.599998 1.789394 1.366861 
0.307000 40.500000 1.789394 1.366861 
0.307000 41.399998 1.789394 1.366861 
0.307000 42.299999 1.789394 1.366861 
0.307000 43.199997 1.789394 1.366861 
0.307000 44.099998 1.789394 1.366861 
0.307000 45.000000 1.789394 1.366861 
0.307000 45.899998 1.789394 1.366861 
0.307000 46.799999 1.789394 1.366861 
0.307000 47.699997 1.789394 1.366861 
0.307000 48.599998 1.789394 1.366861 
0.307000 49.500000 1.789394 1.366861 
0.307000 50.399998 1.789394 1.366861 
0.307000 51.299999 1.789394 1.366861 
0.307000 52.199997 1.789394 1.366861 
0.307000 53.099998 1.789394 1.366861 
0.307000 54.000000 1.789394 1.366861 
0.307000 54.899998 1.789394 1.366861 
0.307000 55.799999 1.789394 1.366861 
0.307000 56.699997 1.789394 1.366861 
0.307000 57.599998 1.789394 1.366861 
0.307000 58.500000 1.789394 1.366861 
0.307000 59.399998 1.789394 1.366861 
0.307000 60.299999 1.789394 1.366861 
0.307000 61.199997 1.789394 1.366861 
0.307000 62.099998 1.789394 1.366861 
0.307000 63.000000 1.789394 1.366861 
0.307000 63.899998 1.789394 1.366861 
0.307000 64.799995 1.789394 1.366861 
0.307000 65.699997 1.789394 1.366861 
0.307000 66.599998 1.789394 1.366861 
0.307000 67.500000 1.789394 1.366861 
0.307000 68.400002 1.789394 1.366861 
0.307000 69.299995 1.789394 1.366861 
0.307000 70.199997 1.789394 1.366861 
0.307000 71.099998 1.789394 1.366861 
0.307000 72.000000 1.789394 1.366861 
0.307000 72.900002 1.789394 1.366861 
0.307000 73.799995 1.789394 1.366861 
0.307000 74.699997 1.789394 1.366861 
0.307000 75.599998 1.789394 1.366861 
0.307000 76.500000 1.789394 1.366861 
0.307000 77.400002 1.789394 1.366861 
0.307000 78.299995 1.789394 1.366861 
0.307000 79.199997 1.789394 1.366861 
0.307000 80.099998 1.789394 1.366861 
0.307000 81.000000 1.789394 1.366861 
0.307000 81.900002 1.789394 1.366861 
0.307000 82.799995 1.789394 1.366861 
0.307000 83.699997 1.789394 1.366861 
0.307000 84.599998 1.789394 1.366861 
0.307000 85.500000 1.789394 1.366861 
0.307000 86.399994 1.789394 1.366861 
0.307000 87.299995 1.789394 1.366861 
0.307000 88.199997 1.789394 1.366861 
0.307000 89.099998 1.789394 1.366861 
0.307000 90.000000 1.789394 1.366861 
0.307000 90.899994 1.789394 1.366861 
0.307000 91.799995 1.789394 1.366861 
0.307000 92.699997 1.789394 1.366861 
0.307000 93.599998 1.789394 1.366861 
0.307000 94.500000 1.789394 1.366861 
0.307000 95.399994 1.789394 1.366861 
0.307000 96.299995 1.789394 1.366861 
0.307000 97.199997 1.789394 1.366861 
0.307000 98.099998 1.789394 1.366861 
0.307000 99.000000 1.789394 1.366861 
0.307000 99.899994 1.789394 1.366861 
0.307000 100.799995 1.789394 1.366861 
0.307000 101.699997 1.789394 1.366861 
0.307000 102.599998 1.789394 1.366861 
0.307000 103.500000 1.789394 1.366861 
0.307000 104.399994 1.789394 1.366861 
0.307000 105.299995 1.789394 1.366861 
0.307000 106.199997 1.789394 1.366861 
0.307000 107.099998 1.789394 1.366861 
0.307000 108.000000 1.789394 1.366861 
0.307000 108.899994 1.789394 1.366861 
0.307000 109.799995 1.789394 1.366861 
0.307000 110.699997 1.789394 1.366861 
0.307000 111.599998 1.789394 1.366861 
0.307000 112.500000 1.789394 1.366861 
0.307000 113.399994 1.789394 1.366861 
0.307000 114.299995 1.789394 1.366861 
0.307000 115.199997 1.789394 1.366861 
0.307000 116.099998 1.789394 1.366861 
0.307000 117.000000 1.789394 1.366861 
0.307000 117.899994 1.789394 1.366861 
0.307000 118.799995 1.789394 1.366861 
0.307000 119.699997 1.789394 1.366861 
0.307000 120.599998 1.789394 1.366861 
0.307000 121.500000 1.789394 1.366861 
0.307000 122.399994 1.789394 1.366861 
0.307000 123.299995 1.789394 1.366861 
0.307000 124.199997 1.789394 1.366861 
0.307000 125.099998 1.789394 1.366861 
0.307000 126.000000 1.789394 1.366861 
0.307000 126.899994 1.789394 1.366861 
0.307000 127.799995 1.789394 1.366861 
0.307000 128.699997 1.789394 1.366861 
0.307000 129.599991 1.789394 1.366861 
0.307000 130.500000 1.789394 1.366861 
0.307000 131.399994 1.789394 1.366861 
0.307000 132.300003 1.789394 1.366861 
0.307000 133.199997 1.789394 1.366861 
0.307000 134.099991 1.789394 1.366861 
0.307000 135.000000 1.789394 1.366861 
0.307000 135.899994 1.789394 1.366861 
0.307000 136.800003 1.789394 1.366861 
0.307000 137.699997 1.789394 1.366861 
0.307000 138.599991 1.789394 1.366861 
0.307000 139.500000 1.789394 1.366861 
0.307000 140.399994 1.789394 1.366861 
0.307000 141.300003 1.789394 1.366861 
0.307000 142.199997 1.789394 1.366861 
0.307000 143.099991 1.789394 1.366861 
0.307000 144.000000 1.789394 1.366861 
0.307000 144.899994 1.789394 1.366861 
0.307000 145.800003 1.789394 1.366861 
0.307000 146.699997 1.789394 1.366861 
0.307000 147.599991 1.789394 1.366861 
0.307000 148.500000 1.789394 1.366861 
0.307000 149.399994 1.789394 1.366861 
0.307000 150.300003 1.789394 1.366861 
0.307000 151.199997 1.789394 1.366861 
0.307000 152.099991 1.789394 1.366861 
0.307000 153.000000 1.789394 1.366861 
0.307000 153.899994 1.789394 1.366861 
0.307000 154.800003 1.789394 1.366861 
0.307000 155.699997 1.789394 1.366861 
0.307000 156.599991 1.789394 1.366861 
0.307000 157.500000 1.789394 1.366861 
0.307000 158.399994 1.789394 1.366861 
0.307000 159.300003 1.789394 1.366861 
0.307000 160.199997 1.789394 1.366861 
0.307000 161.099991 1.789394 1.366861 
0.307000 162.000000 1.789394 1.366861 
0.307000 162.899994 1.789394 1.366861 
0.307000 163.800003 1.789394 1.366861 
0.307000 164.699997 1.789394 1.366861 
0.307000 165.599991 1.789394 1.366861 
0.307000 166.500000 1.789394 1.366861 
0.307000 167.399994 1.789394 1.366861 
0.307000 168.300003 1.789394 1.366861 
0.307000 169.199997 1.789394 1.366861 
0.307000 170.099991 1.789394 1.366861 
0.307000 171.000000 1.789394 1.366861 
0.307000 171.899994 1.789394 1.366861 
0.307000 172.799988 1.789394 1.366861 
0.307000 173.699997 1.789394 1.366861 
0.307000 174.599991 1.789394 1.366861 
0.307000 175.500000 1.789394 1.366861 
0.307000 176.399994 1.789394 1.366861 
0.307000 177.299988 1.789394 1.366861 
0.307000 178.199997 1.789394 1.366861 
0.307000 179.099991 1.789394 1.366861 
0.307000 180.000000 1.789394 1.366861 
0.307000 180.899994 1.789394 1.366861 
0.307000 181.799988 1.789394 1.366861 
0.307000 182.699997 1.789394 1.366861 
0.307000 183.599991 1.789394 1.366861 
0.307000 184.500000 1.789394 1.366861 
0.307000 185.399994 1.789394 1.366861 
0.307000 186.299988 1.789394 1.366861 
0.307000 187.199997 1.789394 1.366861 
0.307000 188.099991 1.789394 1.366861 
0.307000 189.000000 1.789394 1.366861 
0.307000 189.899994 1.789394 1.366861 
0.307000 190.799988 1.789394 1.366861 
0.307000 191.699997 1.789394 1.366861 
0.307000 192.599991 1.789394 1.366861 
0.307000 193.500000 1.789394 1.366861 
0.307000 194.399994 1.789394 1.366861 
0.307000 195.299988 1.789394 1.366861 
0.307000 196.199997 1.789394 1.366861 
0.307000 197.099991 1.789394 1.366861 
0.307000 198.000000 1.789394 1.366861 
0.307000 198.899994 1.789394 1.366861 
0.307000 199.799988 1.789394 1.366861 
0.307000 200.699997 1.789394 1.366861 
0.307000 201.599991 1.789394 1.366861 
0.307000 202.500000 1.789394 1.366861 
0.307000 203.399994 1.789394 1.366861 
0.307000 204.299988 1.789394 1.366861 
0.307000 205.199997 1.789394 1.366861 
0.307000 206.099991 1.789394 1.366861 
0.307000 207.000000 1.789394 1.366861 
0.307000 207.899994 1.789394 1.366861 
0.307000 208.799988 1.789394 1.366861 
0.307000 209.699997 1.789394 1.366861 
0.307000 210.599991 1.789394 1.366861 
0.307000 211.500000 1.789394 1.366861 
0.307000 212.399994 1.789394 1.366861 
0.307000 213.299988 1.789394 1.366861 
0.307000 214.199997 1.789394 1.366861 
0.307000 215.099991 1.789394 1.366861 
0.307000 216.000000 1.789394 1.366861 
0.307000 216.899994 1.789394 1.366861 
0.307000 217.799988 1.789394 1.366861 
0.307000 218.699997 1.789394 1.366861 
0.307000 219.599991 1.789394 1.366861 
0.307000 220.500000 1.789394 1.366861 
0.307000 221.399994 1.789394 1.366861 
0.307000 222.299988 1.789394 1.366861 
0.307000 223.199997 1.789394 1.366861 
0.307000 224.099991 1.789394 1.366861 
0.307000 225.000000 1.789394 1.366861 
0.307000 225.899994 1.789394 1.366861 
0.307000 226.799988 1.789394 1.366861 
0.307000 227.699997 1.789394 1.366861 
0.307000 228.599991 1.789392 1.366861 
0.307000 229.500000 1.789380 1.366861 
