0.466000 0.000000 1.887820 1.133891 
0.466000 0.900000 1.887785 1.133891 
0.466000 1.800000 1.887802 1.133891 
0.466000 2.700000 1.887804 1.133891 
0.466000 3.600000 1.887807 1.133892 
0.466000 4.500000 1.887809 1.133893 
0.466000 5.400000 1.887810 1.133893 
0.466000 6.300000 1.887811 1.133893 
0.466000 7.200000 1.887811 1.133893 
0.466000 8.099999 1.887812 1.133893 
0.466000 9.000000 1.887812 1.133893 
0.466000 9.900000 1.887812 1.133893 
0.466000 10.799999 1.887812 1.133893 
0.466000 11.700000 1.887812 1.133893 
0.466000 12.599999 1.887812 1.133893 
0.466000 13.500000 1.887812 1.133893 
0.466000 14.400000 1.887812 1.133893 
0.466000 15.299999 1.887812 1.133893 
0.466000 16.199999 1.887812 1.133893 
0.466000 17.100000 1.887812 1.133893 
0.466000 18.000000 1.887812 1.133893 
0.466000 18.900000 1.887812 1.133893 
0.466000 19.799999 1.887812 1.133893 
0.466000 20.699999 1.887812 1.133893 
0.466000 21.599998 1.887812 1.133893 
0.466000 22.500000 1.887812 1.133893 
0.466000 23.400000 1.887812 1.133893 
0.466000 24.299999 1.887812 1.133893 
0.466000 25.199999 1.887812 1.133893 
0.466000 26.099998 1.887812 1.133893 
0.466000 27.000000 1.887812 1.133893 
0.466000 27.900000 1.887812 1.133893 
0.466000 28.799999 1.887812 1.133893 
0.466000 29.699999 1.887812 1.133893 
0.466000 30.599998 1.887812 1.133893 
0.466000 31.500000 1.887812 1.133893 
0.466000 32.399998 1.887812 1.133893 
0.466000 33.299999 1.887812 1.133893 
0.466000 34.200001 1.887812 1.133893 
0.466000 35.099998 1.887812 1.133893 
0.466000 36.000000 1.887812 1.133893 
0.466000 36.899998 1.887812 1.133893 
0.466000 37.799999 1.887812 1.133893 
0.466000 38.700001 1.887812 1.133893 
0.466000 39.599998 1.887812 1.133893 
0.466000 40.500000 1.887812 1.133893 
0.466000 41.399998 1.887812 1.133893 
0.466000 42.299999 1.887812 1.133893 
0.466000 43.199997 1.887812 1.133893 
0.466000 44.099998 1.887812 1.133893 
0.466000 45.000000 1.887812 1.133893 
0.466000 45.899998 1.887812 1.133893 
0.466000 46.799999 1.887812 1.133893 
0.466000 47.699997 1.887812 1.133893 
0.466000 48.599998 1.887812 1.133893 
0.466000 49.500000 1.887812 1.133893 
0.466000 50.399998 1.887812 1.133893 
0.466000 51.299999 1.887812 1.133893 
0.466000 52.199997 1.887812 1.133893 
0.466000 53.099998 1.887812 1.133893 
0.466000 54.000000 1.887812 1.133893 
0.466000 54.899998 1.887812 1.133893 
0.466000 55.799999 1.887812 1.133893 
0.466000 56.699997 1.887812 1.133893 
0.466000 57.599998 1.887812 1.133893 
0.466000 58.500000 1.887812 1.133893 
0.466000 59.399998 1.887812 1.133893 
0.466000 60.299999 1.887812 1.133893 
0.466000 61.199997 1.887812 1.133893 
0.466000 62.099998 1.887812 1.133893 
0.466000 63.000000 1.887812 1.133893 
0.466000 63.899998 1.887812 1.133893 
0.466000 64.799995 1.887812 1.133893 
0.466000 65.699997 1.887812 1.133893 
0.466000 66.599998 1.887812 1.133893 
0.466000 67.500000 1.887812 1.133893 
0.466000 68.400002 1.887812 1.133893 
0.466000 69.299995 1.887812 1.133893 
0.466000 70.199997 1.887812 1.133893 
0.466000 71.099998 1.887812 1.133893 
0.466000 72.000000 1.887812 1.133893 
0.466000 72.900002 1.887812 1.133893 
0.466000 73.799995 1.887812 1.133893 
0.466000 74.699997 1.887812 1.133893 
0.466000 75.599998 1.887812 1.133893 
0.466000 76.500000 1.887812 1.133893 
0.466000 77.400002 1.887812 1.133893 
0.466000 78.299995 1.887812 1.133893 
0.466000 79.199997 1.887812 1.133893 
0.466000 80.099998 1.887812 1.133893 
0.466000 81.000000 1.887812 1.133893 
0.466000 81.900002 1.887812 1.133893 
0.466000 82.799995 1.887812 1.133893 
0.466000 83.699997 1.887812 1.133893 
0.466000 84.599998 1.887812 1.133893 
0.466000 85.500000 1.887812 1.133893 
0.466000 86.399994 1.887812 1.133893 
0.466000 87.299995 1.887812 1.133893 
0.466000 88.199997 1.887812 1.133893 
0.466000 89.099998 1.887812 1.133893 
0.466000 90.000000 1.887812 1.133893 
0.466000 90.899994 1.887812 1.133893 
0.466000 91.799995 1.887812 1.133893 
0.466000 92.699997 1.887812 1.133893 
0.466000 93.599998 1.887812 1.133893 
0.466000 94.500000 1.887812 1.133893 
0.466000 95.399994 1.887812 1.133893 
0.466000 96.299995 1.887812 1.133893 
0.466000 97.199997 1.887812 1.133893 
0.466000 98.099998 1.887812 1.133893 
0.466000 99.000000 1.887812 1.133893 
0.466000 99.899994 1.887812 1.133893 
0.466000 100.799995 1.887812 1.133893 
0.466000 101.699997 1.887812 1.133893 
0.466000 102.599998 1.887812 1.133893 
0.466000 103.500000 1.887812 1.133893 
0.466000 104.399994 1.887812 1.133893 
0.466000 105.299995 1.887812 1.133893 
0.466000 106.199997 1.887812 1.133893 
0.466000 107.099998 1.887812 1.133893 
0.466000 108.000000 1.887812 1.133893 
0.466000 108.899994 1.887812 1.133893 
0.466000 109.799995 1.887812 1.133893 
0.466000 110.699997 1.887812 1.133893 
0.466000 111.599998 1.887812 1.133893 
0.466000 112.500000 1.887812 1.133893 
0.466000 113.399994 1.887812 1.133893 
0.466000 114.299995 1.887812 1.133893 
0.466000 115.199997 1.887812 1.133893 
0.466000 116.099998 1.887812 1.133893 
0.466000 117.000000 1.887812 1.133893 
0.466000 117.899994 1.887812 1.133893 
0.466000 118.799995 1.887812 1.133893 
0.466000 119.699997 1.887812 1.133893 
0.466000 120.599998 1.887812 1.133893 
0.466000 121.500000 1.887812 1.133893 
0.466000 122.399994 1.887812 1.133893 
0.466000 123.299995 1.887812 1.133893 
0.466000 124.199997 1.887812 1.133893 
0.466000 125.099998 1.887812 1.133893 
0.466000 126.000000 1.887812 1.133893 
0.466000 126.899994 1.887812 1.133893 
0.466000 127.799995 1.887812 1.133893 
0.466000 128.699997 1.887812 1.133893 
0.466000 129.599991 1.887812 1.133893 
0.466000 130.500000 1.887812 1.133893 
0.466000 131.399994 1.887812 1.133893 
0.466000 132.300003 1.887812 1.133893 
0.466000 133.199997 1.887812 1.133893 
0.466000 134.099991 1.887812 1.133893 
0.466000 135.000000 1.887812 1.133893 
0.466000 135.899994 1.887812 1.133893 
0.466000 136.800003 1.887812 1.133893 
0.466000 137.699997 1.887812 1.133893 
0.466000 138.599991 1.887812 1.133893 
0.466000 139.500000 1.887812 1.133893 
0.466000 140.399994 1.887812 1.133893 
0.466000 141.300003 1.887812 1.133893 
0.466000 142.199997 1.887812 1.133893 
0.466000 143.099991 1.887812 1.133893 
0.466000 144.000000 1.887812 1.133893 
0.466000 144.899994 1.887812 1.133893 
0.466000 145.800003 1.887812 1.133893 
0.466000 146.699997 1.887812 1.133893 
0.466000 147.599991 1.887812 1.133893 
0.466000 148.500000 1.887812 1.133893 
0.466000 149.399994 1.887812 1.133893 
0.466000 150.300003 1.887812 1.133893 
0.466000 151.199997 1.887812 1.133893 
0.466000 152.099991 1.887812 1.133893 
0.466000 153.000000 1.887812 1.133893 
0.466000 153.899994 1.887812 1.133893 
0.466000 154.800003 1.887812 1.133893 
0.466000 155.699997 1.887812 1.133893 
0.466000 156.599991 1.887812 1.133893 
0.466000 157.500000 1.887812 1.133893 
0.466000 158.399994 1.887812 1.133893 
0.466000 159.300003 1.887812 1.133893 
0.466000 160.199997 1.887812 1.133893 
0.466000 161.099991 1.887812 1.133893 
0.466000 162.000000 1.887812 1.133893 
0.466000 162.899994 1.887812 1.133893 
0.466000 163.800003 1.887812 1.133893 
0.466000 164.699997 1.887812 1.133893 
0.466000 165.599991 1.887812 1.133893 
0.466000 166.500000 1.887812 1.133893 
0.466000 167.399994 1.887812 1.133893 
0.466000 168.300003 1.887812 1.133893 
0.466000 169.199997 1.887812 1.133893 
0.466000 170.099991 1.887812 1.133893 
0.466000 171.000000 1.887812 1.133893 
0.466000 171.899994 1.887812 1.133893 
0.466000 172.799988 1.887812 1.133893 
0.466000 173.699997 1.887812 1.133893 
0.466000 174.599991 1.887812 1.133893 
0.466000 175.500000 1.887812 1.133893 
0.466000 176.399994 1.887812 1.133893 
0.466000 177.299988 1.887812 1.133893 
0.466000 178.199997 1.887812 1.133893 
0.466000 179.099991 1.887812 1.133893 
0.466000 180.000000 1.887812 1.133893 
0.466000 180.899994 1.887812 1.133893 
0.466000 181.799988 1.887812 1.133893 
0.466000 182.699997 1.887812 1.133893 
0.466000 183.599991 1.887812 1.133893 
0.466000 184.500000 1.887812 1.133893 
0.466000 185.399994 1.887812 1.133893 
0.466000 186.299988 1.887812 1.133893 
0.466000 187.199997 1.887812 1.133893 
0.466000 188.099991 1.887812 1.133893 
0.466000 189.000000 1.887812 1.133893 
0.466000 189.899994 1.887812 1.133893 
0.466000 190.799988 1.887812 1.133893 
0.466000 191.699997 1.887812 1.133893 
0.466000 192.599991 1.887812 1.133893 
0.466000 193.500000 1.887812 1.133893 
0.466000 194.399994 1.887812 1.133893 
0.466000 195.299988 1.887812 1.133893 
0.466000 196.199997 1.887812 1.133893 
0.466000 197.099991 1.887812 1.133893 
0.466000 198.000000 1.887812 1.133893 
0.466000 198.899994 1.887812 1.133893 
0.466000 199.799988 1.887812 1.133893 
0.466000 200.699997 1.887812 1.133893 
0.466000 201.599991 1.887812 1.133893 
0.466000 202.500000 1.887812 1.133893 
0.466000 203.399994 1.887812 1.133893 
0.466000 204.299988 1.887812 1.133893 
0.466000 205.199997 1.887812 1.133893 
0.466000 206.099991 1.887812 1.133893 
0.466000 207.000000 1.887812 1.133893 
0.466000 207.899994 1.887812 1.133893 
0.466000 208.799988 1.887812 1.133893 
0.466000 209.699997 1.887812 1.133893 
0.466000 210.599991 1.887812 1.133893 
0.466000 211.500000 1.887812 1.133893 
0.466000 212.399994 1.887812 1.133893 
0.466000 213.299988 1.887812 1.133893 
0.466000 214.199997 1.887812 1.133893 
0.466000 215.099991 1.887812 1.133893 
0.466000 216.000000 1.887812 1.133893 
0.466000 216.899994 1.887812 1.133893 
0.466000 217.799988 1.887812 1.133893 
0.466000 218.699997 1.887812 1.133893 
0.466000 219.599991 1.887812 1.133893 
0.466000 220.500000 1.887812 1.133893 
0.466000 221.399994 1.887812 1.133893 
0.466000 222.299988 1.887812 1.133893 
0.466000 223.199997 1.887812 1.133893 
0.466000 224.099991 1.887812 1.133893 
0.466000 225.000000 1.887812 1.133893 
0.466000 225.899994 1.887812 1.133893 
0.466000 226.799988 1.887812 1.133893 
0.466000 227.699997 1.887811 1.133893 
0.466000 228.599991 1.887809 1.133893 
0.466000 229.500000 1.887791 1.133894 
