0.619000 0.000000 1.896190 0.988065 
0.619000 0.900000 1.896146 0.988065 
0.619000 1.800000 1.896165 0.988065 
0.619000 2.700000 1.896170 0.988065 
0.619000 3.600000 1.896176 0.988065 
0.619000 4.500000 1.896178 0.988065 
0.619000 5.400000 1.896180 0.988065 
0.619000 6.300000 1.896181 0.988065 
0.619000 7.200000 1.896182 0.988065 
0.619000 8.099999 1.896182 0.988065 
0.619000 9.000000 1.896182 0.988065 
0.619000 9.900000 1.896183 0.988065 
0.619000 10.799999 1.896183 0.988065 
0.619000 11.700000 1.896183 0.988065 
0.619000 12.599999 1.896183 0.988065 
0.619000 13.500000 1.896183 0.988065 
0.619000 14.400000 1.896183 0.988065 
0.619000 15.299999 1.896183 0.988065 
0.619000 16.199999 1.896183 0.988065 
0.619000 17.100000 1.896183 0.988065 
0.619000 18.000000 1.896183 0.988065 
0.619000 18.900000 1.896183 0.988065 
0.619000 19.799999 1.896183 0.988065 
0.619000 20.699999 1.896183 0.988065 
0.619000 21.599998 1.896183 0.988065 
0.619000 22.500000 1.896183 0.988065 
0.619000 23.400000 1.896183 0.988065 
0.619000 24.299999 1.896183 0.988065 
0.619000 25.199999 1.896183 0.988065 
0.619000 26.099998 1.896183 0.988065 
0.619000 27.000000 1.896183 0.988065 
0.619000 27.900000 1.896183 0.988065 
0.619000 28.799999 1.896183 0.988065 
0.619000 29.699999 1.896183 0.988065 
0.619000 30.599998 1.896183 0.988065 
0.619000 31.500000 1.896183 0.988065 
0.619000 32.399998 1.896183 0.988065 
0.619000 33.299999 1.896183 0.988065 
0.619000 34.200001 1.896183 0.988065 
0.619000 35.099998 1.896183 0.988065 
0.619000 36.000000 1.896183 0.988065 
0.619000 36.899998 1.896183 0.988065 
0.619000 37.799999 1.896183 0.988065 
0.619000 38.700001 1.896183 0.988065 
0.619000 39.599998 1.896183 0.988065 
0.619000 40.500000 1.896183 0.988065 
0.619000 41.399998 1.896183 0.988065 
0.619000 42.299999 1.896183 0.988065 
0.619000 43.199997 1.896183 0.988065 
0.619000 44.099998 1.896183 0.988065 
0.619000 45.000000 1.896183 0.988065 
0.619000 45.899998 1.896183 0.988065 
0.619000 46.799999 1.896183 0.988065 
0.619000 47.699997 1.896183 0.988065 
0.619000 48.599998 1.896183 0.988065 
0.619000 49.500000 1.896183 0.988065 
0.619000 50.399998 1.896183 0.988065 
0.619000 51.299999 1.896183 0.988065 
0.619000 52.199997 1.896183 0.988065 
0.619000 53.099998 1.896183 0.988065 
0.619000 54.000000 1.896183 0.988065 
0.619000 54.899998 1.896183 0.988065 
0.619000 55.799999 1.896183 0.988065 
0.619000 56.699997 1.896183 0.988065 
0.619000 57.599998 1.896183 0.988065 
0.619000 58.500000 1.896183 0.988065 
0.619000 59.399998 1.896183 0.988065 
0.619000 60.299999 1.896183 0.988065 
0.619000 61.199997 1.896183 0.988065 
0.619000 62.099998 1.896183 0.988065 
0.619000 63.000000 1.896183 0.988065 
0.619000 63.899998 1.896183 0.988065 
0.619000 64.799995 1.896183 0.988065 
0.619000 65.699997 1.896183 0.988065 
0.619000 66.599998 1.896183 0.988065 
0.619000 67.500000 1.896183 0.988065 
0.619000 68.400002 1.896183 0.988065 
0.619000 69.299995 1.896183 0.988065 
0.619000 70.199997 1.896183 0.988065 
0.619000 71.099998 1.896183 0.988065 
0.619000 72.000000 1.896183 0.988065 
0.619000 72.900002 1.896183 0.988065 
0.619000 73.799995 1.896183 0.988065 
0.619000 74.699997 1.896183 0.988065 
0.619000 75.599998 1.896183 0.988065 
0.619000 76.500000 1.896183 0.988065 
0.619000 77.400002 1.896183 0.988065 
0.619000 78.299995 1.896183 0.988065 
0.619000 79.199997 1.896183 0.988065 
0.619000 80.099998 1.896183 0.988065 
0.619000 81.000000 1.896183 0.988065 
0.619000 81.900002 1.896183 0.988065 
0.619000 82.799995 1.896183 0.988065 
0.619000 83.699997 1.896183 0.988065 
0.619000 84.599998 1.896183 0.988065 
0.619000 85.500000 1.896183 0.988065 
0.619000 86.399994 1.896183 0.988065 
0.619000 87.299995 1.896183 0.988065 
0.619000 88.199997 1.896183 0.988065 
0.619000 89.099998 1.896183 0.988065 
0.619000 90.000000 1.896183 0.988065 
0.619000 90.899994 1.896183 0.988065 
0.619000 91.799995 1.896183 0.988065 
0.619000 92.699997 1.896183 0.988065 
0.619000 93.599998 1.896183 0.988065 
0.619000 94.500000 1.896183 0.988065 
0.619000 95.399994 1.896183 0.988065 
0.619000 96.299995 1.896183 0.988065 
0.619000 97.199997 1.896183 0.988065 
0.619000 98.099998 1.896183 0.988065 
0.619000 99.000000 1.896183 0.988065 
0.619000 99.899994 1.896183 0.988065 
0.619000 100.799995 1.896183 0.988065 
0.619000 101.699997 1.896183 0.988065 
0.619000 102.599998 1.896183 0.988065 
0.619000 103.500000 1.896183 0.988065 
0.619000 104.399994 1.896183 0.988065 
0.619000 105.299995 1.896183 0.988065 
0.619000 106.199997 1.896183 0.988065 
0.619000 107.099998 1.896183 0.988065 
0.619000 108.000000 1.896183 0.988065 
0.619000 108.899994 1.896183 0.988065 
0.619000 109.799995 1.896183 0.988065 
0.619000 110.699997 1.896183 0.988065 
0.619000 111.599998 1.896183 0.988065 
0.619000 112.500000 1.896183 0.988065 
0.619000 113.399994 1.896183 0.988065 
0.619000 114.299995 1.896183 0.988065 
0.619000 115.199997 1.896183 0.988065 
0.619000 116.099998 1.896183 0.988065 
0.619000 117.000000 1.896183 0.988065 
0.619000 117.899994 1.896183 0.988065 
0.619000 118.799995 1.896183 0.988065 
0.619000 119.699997 1.896183 0.988065 
0.619000 120.599998 1.896183 0.988065 
0.619000 121.500000 1.896183 0.988065 
0.619000 122.399994 1.896183 0.988065 
0.619000 123.299995 1.896183 0.988065 
0.619000 124.199997 1.896183 0.988065 
0.619000 125.099998 1.896183 0.988065 
0.619000 126.000000 1.896183 0.988065 
0.619000 126.899994 1.896183 0.988065 
0.619000 127.799995 1.896183 0.988065 
0.619000 128.699997 1.896183 0.988065 
0.619000 129.599991 1.896183 0.988065 
0.619000 130.500000 1.896183 0.988065 
0.619000 131.399994 1.896183 0.988065 
0.619000 132.300003 1.896183 0.988065 
0.619000 133.199997 1.896183 0.988065 
0.619000 134.099991 1.896183 0.988065 
0.619000 135.000000 1.896183 0.988065 
0.619000 135.899994 1.896183 0.988065 
0.619000 136.800003 1.896183 0.988065 
0.619000 137.699997 1.896183 0.988065 
0.619000 138.599991 1.896183 0.988065 
0.619000 139.500000 1.896183 0.988065 
0.619000 140.399994 1.896183 0.988065 
0.619000 141.300003 1.896183 0.988065 
0.619000 142.199997 1.896183 0.988065 
0.619000 143.099991 1.896183 0.988065 
0.619000 144.000000 1.896183 0.988065 
0.619000 144.899994 1.896183 0.988065 
0.619000 145.800003 1.896183 0.988065 
0.619000 146.699997 1.896183 0.988065 
0.619000 147.599991 1.896183 0.988065 
0.619000 148.500000 1.896183 0.988065 
0.619000 149.399994 1.896183 0.988065 
0.619000 150.300003 1.896183 0.988065 
0.619000 151.199997 1.896183 0.988065 
0.619000 152.099991 1.896183 0.988065 
0.619000 153.000000 1.896183 0.988065 
0.619000 153.899994 1.896183 0.988065 
0.619000 154.800003 1.896183 0.988065 
0.619000 155.699997 1.896183 0.988065 
0.619000 156.599991 1.896183 0.988065 
0.619000 157.500000 1.896183 0.988065 
0.619000 158.399994 1.896183 0.988065 
0.619000 159.300003 1.896183 0.988065 
0.619000 160.199997 1.896183 0.988065 
0.619000 161.099991 1.896183 0.988065 
0.619000 162.000000 1.896183 0.988065 
0.619000 162.899994 1.896183 0.988065 
0.619000 163.800003 1.896183 0.988065 
0.619000 164.699997 1.896183 0.988065 
0.619000 165.599991 1.896183 0.988065 
0.619000 166.500000 1.896183 0.988065 
0.619000 167.399994 1.896183 0.988065 
0.619000 168.300003 1.896183 0.988065 
0.619000 169.199997 1.896183 0.988065 
0.619000 170.099991 1.896183 0.988065 
0.619000 171.000000 1.896183 0.988065 
0.619000 171.899994 1.896183 0.988065 
0.619000 172.799988 1.896183 0.988065 
0.619000 173.699997 1.896183 0.988065 
0.619000 174.599991 1.896183 0.988065 
0.619000 175.500000 1.896183 0.988065 
0.619000 176.399994 1.896183 0.988065 
0.619000 177.299988 1.896183 0.988065 
0.619000 178.199997 1.896183 0.988065 
0.619000 179.099991 1.896183 0.988065 
0.619000 180.000000 1.896183 0.988065 
0.619000 180.899994 1.896183 0.988065 
0.619000 181.799988 1.896183 0.988065 
0.619000 182.699997 1.896183 0.988065 
0.619000 183.599991 1.896183 0.988065 
0.619000 184.500000 1.896183 0.988065 
0.619000 185.399994 1.896183 0.988065 
0.619000 186.299988 1.896183 0.988065 
0.619000 187.199997 1.896183 0.988065 
0.619000 188.099991 1.896183 0.988065 
0.619000 189.000000 1.896183 0.988065 
0.619000 189.899994 1.896183 0.988065 
0.619000 190.799988 1.896183 0.988065 
0.619000 191.699997 1.896183 0.988065 
0.619000 192.599991 1.896183 0.988065 
0.619000 193.500000 1.896183 0.988065 
0.619000 194.399994 1.896183 0.988065 
0.619000 195.299988 1.896183 0.988065 
0.619000 196.199997 1.896183 0.988065 
0.619000 197.099991 1.896183 0.988065 
0.619000 198.000000 1.896183 0.988065 
0.619000 198.899994 1.896183 0.988065 
0.619000 199.799988 1.896183 0.988065 
0.619000 200.699997 1.896183 0.988065 
0.619000 201.599991 1.896183 0.988065 
0.619000 202.500000 1.896183 0.988065 
0.619000 203.399994 1.896183 0.988065 
0.619000 204.299988 1.896183 0.988065 
0.619000 205.199997 1.896183 0.988065 
0.619000 206.099991 1.896183 0.988065 
0.619000 207.000000 1.896183 0.988065 
0.619000 207.899994 1.896183 0.988065 
0.619000 208.799988 1.896183 0.988065 
0.619000 209.699997 1.896183 0.988065 
0.619000 210.599991 1.896183 0.988065 
0.619000 211.500000 1.896183 0.988065 
0.619000 212.399994 1.896183 0.988065 
0.619000 213.299988 1.896183 0.988065 
0.619000 214.199997 1.896183 0.988065 
0.619000 215.099991 1.896183 0.988065 
0.619000 216.000000 1.896183 0.988065 
0.619000 216.899994 1.896183 0.988065 
0.619000 217.799988 1.896183 0.988065 
0.619000 218.699997 1.896183 0.988065 
0.619000 219.599991 1.896183 0.988065 
0.619000 220.500000 1.896183 0.988065 
0.619000 221.399994 1.896183 0.988065 
0.619000 222.299988 1.896183 0.988065 
0.619000 223.199997 1.896183 0.988065 
0.619000 224.099991 1.896183 0.988065 
0.619000 225.000000 1.896183 0.988065 
0.619000 225.899994 1.896183 0.988065 
0.619000 226.799988 1.896183 0.988065 
0.619000 227.699997 1.896183 0.988066 
0.619000 228.599991 1.896177 0.988066 
0.619000 229.500000 1.896152 0.988066 
