0.579000 0.000000 1.901379 1.018839 
0.579000 0.900000 1.901337 1.018839 
0.579000 1.800000 1.901355 1.018839 
0.579000 2.700000 1.901359 1.018839 
0.579000 3.600000 1.901364 1.018839 
0.579000 4.500000 1.901367 1.018839 
0.579000 5.400000 1.901368 1.018839 
0.579000 6.300000 1.901369 1.018839 
0.579000 7.200000 1.901371 1.018839 
0.579000 8.099999 1.901371 1.018839 
0.579000 9.000000 1.901371 1.018839 
0.579000 9.900000 1.901371 1.018839 
0.579000 10.799999 1.901371 1.018839 
0.579000 11.700000 1.901371 1.018839 
0.579000 12.599999 1.901371 1.018839 
0.579000 13.500000 1.901372 1.018839 
0.579000 14.400000 1.901372 1.018839 
0.579000 15.299999 1.901372 1.018839 
0.579000 16.199999 1.901372 1.018840 
0.579000 17.100000 1.901372 1.018840 
0.579000 18.000000 1.901372 1.018840 
0.579000 18.900000 1.901372 1.018840 
0.579000 19.799999 1.901372 1.018840 
0.579000 20.699999 1.901372 1.018840 
0.579000 21.599998 1.901372 1.018840 
0.579000 22.500000 1.901372 1.018840 
0.579000 23.400000 1.901372 1.018840 
0.579000 24.299999 1.901372 1.018840 
0.579000 25.199999 1.901372 1.018840 
0.579000 26.099998 1.901372 1.018840 
0.579000 27.000000 1.901372 1.018840 
0.579000 27.900000 1.901372 1.018840 
0.579000 28.799999 1.901372 1.018840 
0.579000 29.699999 1.901372 1.018840 
0.579000 30.599998 1.901372 1.018840 
0.579000 31.500000 1.901372 1.018840 
0.579000 32.399998 1.901372 1.018840 
0.579000 33.299999 1.901372 1.018840 
0.579000 34.200001 1.901372 1.018840 
0.579000 35.099998 1.901372 1.018840 
0.579000 36.000000 1.901372 1.018840 
0.579000 36.899998 1.901372 1.018840 
0.579000 37.799999 1.901372 1.018840 
0.579000 38.700001 1.901372 1.018840 
0.579000 39.599998 1.901372 1.018840 
0.579000 40.500000 1.901372 1.018840 
0.579000 41.399998 1.901372 1.018840 
0.579000 42.299999 1.901372 1.018840 
0.579000 43.199997 1.901372 1.018840 
0.579000 44.099998 1.901372 1.018840 
0.579000 45.000000 1.901372 1.018840 
0.579000 45.899998 1.901372 1.018840 
0.579000 46.799999 1.901372 1.018840 
0.579000 47.699997 1.901372 1.018840 
0.579000 48.599998 1.901372 1.018840 
0.579000 49.500000 1.901372 1.018840 
0.579000 50.399998 1.901372 1.018840 
0.579000 51.299999 1.901372 1.018840 
0.579000 52.199997 1.901372 1.018840 
0.579000 53.099998 1.901372 1.018840 
0.579000 54.000000 1.901372 1.018840 
0.579000 54.899998 1.901372 1.018840 
0.579000 55.799999 1.901372 1.018840 
0.579000 56.699997 1.901372 1.018840 
0.579000 57.599998 1.901372 1.018840 
0.579000 58.500000 1.901372 1.018840 
0.579000 59.399998 1.901372 1.018840 
0.579000 60.299999 1.901372 1.018840 
0.579000 61.199997 1.901372 1.018840 
0.579000 62.099998 1.901372 1.018840 
0.579000 63.000000 1.901372 1.018840 
0.579000 63.899998 1.901372 1.018840 
0.579000 64.799995 1.901372 1.018840 
0.579000 65.699997 1.901372 1.018840 
0.579000 66.599998 1.901372 1.018840 
0.579000 67.500000 1.901372 1.018840 
0.579000 68.400002 1.901372 1.018840 
0.579000 69.299995 1.901372 1.018840 
0.579000 70.199997 1.901372 1.018840 
0.579000 71.099998 1.901372 1.018840 
0.579000 72.000000 1.901372 1.018840 
0.579000 72.900002 1.901372 1.018840 
0.579000 73.799995 1.901372 1.018840 
0.579000 74.699997 1.901372 1.018840 
0.579000 75.599998 1.901372 1.018840 
0.579000 76.500000 1.901372 1.018840 
0.579000 77.400002 1.901372 1.018840 
0.579000 78.299995 1.901372 1.018840 
0.579000 79.199997 1.901372 1.018840 
0.579000 80.099998 1.901372 1.018840 
0.579000 81.000000 1.901372 1.018840 
0.579000 81.900002 1.901372 1.018840 
0.579000 82.799995 1.901372 1.018840 
0.579000 83.699997 1.901372 1.018840 
0.579000 84.599998 1.901372 1.018840 
0.579000 85.500000 1.901372 1.018840 
0.579000 86.399994 1.901372 1.018840 
0.579000 87.299995 1.901372 1.018840 
0.579000 88.199997 1.901372 1.018840 
0.579000 89.099998 1.901372 1.018840 
0.579000 90.000000 1.901372 1.018840 
0.579000 90.899994 1.901372 1.018840 
0.579000 91.799995 1.901372 1.018840 
0.579000 92.699997 1.901372 1.018840 
0.579000 93.599998 1.901372 1.018840 
0.579000 94.500000 1.901372 1.018840 
0.579000 95.399994 1.901372 1.018840 
0.579000 96.299995 1.901372 1.018840 
0.579000 97.199997 1.901372 1.018840 
0.579000 98.099998 1.901372 1.018840 
0.579000 99.000000 1.901372 1.018840 
0.579000 99.899994 1.901372 1.018840 
0.579000 100.799995 1.901372 1.018840 
0.579000 101.699997 1.901372 1.018840 
0.579000 102.599998 1.901372 1.018840 
0.579000 103.500000 1.901372 1.018840 
0.579000 104.399994 1.901372 1.018840 
0.579000 105.299995 1.901372 1.018840 
0.579000 106.199997 1.901372 1.018840 
0.579000 107.099998 1.901372 1.018840 
0.579000 108.000000 1.901372 1.018840 
0.579000 108.899994 1.901372 1.018840 
0.579000 109.799995 1.901372 1.018840 
0.579000 110.699997 1.901372 1.018840 
0.579000 111.599998 1.901372 1.018840 
0.579000 112.500000 1.901372 1.018840 
0.579000 113.399994 1.901372 1.018840 
0.579000 114.299995 1.901372 1.018840 
0.579000 115.199997 1.901372 1.018840 
0.579000 116.099998 1.901372 1.018840 
0.579000 117.000000 1.901372 1.018840 
0.579000 117.899994 1.901372 1.018840 
0.579000 118.799995 1.901372 1.018840 
0.579000 119.699997 1.901372 1.018840 
0.579000 120.599998 1.901372 1.018840 
0.579000 121.500000 1.901372 1.018840 
0.579000 122.399994 1.901372 1.018840 
0.579000 123.299995 1.901372 1.018840 
0.579000 124.199997 1.901372 1.018840 
0.579000 125.099998 1.901372 1.018840 
0.579000 126.000000 1.901372 1.018840 
0.579000 126.899994 1.901372 1.018840 
0.579000 127.799995 1.901372 1.018840 
0.579000 128.699997 1.901372 1.018840 
0.579000 129.599991 1.901372 1.018840 
0.579000 130.500000 1.901372 1.018840 
0.579000 131.399994 1.901372 1.018840 
0.579000 132.300003 1.901372 1.018840 
0.579000 133.199997 1.901372 1.018840 
0.579000 134.099991 1.901372 1.018840 
0.579000 135.000000 1.901372 1.018840 
0.579000 135.899994 1.901372 1.018840 
0.579000 136.800003 1.901372 1.018840 
0.579000 137.699997 1.901372 1.018840 
0.579000 138.599991 1.901372 1.018840 
0.579000 139.500000 1.901372 1.018840 
0.579000 140.399994 1.901372 1.018840 
0.579000 141.300003 1.901372 1.018840 
0.579000 142.199997 1.901372 1.018840 
0.579000 143.099991 1.901372 1.018840 
0.579000 144.000000 1.901372 1.018840 
0.579000 144.899994 1.901372 1.018840 
0.579000 145.800003 1.901372 1.018840 
0.579000 146.699997 1.901372 1.018840 
0.579000 147.599991 1.901372 1.018840 
0.579000 148.500000 1.901372 1.018840 
0.579000 149.399994 1.901372 1.018840 
0.579000 150.300003 1.901372 1.018840 
0.579000 151.199997 1.901372 1.018840 
0.579000 152.099991 1.901372 1.018840 
0.579000 153.000000 1.901372 1.018840 
0.579000 153.899994 1.901372 1.018840 
0.579000 154.800003 1.901372 1.018840 
0.579000 155.699997 1.901372 1.018840 
0.579000 156.599991 1.901372 1.018840 
0.579000 157.500000 1.901372 1.018840 
0.579000 158.399994 1.901372 1.018840 
0.579000 159.300003 1.901372 1.018840 
0.579000 160.199997 1.901372 1.018840 
0.579000 161.099991 1.901372 1.018840 
0.579000 162.000000 1.901372 1.018840 
0.579000 162.899994 1.901372 1.018840 
0.579000 163.800003 1.901372 1.018840 
0.579000 164.699997 1.901372 1.018840 
0.579000 165.599991 1.901372 1.018840 
0.579000 166.500000 1.901372 1.018840 
0.579000 167.399994 1.901372 1.018840 
0.579000 168.300003 1.901372 1.018840 
0.579000 169.199997 1.901372 1.018840 
0.579000 170.099991 1.901372 1.018840 
0.579000 171.000000 1.901372 1.018840 
0.579000 171.899994 1.901372 1.018840 
0.579000 172.799988 1.901372 1.018840 
0.579000 173.699997 1.901372 1.018840 
0.579000 174.599991 1.901372 1.018840 
0.579000 175.500000 1.901372 1.018840 
0.579000 176.399994 1.901372 1.018840 
0.579000 177.299988 1.901372 1.018840 
0.579000 178.199997 1.901372 1.018840 
0.579000 179.099991 1.901372 1.018840 
0.579000 180.000000 1.901372 1.018840 
0.579000 180.899994 1.901372 1.018840 
0.579000 181.799988 1.901372 1.018840 
0.579000 182.699997 1.901372 1.018840 
0.579000 183.599991 1.901372 1.018840 
0.579000 184.500000 1.901372 1.018840 
0.579000 185.399994 1.901372 1.018840 
0.579000 186.299988 1.901372 1.018840 
0.579000 187.199997 1.901372 1.018840 
0.579000 188.099991 1.901372 1.018840 
0.579000 189.000000 1.901372 1.018840 
0.579000 189.899994 1.901372 1.018840 
0.579000 190.799988 1.901372 1.018840 
0.579000 191.699997 1.901372 1.018840 
0.579000 192.599991 1.901372 1.018840 
0.579000 193.500000 1.901372 1.018840 
0.579000 194.399994 1.901372 1.018840 
0.579000 195.299988 1.901372 1.018840 
0.579000 196.199997 1.901372 1.018840 
0.579000 197.099991 1.901372 1.018840 
0.579000 198.000000 1.901372 1.018840 
0.579000 198.899994 1.901372 1.018840 
0.579000 199.799988 1.901372 1.018840 
0.579000 200.699997 1.901372 1.018840 
0.579000 201.599991 1.901372 1.018840 
0.579000 202.500000 1.901372 1.018840 
0.579000 203.399994 1.901372 1.018840 
0.579000 204.299988 1.901372 1.018840 
0.579000 205.199997 1.901372 1.018840 
0.579000 206.099991 1.901372 1.018840 
0.579000 207.000000 1.901372 1.018840 
0.579000 207.899994 1.901372 1.018840 
0.579000 208.799988 1.901372 1.018840 
0.579000 209.699997 1.901372 1.018840 
0.579000 210.599991 1.901372 1.018840 
0.579000 211.500000 1.901372 1.018840 
0.579000 212.399994 1.901372 1.018840 
0.579000 213.299988 1.901372 1.018840 
0.579000 214.199997 1.901372 1.018840 
0.579000 215.099991 1.901372 1.018840 
0.579000 216.000000 1.901372 1.018840 
0.579000 216.899994 1.901372 1.018840 
0.579000 217.799988 1.901372 1.018840 
0.579000 218.699997 1.901372 1.018840 
0.579000 219.599991 1.901372 1.018840 
0.579000 220.500000 1.901372 1.018840 
0.579000 221.399994 1.901372 1.018840 
0.579000 222.299988 1.901372 1.018840 
0.579000 223.199997 1.901372 1.018840 
0.579000 224.099991 1.901372 1.018840 
0.579000 225.000000 1.901372 1.018840 
0.579000 225.899994 1.901372 1.018840 
0.579000 226.799988 1.901372 1.018840 
0.579000 227.699997 1.901371 1.018840 
0.579000 228.599991 1.901367 1.018840 
0.579000 229.500000 1.901343 1.018841 
