0.995000 0.000000 1.698485 0.880019 
0.995000 0.900000 1.698437 0.880019 
0.995000 1.800000 1.698457 0.880019 
0.995000 2.700000 1.698467 0.880019 
0.995000 3.600000 1.698475 0.880019 
0.995000 4.500000 1.698479 0.880019 
0.995000 5.400000 1.698481 0.880019 
0.995000 6.300000 1.698483 0.880019 
0.995000 7.200000 1.698485 0.880019 
0.995000 8.099999 1.698485 0.880018 
0.995000 9.000000 1.698485 0.880018 
0.995000 9.900000 1.698486 0.880018 
0.995000 10.799999 1.698486 0.880018 
0.995000 11.700000 1.698486 0.880018 
0.995000 12.599999 1.698486 0.880018 
0.995000 13.500000 1.698486 0.880018 
0.995000 14.400000 1.698486 0.880018 
0.995000 15.299999 1.698486 0.880018 
0.995000 16.199999 1.698486 0.880018 
0.995000 17.100000 1.698486 0.880018 
0.995000 18.000000 1.698486 0.880018 
0.995000 18.900000 1.698486 0.880018 
0.995000 19.799999 1.698486 0.880018 
0.995000 20.699999 1.698486 0.880018 
0.995000 21.599998 1.698486 0.880018 
0.995000 22.500000 1.698486 0.880018 
0.995000 23.400000 1.698486 0.880018 
0.995000 24.299999 1.698486 0.880018 
0.995000 25.199999 1.698486 0.880018 
0.995000 26.099998 1.698486 0.880018 
0.995000 27.000000 1.698486 0.880018 
0.995000 27.900000 1.698486 0.880018 
0.995000 28.799999 1.698486 0.880018 
0.995000 29.699999 1.698486 0.880018 
0.995000 30.599998 1.698486 0.880018 
0.995000 31.500000 1.698486 0.880018 
0.995000 32.399998 1.698486 0.880018 
0.995000 33.299999 1.698486 0.880018 
0.995000 34.200001 1.698486 0.880018 
0.995000 35.099998 1.698486 0.880018 
0.995000 36.000000 1.698486 0.880018 
0.995000 36.899998 1.698486 0.880018 
0.995000 37.799999 1.698486 0.880018 
0.995000 38.700001 1.698486 0.880018 
0.995000 39.599998 1.698486 0.880018 
0.995000 40.500000 1.698486 0.880018 
0.995000 41.399998 1.698486 0.880018 
0.995000 42.299999 1.698486 0.880018 
0.995000 43.199997 1.698486 0.880018 
0.995000 44.099998 1.698486 0.880018 
0.995000 45.000000 1.698486 0.880018 
0.995000 45.899998 1.698486 0.880018 
0.995000 46.799999 1.698486 0.880018 
0.995000 47.699997 1.698486 0.880018 
0.995000 48.599998 1.698486 0.880018 
0.995000 49.500000 1.698486 0.880018 
0.995000 50.399998 1.698486 0.880018 
0.995000 51.299999 1.698486 0.880018 
0.995000 52.199997 1.698486 0.880018 
0.995000 53.099998 1.698486 0.880018 
0.995000 54.000000 1.698486 0.880018 
0.995000 54.899998 1.698486 0.880018 
0.995000 55.799999 1.698486 0.880018 
0.995000 56.699997 1.698486 0.880018 
0.995000 57.599998 1.698486 0.880018 
0.995000 58.500000 1.698486 0.880018 
0.995000 59.399998 1.698486 0.880018 
0.995000 60.299999 1.698486 0.880018 
0.995000 61.199997 1.698486 0.880018 
0.995000 62.099998 1.698486 0.880018 
0.995000 63.000000 1.698486 0.880018 
0.995000 63.899998 1.698486 0.880018 
0.995000 64.799995 1.698486 0.880018 
0.995000 65.699997 1.698486 0.880018 
0.995000 66.599998 1.698486 0.880018 
0.995000 67.500000 1.698486 0.880018 
0.995000 68.400002 1.698486 0.880018 
0.995000 69.299995 1.698486 0.880018 
0.995000 70.199997 1.698486 0.880018 
0.995000 71.099998 1.698486 0.880018 
0.995000 72.000000 1.698486 0.880018 
0.995000 72.900002 1.698486 0.880018 
0.995000 73.799995 1.698486 0.880018 
0.995000 74.699997 1.698486 0.880018 
0.995000 75.599998 1.698486 0.880018 
0.995000 76.500000 1.698486 0.880018 
0.995000 77.400002 1.698486 0.880018 
0.995000 78.299995 1.698486 0.880018 
0.995000 79.199997 1.698486 0.880018 
0.995000 80.099998 1.698486 0.880018 
0.995000 81.000000 1.698486 0.880018 
0.995000 81.900002 1.698486 0.880018 
0.995000 82.799995 1.698486 0.880018 
0.995000 83.699997 1.698486 0.880018 
0.995000 84.599998 1.698486 0.880018 
0.995000 85.500000 1.698486 0.880018 
0.995000 86.399994 1.698486 0.880018 
0.995000 87.299995 1.698486 0.880018 
0.995000 88.199997 1.698486 0.880018 
0.995000 89.099998 1.698486 0.880018 
0.995000 90.000000 1.698486 0.880018 
0.995000 90.899994 1.698486 0.880018 
0.995000 91.799995 1.698486 0.880018 
0.995000 92.699997 1.698486 0.880018 
0.995000 93.599998 1.698486 0.880018 
0.995000 94.500000 1.698486 0.880018 
0.995000 95.399994 1.698486 0.880018 
0.995000 96.299995 1.698486 0.880018 
0.995000 97.199997 1.698486 0.880018 
0.995000 98.099998 1.698486 0.880018 
0.995000 99.000000 1.698486 0.880018 
0.995000 99.899994 1.698486 0.880018 
0.995000 100.799995 1.698486 0.880018 
0.995000 101.699997 1.698486 0.880018 
0.995000 102.599998 1.698486 0.880018 
0.995000 103.500000 1.698486 0.880018 
0.995000 104.399994 1.698486 0.880018 
0.995000 105.299995 1.698486 0.880018 
0.995000 106.199997 1.698486 0.880018 
0.995000 107.099998 1.698486 0.880018 
0.995000 108.000000 1.698486 0.880018 
0.995000 108.899994 1.698486 0.880018 
0.995000 109.799995 1.698486 0.880018 
0.995000 110.699997 1.698486 0.880018 
0.995000 111.599998 1.698486 0.880018 
0.995000 112.500000 1.698486 0.880018 
0.995000 113.399994 1.698486 0.880018 
0.995000 114.299995 1.698486 0.880018 
0.995000 115.199997 1.698486 0.880018 
0.995000 116.099998 1.698486 0.880018 
0.995000 117.000000 1.698486 0.880018 
0.995000 117.899994 1.698486 0.880018 
0.995000 118.799995 1.698486 0.880018 
0.995000 119.699997 1.698486 0.880018 
0.995000 120.599998 1.698486 0.880018 
0.995000 121.500000 1.698486 0.880018 
0.995000 122.399994 1.698486 0.880018 
0.995000 123.299995 1.698486 0.880018 
0.995000 124.199997 1.698486 0.880018 
0.995000 125.099998 1.698486 0.880018 
0.995000 126.000000 1.698486 0.880018 
0.995000 126.899994 1.698486 0.880018 
0.995000 127.799995 1.698486 0.880018 
0.995000 128.699997 1.698486 0.880018 
0.995000 129.599991 1.698486 0.880018 
0.995000 130.500000 1.698486 0.880018 
0.995000 131.399994 1.698486 0.880018 
0.995000 132.300003 1.698486 0.880018 
0.995000 133.199997 1.698486 0.880018 
0.995000 134.099991 1.698486 0.880018 
0.995000 135.000000 1.698486 0.880018 
0.995000 135.899994 1.698486 0.880018 
0.995000 136.800003 1.698486 0.880018 
0.995000 137.699997 1.698486 0.880018 
0.995000 138.599991 1.698486 0.880018 
0.995000 139.500000 1.698486 0.880018 
0.995000 140.399994 1.698486 0.880018 
0.995000 141.300003 1.698486 0.880018 
0.995000 142.199997 1.698486 0.880018 
0.995000 143.099991 1.698486 0.880018 
0.995000 144.000000 1.698486 0.880018 
0.995000 144.899994 1.698486 0.880018 
0.995000 145.800003 1.698486 0.880018 
0.995000 146.699997 1.698486 0.880018 
0.995000 147.599991 1.698486 0.880018 
0.995000 148.500000 1.698486 0.880018 
0.995000 149.399994 1.698486 0.880018 
0.995000 150.300003 1.698486 0.880018 
0.995000 151.199997 1.698486 0.880018 
0.995000 152.099991 1.698486 0.880018 
0.995000 153.000000 1.698486 0.880018 
0.995000 153.899994 1.698486 0.880018 
0.995000 154.800003 1.698486 0.880018 
0.995000 155.699997 1.698486 0.880018 
0.995000 156.599991 1.698486 0.880018 
0.995000 157.500000 1.698486 0.880018 
0.995000 158.399994 1.698486 0.880018 
0.995000 159.300003 1.698486 0.880018 
0.995000 160.199997 1.698486 0.880018 
0.995000 161.099991 1.698486 0.880018 
0.995000 162.000000 1.698486 0.880018 
0.995000 162.899994 1.698486 0.880018 
0.995000 163.800003 1.698486 0.880018 
0.995000 164.699997 1.698486 0.880018 
0.995000 165.599991 1.698486 0.880018 
0.995000 166.500000 1.698486 0.880018 
0.995000 167.399994 1.698486 0.880018 
0.995000 168.300003 1.698486 0.880018 
0.995000 169.199997 1.698486 0.880018 
0.995000 170.099991 1.698486 0.880018 
0.995000 171.000000 1.698486 0.880018 
0.995000 171.899994 1.698486 0.880018 
0.995000 172.799988 1.698486 0.880018 
0.995000 173.699997 1.698486 0.880018 
0.995000 174.599991 1.698486 0.880018 
0.995000 175.500000 1.698486 0.880018 
0.995000 176.399994 1.698486 0.880018 
0.995000 177.299988 1.698486 0.880018 
0.995000 178.199997 1.698486 0.880018 
0.995000 179.099991 1.698486 0.880018 
0.995000 180.000000 1.698486 0.880018 
0.995000 180.899994 1.698486 0.880018 
0.995000 181.799988 1.698486 0.880018 
0.995000 182.699997 1.698486 0.880018 
0.995000 183.599991 1.698486 0.880018 
0.995000 184.500000 1.698486 0.880018 
0.995000 185.399994 1.698486 0.880018 
0.995000 186.299988 1.698486 0.880018 
0.995000 187.199997 1.698486 0.880018 
0.995000 188.099991 1.698486 0.880018 
0.995000 189.000000 1.698486 0.880018 
0.995000 189.899994 1.698486 0.880018 
0.995000 190.799988 1.698486 0.880018 
0.995000 191.699997 1.698486 0.880018 
0.995000 192.599991 1.698486 0.880018 
0.995000 193.500000 1.698486 0.880018 
0.995000 194.399994 1.698486 0.880018 
0.995000 195.299988 1.698486 0.880018 
0.995000 196.199997 1.698486 0.880018 
0.995000 197.099991 1.698486 0.880018 
0.995000 198.000000 1.698486 0.880018 
0.995000 198.899994 1.698486 0.880018 
0.995000 199.799988 1.698486 0.880018 
0.995000 200.699997 1.698486 0.880018 
0.995000 201.599991 1.698486 0.880018 
0.995000 202.500000 1.698486 0.880018 
0.995000 203.399994 1.698486 0.880018 
0.995000 204.299988 1.698486 0.880018 
0.995000 205.199997 1.698486 0.880018 
0.995000 206.099991 1.698486 0.880018 
0.995000 207.000000 1.698486 0.880018 
0.995000 207.899994 1.698486 0.880018 
0.995000 208.799988 1.698486 0.880018 
0.995000 209.699997 1.698486 0.880018 
0.995000 210.599991 1.698486 0.880018 
0.995000 211.500000 1.698486 0.880018 
0.995000 212.399994 1.698486 0.880018 
0.995000 213.299988 1.698486 0.880018 
0.995000 214.199997 1.698486 0.880018 
0.995000 215.099991 1.698486 0.880018 
0.995000 216.000000 1.698486 0.880018 
0.995000 216.899994 1.698486 0.880018 
0.995000 217.799988 1.698486 0.880018 
0.995000 218.699997 1.698486 0.880018 
0.995000 219.599991 1.698486 0.880018 
0.995000 220.500000 1.698486 0.880018 
0.995000 221.399994 1.698486 0.880018 
0.995000 222.299988 1.698486 0.880018 
0.995000 223.199997 1.698486 0.880018 
0.995000 224.099991 1.698486 0.880018 
0.995000 225.000000 1.698486 0.880019 
0.995000 225.899994 1.698487 0.880019 
0.995000 226.799988 1.698487 0.880019 
0.995000 227.699997 1.698485 0.880019 
0.995000 228.599991 1.698473 0.880020 
0.995000 229.500000 1.698442 0.880020 
