0.387000 0.000000 1.850608 1.239913 
0.387000 0.900000 1.850578 1.239913 
0.387000 1.800000 1.850592 1.239913 
0.387000 2.700000 1.850594 1.239914 
0.387000 3.600000 1.850597 1.239914 
0.387000 4.500000 1.850598 1.239915 
0.387000 5.400000 1.850599 1.239915 
0.387000 6.300000 1.850600 1.239915 
0.387000 7.200000 1.850600 1.239916 
0.387000 8.099999 1.850600 1.239916 
0.387000 9.000000 1.850600 1.239916 
0.387000 9.900000 1.850600 1.239916 
0.387000 10.799999 1.850600 1.239917 
0.387000 11.700000 1.850601 1.239917 
0.387000 12.599999 1.850601 1.239917 
0.387000 13.500000 1.850601 1.239917 
0.387000 14.400000 1.850601 1.239917 
0.387000 15.299999 1.850601 1.239917 
0.387000 16.199999 1.850601 1.239917 
0.387000 17.100000 1.850601 1.239917 
0.387000 18.000000 1.850601 1.239917 
0.387000 18.900000 1.850601 1.239917 
0.387000 19.799999 1.850601 1.239917 
0.387000 20.699999 1.850601 1.239917 
0.387000 21.599998 1.850601 1.239917 
0.387000 22.500000 1.850601 1.239917 
0.387000 23.400000 1.850601 1.239917 
0.387000 24.299999 1.850601 1.239917 
0.387000 25.199999 1.850601 1.239917 
0.387000 26.099998 1.850601 1.239917 
0.387000 27.000000 1.850601 1.239917 
0.387000 27.900000 1.850601 1.239917 
0.387000 28.799999 1.850601 1.239917 
0.387000 29.699999 1.850601 1.239917 
0.387000 30.599998 1.850601 1.239917 
0.387000 31.500000 1.850601 1.239917 
0.387000 32.399998 1.850601 1.239917 
0.387000 33.299999 1.850601 1.239917 
0.387000 34.200001 1.850601 1.239917 
0.387000 35.099998 1.850601 1.239917 
0.387000 36.000000 1.850601 1.239917 
0.387000 36.899998 1.850601 1.239917 
0.387000 37.799999 1.850601 1.239917 
0.387000 38.700001 1.850601 1.239917 
0.387000 39.599998 1.850601 1.239917 
0.387000 40.500000 1.850601 1.239917 
0.387000 41.399998 1.850601 1.239917 
0.387000 42.299999 1.850601 1.239917 
0.387000 43.199997 1.850601 1.239917 
0.387000 44.099998 1.850601 1.239917 
0.387000 45.000000 1.850601 1.239917 
0.387000 45.899998 1.850601 1.239917 
0.387000 46.799999 1.850601 1.239917 
0.387000 47.699997 1.850601 1.239917 
0.387000 48.599998 1.850601 1.239917 
0.387000 49.500000 1.850601 1.239917 
0.387000 50.399998 1.850601 1.239917 
0.387000 51.299999 1.850601 1.239917 
0.387000 52.199997 1.850601 1.239917 
0.387000 53.099998 1.850601 1.239917 
0.387000 54.000000 1.850601 1.239917 
0.387000 54.899998 1.850601 1.239917 
0.387000 55.799999 1.850601 1.239917 
0.387000 56.699997 1.850601 1.239917 
0.387000 57.599998 1.850601 1.239917 
0.387000 58.500000 1.850601 1.239917 
0.387000 59.399998 1.850601 1.239917 
0.387000 60.299999 1.850601 1.239917 
0.387000 61.199997 1.850601 1.239917 
0.387000 62.099998 1.850601 1.239917 
0.387000 63.000000 1.850601 1.239917 
0.387000 63.899998 1.850601 1.239917 
0.387000 64.799995 1.850601 1.239917 
0.387000 65.699997 1.850601 1.239917 
0.387000 66.599998 1.850601 1.239917 
0.387000 67.500000 1.850601 1.239917 
0.387000 68.400002 1.850601 1.239917 
0.387000 69.299995 1.850601 1.239917 
0.387000 70.199997 1.850601 1.239917 
0.387000 71.099998 1.850601 1.239917 
0.387000 72.000000 1.850601 1.239917 
0.387000 72.900002 1.850601 1.239917 
0.387000 73.799995 1.850601 1.239917 
0.387000 74.699997 1.850601 1.239917 
0.387000 75.599998 1.850601 1.239917 
0.387000 76.500000 1.850601 1.239917 
0.387000 77.400002 1.850601 1.239917 
0.387000 78.299995 1.850601 1.239917 
0.387000 79.199997 1.850601 1.239917 
0.387000 80.099998 1.850601 1.239917 
0.387000 81.000000 1.850601 1.239917 
0.387000 81.900002 1.850601 1.239917 
0.387000 82.799995 1.850601 1.239917 
0.387000 83.699997 1.850601 1.239917 
0.387000 84.599998 1.850601 1.239917 
0.387000 85.500000 1.850601 1.239917 
0.387000 86.399994 1.850601 1.239917 
0.387000 87.299995 1.850601 1.239917 
0.387000 88.199997 1.850601 1.239917 
0.387000 89.099998 1.850601 1.239917 
0.387000 90.000000 1.850601 1.239917 
0.387000 90.899994 1.850601 1.239917 
0.387000 91.799995 1.850601 1.239917 
0.387000 92.699997 1.850601 1.239917 
0.387000 93.599998 1.850601 1.239917 
0.387000 94.500000 1.850601 1.239917 
0.387000 95.399994 1.850601 1.239917 
0.387000 96.299995 1.850601 1.239917 
0.387000 97.199997 1.850601 1.239917 
0.387000 98.099998 1.850601 1.239917 
0.387000 99.000000 1.850601 1.239917 
0.387000 99.899994 1.850601 1.239917 
0.387000 100.799995 1.850601 1.239917 
0.387000 101.699997 1.850601 1.239917 
0.387000 102.599998 1.850601 1.239917 
0.387000 103.500000 1.850601 1.239917 
0.387000 104.399994 1.850601 1.239917 
0.387000 105.299995 1.850601 1.239917 
0.387000 106.199997 1.850601 1.239917 
0.387000 107.099998 1.850601 1.239917 
0.387000 108.000000 1.850601 1.239917 
0.387000 108.899994 1.850601 1.239917 
0.387000 109.799995 1.850601 1.239917 
0.387000 110.699997 1.850601 1.239917 
0.387000 111.599998 1.850601 1.239917 
0.387000 112.500000 1.850601 1.239917 
0.387000 113.399994 1.850601 1.239917 
0.387000 114.299995 1.850601 1.239917 
0.387000 115.199997 1.850601 1.239917 
0.387000 116.099998 1.850601 1.239917 
0.387000 117.000000 1.850601 1.239917 
0.387000 117.899994 1.850601 1.239917 
0.387000 118.799995 1.850601 1.239917 
0.387000 119.699997 1.850601 1.239917 
0.387000 120.599998 1.850601 1.239917 
0.387000 121.500000 1.850601 1.239917 
0.387000 122.399994 1.850601 1.239917 
0.387000 123.299995 1.850601 1.239917 
0.387000 124.199997 1.850601 1.239917 
0.387000 125.099998 1.850601 1.239917 
0.387000 126.000000 1.850601 1.239917 
0.387000 126.899994 1.850601 1.239917 
0.387000 127.799995 1.850601 1.239917 
0.387000 128.699997 1.850601 1.239917 
0.387000 129.599991 1.850601 1.239917 
0.387000 130.500000 1.850601 1.239917 
0.387000 131.399994 1.850601 1.239917 
0.387000 132.300003 1.850601 1.239917 
0.387000 133.199997 1.850601 1.239917 
0.387000 134.099991 1.850601 1.239917 
0.387000 135.000000 1.850601 1.239917 
0.387000 135.899994 1.850601 1.239917 
0.387000 136.800003 1.850601 1.239917 
0.387000 137.699997 1.850601 1.239917 
0.387000 138.599991 1.850601 1.239917 
0.387000 139.500000 1.850601 1.239917 
0.387000 140.399994 1.850601 1.239917 
0.387000 141.300003 1.850601 1.239917 
0.387000 142.199997 1.850601 1.239917 
0.387000 143.099991 1.850601 1.239917 
0.387000 144.000000 1.850601 1.239917 
0.387000 144.899994 1.850601 1.239917 
0.387000 145.800003 1.850601 1.239917 
0.387000 146.699997 1.850601 1.239917 
0.387000 147.599991 1.850601 1.239917 
0.387000 148.500000 1.850601 1.239917 
0.387000 149.399994 1.850601 1.239917 
0.387000 150.300003 1.850601 1.239917 
0.387000 151.199997 1.850601 1.239917 
0.387000 152.099991 1.850601 1.239917 
0.387000 153.000000 1.850601 1.239917 
0.387000 153.899994 1.850601 1.239917 
0.387000 154.800003 1.850601 1.239917 
0.387000 155.699997 1.850601 1.239917 
0.387000 156.599991 1.850601 1.239917 
0.387000 157.500000 1.850601 1.239917 
0.387000 158.399994 1.850601 1.239917 
0.387000 159.300003 1.850601 1.239917 
0.387000 160.199997 1.850601 1.239917 
0.387000 161.099991 1.850601 1.239917 
0.387000 162.000000 1.850601 1.239917 
0.387000 162.899994 1.850601 1.239917 
0.387000 163.800003 1.850601 1.239917 
0.387000 164.699997 1.850601 1.239917 
0.387000 165.599991 1.850601 1.239917 
0.387000 166.500000 1.850601 1.239917 
0.387000 167.399994 1.850601 1.239917 
0.387000 168.300003 1.850601 1.239917 
0.387000 169.199997 1.850601 1.239917 
0.387000 170.099991 1.850601 1.239917 
0.387000 171.000000 1.850601 1.239917 
0.387000 171.899994 1.850601 1.239917 
0.387000 172.799988 1.850601 1.239917 
0.387000 173.699997 1.850601 1.239917 
0.387000 174.599991 1.850601 1.239917 
0.387000 175.500000 1.850601 1.239917 
0.387000 176.399994 1.850601 1.239917 
0.387000 177.299988 1.850601 1.239917 
0.387000 178.199997 1.850601 1.239917 
0.387000 179.099991 1.850601 1.239917 
0.387000 180.000000 1.850601 1.239917 
0.387000 180.899994 1.850601 1.239917 
0.387000 181.799988 1.850601 1.239917 
0.387000 182.699997 1.850601 1.239917 
0.387000 183.599991 1.850601 1.239917 
0.387000 184.500000 1.850601 1.239917 
0.387000 185.399994 1.850601 1.239917 
0.387000 186.299988 1.850601 1.239917 
0.387000 187.199997 1.850601 1.239917 
0.387000 188.099991 1.850601 1.239917 
0.387000 189.000000 1.850601 1.239917 
0.387000 189.899994 1.850601 1.239917 
0.387000 190.799988 1.850601 1.239917 
0.387000 191.699997 1.850601 1.239917 
0.387000 192.599991 1.850601 1.239917 
0.387000 193.500000 1.850601 1.239917 
0.387000 194.399994 1.850601 1.239917 
0.387000 195.299988 1.850601 1.239917 
0.387000 196.199997 1.850601 1.239917 
0.387000 197.099991 1.850601 1.239917 
0.387000 198.000000 1.850601 1.239917 
0.387000 198.899994 1.850601 1.239917 
0.387000 199.799988 1.850601 1.239917 
0.387000 200.699997 1.850601 1.239917 
0.387000 201.599991 1.850601 1.239917 
0.387000 202.500000 1.850601 1.239917 
0.387000 203.399994 1.850601 1.239917 
0.387000 204.299988 1.850601 1.239917 
0.387000 205.199997 1.850601 1.239917 
0.387000 206.099991 1.850601 1.239917 
0.387000 207.000000 1.850601 1.239917 
0.387000 207.899994 1.850601 1.239917 
0.387000 208.799988 1.850601 1.239917 
0.387000 209.699997 1.850601 1.239917 
0.387000 210.599991 1.850601 1.239917 
0.387000 211.500000 1.850601 1.239917 
0.387000 212.399994 1.850601 1.239917 
0.387000 213.299988 1.850601 1.239917 
0.387000 214.199997 1.850601 1.239917 
0.387000 215.099991 1.850601 1.239917 
0.387000 216.000000 1.850601 1.239917 
0.387000 216.899994 1.850601 1.239917 
0.387000 217.799988 1.850601 1.239917 
0.387000 218.699997 1.850601 1.239917 
0.387000 219.599991 1.850601 1.239917 
0.387000 220.500000 1.850601 1.239917 
0.387000 221.399994 1.850601 1.239917 
0.387000 222.299988 1.850601 1.239917 
0.387000 223.199997 1.850601 1.239917 
0.387000 224.099991 1.850601 1.239917 
0.387000 225.000000 1.850601 1.239917 
0.387000 225.899994 1.850601 1.239917 
0.387000 226.799988 1.850601 1.239917 
0.387000 227.699997 1.850600 1.239917 
0.387000 228.599991 1.850598 1.239917 
0.387000 229.500000 1.850583 1.239917 
