0.145000 0.000000 1.608185 1.662067 
0.145000 0.900000 1.608174 1.662067 
0.145000 1.800000 1.608179 1.662067 
0.145000 2.700000 1.608179 1.662069 
0.145000 3.600000 1.608180 1.662070 
0.145000 4.500000 1.608180 1.662071 
0.145000 5.400000 1.608180 1.662072 
0.145000 6.300000 1.608180 1.662072 
0.145000 7.200000 1.608181 1.662072 
0.145000 8.099999 1.608181 1.662072 
0.145000 9.000000 1.608181 1.662072 
0.145000 9.900000 1.608181 1.662072 
0.145000 10.799999 1.608181 1.662072 
0.145000 11.700000 1.608181 1.662072 
0.145000 12.599999 1.608181 1.662072 
0.145000 13.500000 1.608181 1.662072 
0.145000 14.400000 1.608181 1.662072 
0.145000 15.299999 1.608181 1.662072 
0.145000 16.199999 1.608181 1.662072 
0.145000 17.100000 1.608181 1.662072 
0.145000 18.000000 1.608181 1.662072 
0.145000 18.900000 1.608181 1.662072 
0.145000 19.799999 1.608181 1.662072 
0.145000 20.699999 1.608181 1.662072 
0.145000 21.599998 1.608181 1.662072 
0.145000 22.500000 1.608181 1.662072 
0.145000 23.400000 1.608181 1.662072 
0.145000 24.299999 1.608181 1.662072 
0.145000 25.199999 1.608181 1.662072 
0.145000 26.099998 1.608181 1.662072 
0.145000 27.000000 1.608181 1.662072 
0.145000 27.900000 1.608181 1.662072 
0.145000 28.799999 1.608181 1.662072 
0.145000 29.699999 1.608181 1.662072 
0.145000 30.599998 1.608181 1.662072 
0.145000 31.500000 1.608181 1.662072 
0.145000 32.399998 1.608181 1.662072 
0.145000 33.299999 1.608181 1.662072 
0.145000 34.200001 1.608181 1.662072 
0.145000 35.099998 1.608181 1.662072 
0.145000 36.000000 1.608181 1.662072 
0.145000 36.899998 1.608181 1.662072 
0.145000 37.799999 1.608181 1.662072 
0.145000 38.700001 1.608181 1.662072 
0.145000 39.599998 1.608181 1.662072 
0.145000 40.500000 1.608181 1.662072 
0.145000 41.399998 1.608181 1.662072 
0.145000 42.299999 1.608181 1.662072 
0.145000 43.199997 1.608181 1.662072 
0.145000 44.099998 1.608181 1.662072 
0.145000 45.000000 1.608181 1.662072 
0.145000 45.899998 1.608181 1.662072 
0.145000 46.799999 1.608181 1.662072 
0.145000 47.699997 1.608181 1.662072 
0.145000 48.599998 1.608181 1.662072 
0.145000 49.500000 1.608181 1.662072 
0.145000 50.399998 1.608181 1.662072 
0.145000 51.299999 1.608181 1.662072 
0.145000 52.199997 1.608181 1.662072 
0.145000 53.099998 1.608181 1.662072 
0.145000 54.000000 1.608181 1.662072 
0.145000 54.899998 1.608181 1.662072 
0.145000 55.799999 1.608181 1.662072 
0.145000 56.699997 1.608181 1.662072 
0.145000 57.599998 1.608181 1.662072 
0.145000 58.500000 1.608181 1.662072 
0.145000 59.399998 1.608181 1.662072 
0.145000 60.299999 1.608181 1.662072 
0.145000 61.199997 1.608181 1.662072 
0.145000 62.099998 1.608181 1.662072 
0.145000 63.000000 1.608181 1.662072 
0.145000 63.899998 1.608181 1.662072 
0.145000 64.799995 1.608181 1.662072 
0.145000 65.699997 1.608181 1.662072 
0.145000 66.599998 1.608181 1.662072 
0.145000 67.500000 1.608181 1.662072 
0.145000 68.400002 1.608181 1.662072 
0.145000 69.299995 1.608181 1.662072 
0.145000 70.199997 1.608181 1.662072 
0.145000 71.099998 1.608181 1.662072 
0.145000 72.000000 1.608181 1.662072 
0.145000 72.900002 1.608181 1.662072 
0.145000 73.799995 1.608181 1.662072 
0.145000 74.699997 1.608181 1.662072 
0.145000 75.599998 1.608181 1.662072 
0.145000 76.500000 1.608181 1.662072 
0.145000 77.400002 1.608181 1.662072 
0.145000 78.299995 1.608181 1.662072 
0.145000 79.199997 1.608181 1.662072 
0.145000 80.099998 1.608181 1.662072 
0.145000 81.000000 1.608181 1.662072 
0.145000 81.900002 1.608181 1.662072 
0.145000 82.799995 1.608181 1.662072 
0.145000 83.699997 1.608181 1.662072 
0.145000 84.599998 1.608181 1.662072 
0.145000 85.500000 1.608181 1.662072 
0.145000 86.399994 1.608181 1.662072 
0.145000 87.299995 1.608181 1.662072 
0.145000 88.199997 1.608181 1.662072 
0.145000 89.099998 1.608181 1.662072 
0.145000 90.000000 1.608181 1.662072 
0.145000 90.899994 1.608181 1.662072 
0.145000 91.799995 1.608181 1.662072 
0.145000 92.699997 1.608181 1.662072 
0.145000 93.599998 1.608181 1.662072 
0.145000 94.500000 1.608181 1.662072 
0.145000 95.399994 1.608181 1.662072 
0.145000 96.299995 1.608181 1.662072 
0.145000 97.199997 1.608181 1.662072 
0.145000 98.099998 1.608181 1.662072 
0.145000 99.000000 1.608181 1.662072 
0.145000 99.899994 1.608181 1.662072 
0.145000 100.799995 1.608181 1.662072 
0.145000 101.699997 1.608181 1.662072 
0.145000 102.599998 1.608181 1.662072 
0.145000 103.500000 1.608181 1.662072 
0.145000 104.399994 1.608181 1.662072 
0.145000 105.299995 1.608181 1.662072 
0.145000 106.199997 1.608181 1.662072 
0.145000 107.099998 1.608181 1.662072 
0.145000 108.000000 1.608181 1.662072 
0.145000 108.899994 1.608181 1.662072 
0.145000 109.799995 1.608181 1.662072 
0.145000 110.699997 1.608181 1.662072 
0.145000 111.599998 1.608181 1.662072 
0.145000 112.500000 1.608181 1.662072 
0.145000 113.399994 1.608181 1.662072 
0.145000 114.299995 1.608181 1.662072 
0.145000 115.199997 1.608181 1.662072 
0.145000 116.099998 1.608181 1.662072 
0.145000 117.000000 1.608181 1.662072 
0.145000 117.899994 1.608181 1.662072 
0.145000 118.799995 1.608181 1.662072 
0.145000 119.699997 1.608181 1.662072 
0.145000 120.599998 1.608181 1.662072 
0.145000 121.500000 1.608181 1.662072 
0.145000 122.399994 1.608181 1.662072 
0.145000 123.299995 1.608181 1.662072 
0.145000 124.199997 1.608181 1.662072 
0.145000 125.099998 1.608181 1.662072 
0.145000 126.000000 1.608181 1.662072 
0.145000 126.899994 1.608181 1.662072 
0.145000 127.799995 1.608181 1.662072 
0.145000 128.699997 1.608181 1.662072 
0.145000 129.599991 1.608181 1.662072 
0.145000 130.500000 1.608181 1.662072 
0.145000 131.399994 1.608181 1.662072 
0.145000 132.300003 1.608181 1.662072 
0.145000 133.199997 1.608181 1.662072 
0.145000 134.099991 1.608181 1.662072 
0.145000 135.000000 1.608181 1.662072 
0.145000 135.899994 1.608181 1.662072 
0.145000 136.800003 1.608181 1.662072 
0.145000 137.699997 1.608181 1.662072 
0.145000 138.599991 1.608181 1.662072 
0.145000 139.500000 1.608181 1.662072 
0.145000 140.399994 1.608181 1.662072 
0.145000 141.300003 1.608181 1.662072 
0.145000 142.199997 1.608181 1.662072 
0.145000 143.099991 1.608181 1.662072 
0.145000 144.000000 1.608181 1.662072 
0.145000 144.899994 1.608181 1.662072 
0.145000 145.800003 1.608181 1.662072 
0.145000 146.699997 1.608181 1.662072 
0.145000 147.599991 1.608181 1.662072 
0.145000 148.500000 1.608181 1.662072 
0.145000 149.399994 1.608181 1.662072 
0.145000 150.300003 1.608181 1.662072 
0.145000 151.199997 1.608181 1.662072 
0.145000 152.099991 1.608181 1.662072 
0.145000 153.000000 1.608181 1.662072 
0.145000 153.899994 1.608181 1.662072 
0.145000 154.800003 1.608181 1.662072 
0.145000 155.699997 1.608181 1.662072 
0.145000 156.599991 1.608181 1.662072 
0.145000 157.500000 1.608181 1.662072 
0.145000 158.399994 1.608181 1.662072 
0.145000 159.300003 1.608181 1.662072 
0.145000 160.199997 1.608181 1.662072 
0.145000 161.099991 1.608181 1.662072 
0.145000 162.000000 1.608181 1.662072 
0.145000 162.899994 1.608181 1.662072 
0.145000 163.800003 1.608181 1.662072 
0.145000 164.699997 1.608181 1.662072 
0.145000 165.599991 1.608181 1.662072 
0.145000 166.500000 1.608181 1.662072 
0.145000 167.399994 1.608181 1.662072 
0.145000 168.300003 1.608181 1.662072 
0.145000 169.199997 1.608181 1.662072 
0.145000 170.099991 1.608181 1.662072 
0.145000 171.000000 1.608181 1.662072 
0.145000 171.899994 1.608181 1.662072 
0.145000 172.799988 1.608181 1.662072 
0.145000 173.699997 1.608181 1.662072 
0.145000 174.599991 1.608181 1.662072 
0.145000 175.500000 1.608181 1.662072 
0.145000 176.399994 1.608181 1.662072 
0.145000 177.299988 1.608181 1.662072 
0.145000 178.199997 1.608181 1.662072 
0.145000 179.099991 1.608181 1.662072 
0.145000 180.000000 1.608181 1.662072 
0.145000 180.899994 1.608181 1.662072 
0.145000 181.799988 1.608181 1.662072 
0.145000 182.699997 1.608181 1.662072 
0.145000 183.599991 1.608181 1.662072 
0.145000 184.500000 1.608181 1.662072 
0.145000 185.399994 1.608181 1.662072 
0.145000 186.299988 1.608181 1.662072 
0.145000 187.199997 1.608181 1.662072 
0.145000 188.099991 1.608181 1.662072 
0.145000 189.000000 1.608181 1.662072 
0.145000 189.899994 1.608181 1.662072 
0.145000 190.799988 1.608181 1.662072 
0.145000 191.699997 1.608181 1.662072 
0.145000 192.599991 1.608181 1.662072 
0.145000 193.500000 1.608181 1.662072 
0.145000 194.399994 1.608181 1.662072 
0.145000 195.299988 1.608181 1.662072 
0.145000 196.199997 1.608181 1.662072 
0.145000 197.099991 1.608181 1.662072 
0.145000 198.000000 1.608181 1.662072 
0.145000 198.899994 1.608181 1.662072 
0.145000 199.799988 1.608181 1.662072 
0.145000 200.699997 1.608181 1.662072 
0.145000 201.599991 1.608181 1.662072 
0.145000 202.500000 1.608181 1.662072 
0.145000 203.399994 1.608181 1.662072 
0.145000 204.299988 1.608181 1.662072 
0.145000 205.199997 1.608181 1.662072 
0.145000 206.099991 1.608181 1.662072 
0.145000 207.000000 1.608181 1.662072 
0.145000 207.899994 1.608181 1.662072 
0.145000 208.799988 1.608181 1.662072 
0.145000 209.699997 1.608181 1.662072 
0.145000 210.599991 1.608181 1.662072 
0.145000 211.500000 1.608181 1.662072 
0.145000 212.399994 1.608181 1.662072 
0.145000 213.299988 1.608181 1.662072 
0.145000 214.199997 1.608181 1.662072 
0.145000 215.099991 1.608181 1.662072 
0.145000 216.000000 1.608181 1.662072 
0.145000 216.899994 1.608181 1.662072 
0.145000 217.799988 1.608181 1.662072 
0.145000 218.699997 1.608181 1.662072 
0.145000 219.599991 1.608181 1.662072 
0.145000 220.500000 1.608181 1.662072 
0.145000 221.399994 1.608181 1.662072 
0.145000 222.299988 1.608181 1.662072 
0.145000 223.199997 1.608181 1.662072 
0.145000 224.099991 1.608181 1.662072 
0.145000 225.000000 1.608181 1.662072 
0.145000 225.899994 1.608181 1.662072 
0.145000 226.799988 1.608181 1.662072 
0.145000 227.699997 1.608180 1.662072 
0.145000 228.599991 1.608180 1.662072 
0.145000 229.500000 1.608175 1.662072 
