0.125000 0.000000 1.582390 1.699764 
0.125000 0.900000 1.582381 1.699765 
0.125000 1.800000 1.582385 1.699765 
0.125000 2.700000 1.582385 1.699766 
0.125000 3.600000 1.582385 1.699767 
0.125000 4.500000 1.582386 1.699768 
0.125000 5.400000 1.582386 1.699769 
0.125000 6.300000 1.582386 1.699769 
0.125000 7.200000 1.582386 1.699769 
0.125000 8.099999 1.582386 1.699769 
0.125000 9.000000 1.582386 1.699769 
0.125000 9.900000 1.582386 1.699769 
0.125000 10.799999 1.582386 1.699769 
0.125000 11.700000 1.582386 1.699769 
0.125000 12.599999 1.582386 1.699769 
0.125000 13.500000 1.582386 1.699769 
0.125000 14.400000 1.582386 1.699769 
0.125000 15.299999 1.582386 1.699769 
0.125000 16.199999 1.582386 1.699769 
0.125000 17.100000 1.582386 1.699769 
0.125000 18.000000 1.582386 1.699769 
0.125000 18.900000 1.582386 1.699769 
0.125000 19.799999 1.582386 1.699769 
0.125000 20.699999 1.582386 1.699769 
0.125000 21.599998 1.582386 1.699769 
0.125000 22.500000 1.582386 1.699769 
0.125000 23.400000 1.582386 1.699769 
0.125000 24.299999 1.582386 1.699769 
0.125000 25.199999 1.582386 1.699769 
0.125000 26.099998 1.582386 1.699769 
0.125000 27.000000 1.582386 1.699769 
0.125000 27.900000 1.582386 1.699769 
0.125000 28.799999 1.582386 1.699769 
0.125000 29.699999 1.582386 1.699769 
0.125000 30.599998 1.582386 1.699769 
0.125000 31.500000 1.582386 1.699769 
0.125000 32.399998 1.582386 1.699769 
0.125000 33.299999 1.582386 1.699769 
0.125000 34.200001 1.582386 1.699769 
0.125000 35.099998 1.582386 1.699769 
0.125000 36.000000 1.582386 1.699769 
0.125000 36.899998 1.582386 1.699769 
0.125000 37.799999 1.582386 1.699769 
0.125000 38.700001 1.582386 1.699769 
0.125000 39.599998 1.582386 1.699769 
0.125000 40.500000 1.582386 1.699769 
0.125000 41.399998 1.582386 1.699769 
0.125000 42.299999 1.582386 1.699769 
0.125000 43.199997 1.582386 1.699769 
0.125000 44.099998 1.582386 1.699769 
0.125000 45.000000 1.582386 1.699769 
0.125000 45.899998 1.582386 1.699769 
0.125000 46.799999 1.582386 1.699769 
0.125000 47.699997 1.582386 1.699769 
0.125000 48.599998 1.582386 1.699769 
0.125000 49.500000 1.582386 1.699769 
0.125000 50.399998 1.582386 1.699769 
0.125000 51.299999 1.582386 1.699769 
0.125000 52.199997 1.582386 1.699769 
0.125000 53.099998 1.582386 1.699769 
0.125000 54.000000 1.582386 1.699769 
0.125000 54.899998 1.582386 1.699769 
0.125000 55.799999 1.582386 1.699769 
0.125000 56.699997 1.582386 1.699769 
0.125000 57.599998 1.582386 1.699769 
0.125000 58.500000 1.582386 1.699769 
0.125000 59.399998 1.582386 1.699769 
0.125000 60.299999 1.582386 1.699769 
0.125000 61.199997 1.582386 1.699769 
0.125000 62.099998 1.582386 1.699769 
0.125000 63.000000 1.582386 1.699769 
0.125000 63.899998 1.582386 1.699769 
0.125000 64.799995 1.582386 1.699769 
0.125000 65.699997 1.582386 1.699769 
0.125000 66.599998 1.582386 1.699769 
0.125000 67.500000 1.582386 1.699769 
0.125000 68.400002 1.582386 1.699769 
0.125000 69.299995 1.582386 1.699769 
0.125000 70.199997 1.582386 1.699769 
0.125000 71.099998 1.582386 1.699769 
0.125000 72.000000 1.582386 1.699769 
0.125000 72.900002 1.582386 1.699769 
0.125000 73.799995 1.582386 1.699769 
0.125000 74.699997 1.582386 1.699769 
0.125000 75.599998 1.582386 1.699769 
0.125000 76.500000 1.582386 1.699769 
0.125000 77.400002 1.582386 1.699769 
0.125000 78.299995 1.582386 1.699769 
0.125000 79.199997 1.582386 1.699769 
0.125000 80.099998 1.582386 1.699769 
0.125000 81.000000 1.582386 1.699769 
0.125000 81.900002 1.582386 1.699769 
0.125000 82.799995 1.582386 1.699769 
0.125000 83.699997 1.582386 1.699769 
0.125000 84.599998 1.582386 1.699769 
0.125000 85.500000 1.582386 1.699769 
0.125000 86.399994 1.582386 1.699769 
0.125000 87.299995 1.582386 1.699769 
0.125000 88.199997 1.582386 1.699769 
0.125000 89.099998 1.582386 1.699769 
0.125000 90.000000 1.582386 1.699769 
0.125000 90.899994 1.582386 1.699769 
0.125000 91.799995 1.582386 1.699769 
0.125000 92.699997 1.582386 1.699769 
0.125000 93.599998 1.582386 1.699769 
0.125000 94.500000 1.582386 1.699769 
0.125000 95.399994 1.582386 1.699769 
0.125000 96.299995 1.582386 1.699769 
0.125000 97.199997 1.582386 1.699769 
0.125000 98.099998 1.582386 1.699769 
0.125000 99.000000 1.582386 1.699769 
0.125000 99.899994 1.582386 1.699769 
0.125000 100.799995 1.582386 1.699769 
0.125000 101.699997 1.582386 1.699769 
0.125000 102.599998 1.582386 1.699769 
0.125000 103.500000 1.582386 1.699769 
0.125000 104.399994 1.582386 1.699769 
0.125000 105.299995 1.582386 1.699769 
0.125000 106.199997 1.582386 1.699769 
0.125000 107.099998 1.582386 1.699769 
0.125000 108.000000 1.582386 1.699769 
0.125000 108.899994 1.582386 1.699769 
0.125000 109.799995 1.582386 1.699769 
0.125000 110.699997 1.582386 1.699769 
0.125000 111.599998 1.582386 1.699769 
0.125000 112.500000 1.582386 1.699769 
0.125000 113.399994 1.582386 1.699769 
0.125000 114.299995 1.582386 1.699769 
0.125000 115.199997 1.582386 1.699769 
0.125000 116.099998 1.582386 1.699769 
0.125000 117.000000 1.582386 1.699769 
0.125000 117.899994 1.582386 1.699769 
0.125000 118.799995 1.582386 1.699769 
0.125000 119.699997 1.582386 1.699769 
0.125000 120.599998 1.582386 1.699769 
0.125000 121.500000 1.582386 1.699769 
0.125000 122.399994 1.582386 1.699769 
0.125000 123.299995 1.582386 1.699769 
0.125000 124.199997 1.582386 1.699769 
0.125000 125.099998 1.582386 1.699769 
0.125000 126.000000 1.582386 1.699769 
0.125000 126.899994 1.582386 1.699769 
0.125000 127.799995 1.582386 1.699769 
0.125000 128.699997 1.582386 1.699769 
0.125000 129.599991 1.582386 1.699769 
0.125000 130.500000 1.582386 1.699769 
0.125000 131.399994 1.582386 1.699769 
0.125000 132.300003 1.582386 1.699769 
0.125000 133.199997 1.582386 1.699769 
0.125000 134.099991 1.582386 1.699769 
0.125000 135.000000 1.582386 1.699769 
0.125000 135.899994 1.582386 1.699769 
0.125000 136.800003 1.582386 1.699769 
0.125000 137.699997 1.582386 1.699769 
0.125000 138.599991 1.582386 1.699769 
0.125000 139.500000 1.582386 1.699769 
0.125000 140.399994 1.582386 1.699769 
0.125000 141.300003 1.582386 1.699769 
0.125000 142.199997 1.582386 1.699769 
0.125000 143.099991 1.582386 1.699769 
0.125000 144.000000 1.582386 1.699769 
0.125000 144.899994 1.582386 1.699769 
0.125000 145.800003 1.582386 1.699769 
0.125000 146.699997 1.582386 1.699769 
0.125000 147.599991 1.582386 1.699769 
0.125000 148.500000 1.582386 1.699769 
0.125000 149.399994 1.582386 1.699769 
0.125000 150.300003 1.582386 1.699769 
0.125000 151.199997 1.582386 1.699769 
0.125000 152.099991 1.582386 1.699769 
0.125000 153.000000 1.582386 1.699769 
0.125000 153.899994 1.582386 1.699769 
0.125000 154.800003 1.582386 1.699769 
0.125000 155.699997 1.582386 1.699769 
0.125000 156.599991 1.582386 1.699769 
0.125000 157.500000 1.582386 1.699769 
0.125000 158.399994 1.582386 1.699769 
0.125000 159.300003 1.582386 1.699769 
0.125000 160.199997 1.582386 1.699769 
0.125000 161.099991 1.582386 1.699769 
0.125000 162.000000 1.582386 1.699769 
0.125000 162.899994 1.582386 1.699769 
0.125000 163.800003 1.582386 1.699769 
0.125000 164.699997 1.582386 1.699769 
0.125000 165.599991 1.582386 1.699769 
0.125000 166.500000 1.582386 1.699769 
0.125000 167.399994 1.582386 1.699769 
0.125000 168.300003 1.582386 1.699769 
0.125000 169.199997 1.582386 1.699769 
0.125000 170.099991 1.582386 1.699769 
0.125000 171.000000 1.582386 1.699769 
0.125000 171.899994 1.582386 1.699769 
0.125000 172.799988 1.582386 1.699769 
0.125000 173.699997 1.582386 1.699769 
0.125000 174.599991 1.582386 1.699769 
0.125000 175.500000 1.582386 1.699769 
0.125000 176.399994 1.582386 1.699769 
0.125000 177.299988 1.582386 1.699769 
0.125000 178.199997 1.582386 1.699769 
0.125000 179.099991 1.582386 1.699769 
0.125000 180.000000 1.582386 1.699769 
0.125000 180.899994 1.582386 1.699769 
0.125000 181.799988 1.582386 1.699769 
0.125000 182.699997 1.582386 1.699769 
0.125000 183.599991 1.582386 1.699769 
0.125000 184.500000 1.582386 1.699769 
0.125000 185.399994 1.582386 1.699769 
0.125000 186.299988 1.582386 1.699769 
0.125000 187.199997 1.582386 1.699769 
0.125000 188.099991 1.582386 1.699769 
0.125000 189.000000 1.582386 1.699769 
0.125000 189.899994 1.582386 1.699769 
0.125000 190.799988 1.582386 1.699769 
0.125000 191.699997 1.582386 1.699769 
0.125000 192.599991 1.582386 1.699769 
0.125000 193.500000 1.582386 1.699769 
0.125000 194.399994 1.582386 1.699769 
0.125000 195.299988 1.582386 1.699769 
0.125000 196.199997 1.582386 1.699769 
0.125000 197.099991 1.582386 1.699769 
0.125000 198.000000 1.582386 1.699769 
0.125000 198.899994 1.582386 1.699769 
0.125000 199.799988 1.582386 1.699769 
0.125000 200.699997 1.582386 1.699769 
0.125000 201.599991 1.582386 1.699769 
0.125000 202.500000 1.582386 1.699769 
0.125000 203.399994 1.582386 1.699769 
0.125000 204.299988 1.582386 1.699769 
0.125000 205.199997 1.582386 1.699769 
0.125000 206.099991 1.582386 1.699769 
0.125000 207.000000 1.582386 1.699769 
0.125000 207.899994 1.582386 1.699769 
0.125000 208.799988 1.582386 1.699769 
0.125000 209.699997 1.582386 1.699769 
0.125000 210.599991 1.582386 1.699769 
0.125000 211.500000 1.582386 1.699769 
0.125000 212.399994 1.582386 1.699769 
0.125000 213.299988 1.582386 1.699769 
0.125000 214.199997 1.582386 1.699769 
0.125000 215.099991 1.582386 1.699769 
0.125000 216.000000 1.582386 1.699769 
0.125000 216.899994 1.582386 1.699769 
0.125000 217.799988 1.582386 1.699769 
0.125000 218.699997 1.582386 1.699769 
0.125000 219.599991 1.582386 1.699769 
0.125000 220.500000 1.582386 1.699769 
0.125000 221.399994 1.582386 1.699769 
0.125000 222.299988 1.582386 1.699769 
0.125000 223.199997 1.582386 1.699769 
0.125000 224.099991 1.582386 1.699769 
0.125000 225.000000 1.582386 1.699769 
0.125000 225.899994 1.582386 1.699769 
0.125000 226.799988 1.582386 1.699769 
0.125000 227.699997 1.582386 1.699769 
0.125000 228.599991 1.582386 1.699769 
0.125000 229.500000 1.582381 1.699769 
