0.677000 0.000000 1.880905 0.951778 
0.677000 0.900000 1.880859 0.951778 
0.677000 1.800000 1.880879 0.951778 
0.677000 2.700000 1.880885 0.951778 
0.677000 3.600000 1.880891 0.951778 
0.677000 4.500000 1.880893 0.951778 
0.677000 5.400000 1.880894 0.951778 
0.677000 6.300000 1.880895 0.951778 
0.677000 7.200000 1.880897 0.951777 
0.677000 8.099999 1.880897 0.951777 
0.677000 9.000000 1.880897 0.951777 
0.677000 9.900000 1.880897 0.951777 
0.677000 10.799999 1.880898 0.951777 
0.677000 11.700000 1.880898 0.951777 
0.677000 12.599999 1.880898 0.951777 
0.677000 13.500000 1.880898 0.951777 
0.677000 14.400000 1.880898 0.951777 
0.677000 15.299999 1.880898 0.951777 
0.677000 16.199999 1.880898 0.951777 
0.677000 17.100000 1.880898 0.951777 
0.677000 18.000000 1.880898 0.951777 
0.677000 18.900000 1.880898 0.951777 
0.677000 19.799999 1.880898 0.951777 
0.677000 20.699999 1.880898 0.951777 
0.677000 21.599998 1.880898 0.951777 
0.677000 22.500000 1.880898 0.951777 
0.677000 23.400000 1.880898 0.951777 
0.677000 24.299999 1.880898 0.951777 
0.677000 25.199999 1.880898 0.951777 
0.677000 26.099998 1.880898 0.951777 
0.677000 27.000000 1.880898 0.951777 
0.677000 27.900000 1.880898 0.951777 
0.677000 28.799999 1.880898 0.951777 
0.677000 29.699999 1.880898 0.951777 
0.677000 30.599998 1.880898 0.951777 
0.677000 31.500000 1.880898 0.951777 
0.677000 32.399998 1.880898 0.951777 
0.677000 33.299999 1.880898 0.951777 
0.677000 34.200001 1.880898 0.951777 
0.677000 35.099998 1.880898 0.951777 
0.677000 36.000000 1.880898 0.951777 
0.677000 36.899998 1.880898 0.951777 
0.677000 37.799999 1.880898 0.951777 
0.677000 38.700001 1.880898 0.951777 
0.677000 39.599998 1.880898 0.951777 
0.677000 40.500000 1.880898 0.951777 
0.677000 41.399998 1.880898 0.951777 
0.677000 42.299999 1.880898 0.951777 
0.677000 43.199997 1.880898 0.951777 
0.677000 44.099998 1.880898 0.951777 
0.677000 45.000000 1.880898 0.951777 
0.677000 45.899998 1.880898 0.951777 
0.677000 46.799999 1.880898 0.951777 
0.677000 47.699997 1.880898 0.951777 
0.677000 48.599998 1.880898 0.951777 
0.677000 49.500000 1.880898 0.951777 
0.677000 50.399998 1.880898 0.951777 
0.677000 51.299999 1.880898 0.951777 
0.677000 52.199997 1.880898 0.951777 
0.677000 53.099998 1.880898 0.951777 
0.677000 54.000000 1.880898 0.951777 
0.677000 54.899998 1.880898 0.951777 
0.677000 55.799999 1.880898 0.951777 
0.677000 56.699997 1.880898 0.951777 
0.677000 57.599998 1.880898 0.951777 
0.677000 58.500000 1.880898 0.951777 
0.677000 59.399998 1.880898 0.951777 
0.677000 60.299999 1.880898 0.951777 
0.677000 61.199997 1.880898 0.951777 
0.677000 62.099998 1.880898 0.951777 
0.677000 63.000000 1.880898 0.951777 
0.677000 63.899998 1.880898 0.951777 
0.677000 64.799995 1.880898 0.951777 
0.677000 65.699997 1.880898 0.951777 
0.677000 66.599998 1.880898 0.951777 
0.677000 67.500000 1.880898 0.951777 
0.677000 68.400002 1.880898 0.951777 
0.677000 69.299995 1.880898 0.951777 
0.677000 70.199997 1.880898 0.951777 
0.677000 71.099998 1.880898 0.951777 
0.677000 72.000000 1.880898 0.951777 
0.677000 72.900002 1.880898 0.951777 
0.677000 73.799995 1.880898 0.951777 
0.677000 74.699997 1.880898 0.951777 
0.677000 75.599998 1.880898 0.951777 
0.677000 76.500000 1.880898 0.951777 
0.677000 77.400002 1.880898 0.951777 
0.677000 78.299995 1.880898 0.951777 
0.677000 79.199997 1.880898 0.951777 
0.677000 80.099998 1.880898 0.951777 
0.677000 81.000000 1.880898 0.951777 
0.677000 81.900002 1.880898 0.951777 
0.677000 82.799995 1.880898 0.951777 
0.677000 83.699997 1.880898 0.951777 
0.677000 84.599998 1.880898 0.951777 
0.677000 85.500000 1.880898 0.951777 
0.677000 86.399994 1.880898 0.951777 
0.677000 87.299995 1.880898 0.951777 
0.677000 88.199997 1.880898 0.951777 
0.677000 89.099998 1.880898 0.951777 
0.677000 90.000000 1.880898 0.951777 
0.677000 90.899994 1.880898 0.951777 
0.677000 91.799995 1.880898 0.951777 
0.677000 92.699997 1.880898 0.951777 
0.677000 93.599998 1.880898 0.951777 
0.677000 94.500000 1.880898 0.951777 
0.677000 95.399994 1.880898 0.951777 
0.677000 96.299995 1.880898 0.951777 
0.677000 97.199997 1.880898 0.951777 
0.677000 98.099998 1.880898 0.951777 
0.677000 99.000000 1.880898 0.951777 
0.677000 99.899994 1.880898 0.951777 
0.677000 100.799995 1.880898 0.951777 
0.677000 101.699997 1.880898 0.951777 
0.677000 102.599998 1.880898 0.951777 
0.677000 103.500000 1.880898 0.951777 
0.677000 104.399994 1.880898 0.951777 
0.677000 105.299995 1.880898 0.951777 
0.677000 106.199997 1.880898 0.951777 
0.677000 107.099998 1.880898 0.951777 
0.677000 108.000000 1.880898 0.951777 
0.677000 108.899994 1.880898 0.951777 
0.677000 109.799995 1.880898 0.951777 
0.677000 110.699997 1.880898 0.951777 
0.677000 111.599998 1.880898 0.951777 
0.677000 112.500000 1.880898 0.951777 
0.677000 113.399994 1.880898 0.951777 
0.677000 114.299995 1.880898 0.951777 
0.677000 115.199997 1.880898 0.951777 
0.677000 116.099998 1.880898 0.951777 
0.677000 117.000000 1.880898 0.951777 
0.677000 117.899994 1.880898 0.951777 
0.677000 118.799995 1.880898 0.951777 
0.677000 119.699997 1.880898 0.951777 
0.677000 120.599998 1.880898 0.951777 
0.677000 121.500000 1.880898 0.951777 
0.677000 122.399994 1.880898 0.951777 
0.677000 123.299995 1.880898 0.951777 
0.677000 124.199997 1.880898 0.951777 
0.677000 125.099998 1.880898 0.951777 
0.677000 126.000000 1.880898 0.951777 
0.677000 126.899994 1.880898 0.951777 
0.677000 127.799995 1.880898 0.951777 
0.677000 128.699997 1.880898 0.951777 
0.677000 129.599991 1.880898 0.951777 
0.677000 130.500000 1.880898 0.951777 
0.677000 131.399994 1.880898 0.951777 
0.677000 132.300003 1.880898 0.951777 
0.677000 133.199997 1.880898 0.951777 
0.677000 134.099991 1.880898 0.951777 
0.677000 135.000000 1.880898 0.951777 
0.677000 135.899994 1.880898 0.951777 
0.677000 136.800003 1.880898 0.951777 
0.677000 137.699997 1.880898 0.951777 
0.677000 138.599991 1.880898 0.951777 
0.677000 139.500000 1.880898 0.951777 
0.677000 140.399994 1.880898 0.951777 
0.677000 141.300003 1.880898 0.951777 
0.677000 142.199997 1.880898 0.951777 
0.677000 143.099991 1.880898 0.951777 
0.677000 144.000000 1.880898 0.951777 
0.677000 144.899994 1.880898 0.951777 
0.677000 145.800003 1.880898 0.951777 
0.677000 146.699997 1.880898 0.951777 
0.677000 147.599991 1.880898 0.951777 
0.677000 148.500000 1.880898 0.951777 
0.677000 149.399994 1.880898 0.951777 
0.677000 150.300003 1.880898 0.951777 
0.677000 151.199997 1.880898 0.951777 
0.677000 152.099991 1.880898 0.951777 
0.677000 153.000000 1.880898 0.951777 
0.677000 153.899994 1.880898 0.951777 
0.677000 154.800003 1.880898 0.951777 
0.677000 155.699997 1.880898 0.951777 
0.677000 156.599991 1.880898 0.951777 
0.677000 157.500000 1.880898 0.951777 
0.677000 158.399994 1.880898 0.951777 
0.677000 159.300003 1.880898 0.951777 
0.677000 160.199997 1.880898 0.951777 
0.677000 161.099991 1.880898 0.951777 
0.677000 162.000000 1.880898 0.951777 
0.677000 162.899994 1.880898 0.951777 
0.677000 163.800003 1.880898 0.951777 
0.677000 164.699997 1.880898 0.951777 
0.677000 165.599991 1.880898 0.951777 
0.677000 166.500000 1.880898 0.951777 
0.677000 167.399994 1.880898 0.951777 
0.677000 168.300003 1.880898 0.951777 
0.677000 169.199997 1.880898 0.951777 
0.677000 170.099991 1.880898 0.951777 
0.677000 171.000000 1.880898 0.951777 
0.677000 171.899994 1.880898 0.951777 
0.677000 172.799988 1.880898 0.951777 
0.677000 173.699997 1.880898 0.951777 
0.677000 174.599991 1.880898 0.951777 
0.677000 175.500000 1.880898 0.951777 
0.677000 176.399994 1.880898 0.951777 
0.677000 177.299988 1.880898 0.951777 
0.677000 178.199997 1.880898 0.951777 
0.677000 179.099991 1.880898 0.951777 
0.677000 180.000000 1.880898 0.951777 
0.677000 180.899994 1.880898 0.951777 
0.677000 181.799988 1.880898 0.951777 
0.677000 182.699997 1.880898 0.951777 
0.677000 183.599991 1.880898 0.951777 
0.677000 184.500000 1.880898 0.951777 
0.677000 185.399994 1.880898 0.951777 
0.677000 186.299988 1.880898 0.951777 
0.677000 187.199997 1.880898 0.951777 
0.677000 188.099991 1.880898 0.951777 
0.677000 189.000000 1.880898 0.951777 
0.677000 189.899994 1.880898 0.951777 
0.677000 190.799988 1.880898 0.951777 
0.677000 191.699997 1.880898 0.951777 
0.677000 192.599991 1.880898 0.951777 
0.677000 193.500000 1.880898 0.951777 
0.677000 194.399994 1.880898 0.951777 
0.677000 195.299988 1.880898 0.951777 
0.677000 196.199997 1.880898 0.951777 
0.677000 197.099991 1.880898 0.951777 
0.677000 198.000000 1.880898 0.951777 
0.677000 198.899994 1.880898 0.951777 
0.677000 199.799988 1.880898 0.951777 
0.677000 200.699997 1.880898 0.951777 
0.677000 201.599991 1.880898 0.951777 
0.677000 202.500000 1.880898 0.951777 
0.677000 203.399994 1.880898 0.951777 
0.677000 204.299988 1.880898 0.951777 
0.677000 205.199997 1.880898 0.951777 
0.677000 206.099991 1.880898 0.951777 
0.677000 207.000000 1.880898 0.951777 
0.677000 207.899994 1.880898 0.951777 
0.677000 208.799988 1.880898 0.951777 
0.677000 209.699997 1.880898 0.951777 
0.677000 210.599991 1.880898 0.951777 
0.677000 211.500000 1.880898 0.951777 
0.677000 212.399994 1.880898 0.951777 
0.677000 213.299988 1.880898 0.951777 
0.677000 214.199997 1.880898 0.951777 
0.677000 215.099991 1.880898 0.951777 
0.677000 216.000000 1.880898 0.951777 
0.677000 216.899994 1.880898 0.951777 
0.677000 217.799988 1.880898 0.951777 
0.677000 218.699997 1.880898 0.951777 
0.677000 219.599991 1.880898 0.951777 
0.677000 220.500000 1.880898 0.951777 
0.677000 221.399994 1.880898 0.951777 
0.677000 222.299988 1.880898 0.951778 
0.677000 223.199997 1.880898 0.951778 
0.677000 224.099991 1.880898 0.951778 
0.677000 225.000000 1.880898 0.951778 
0.677000 225.899994 1.880898 0.951778 
0.677000 226.799988 1.880898 0.951778 
0.677000 227.699997 1.880898 0.951779 
0.677000 228.599991 1.880891 0.951779 
0.677000 229.500000 1.880864 0.951779 
