0.869000 0.000000 1.783700 0.888278 
0.869000 0.900000 1.783652 0.888278 
0.869000 1.800000 1.783673 0.888278 
0.869000 2.700000 1.783681 0.888278 
0.869000 3.600000 1.783689 0.888278 
0.869000 4.500000 1.783692 0.888278 
0.869000 5.400000 1.783694 0.888278 
0.869000 6.300000 1.783696 0.888278 
0.869000 7.200000 1.783697 0.888278 
0.869000 8.099999 1.783697 0.888278 
0.869000 9.000000 1.783697 0.888278 
0.869000 9.900000 1.783697 0.888278 
0.869000 10.799999 1.783698 0.888278 
0.869000 11.700000 1.783698 0.888278 
0.869000 12.599999 1.783698 0.888278 
0.869000 13.500000 1.783698 0.888278 
0.869000 14.400000 1.783698 0.888277 
0.869000 15.299999 1.783698 0.888277 
0.869000 16.199999 1.783698 0.888277 
0.869000 17.100000 1.783698 0.888277 
0.869000 18.000000 1.783698 0.888277 
0.869000 18.900000 1.783698 0.888277 
0.869000 19.799999 1.783698 0.888277 
0.869000 20.699999 1.783698 0.888277 
0.869000 21.599998 1.783698 0.888277 
0.869000 22.500000 1.783698 0.888277 
0.869000 23.400000 1.783698 0.888277 
0.869000 24.299999 1.783698 0.888277 
0.869000 25.199999 1.783698 0.888277 
0.869000 26.099998 1.783698 0.888277 
0.869000 27.000000 1.783698 0.888277 
0.869000 27.900000 1.783698 0.888277 
0.869000 28.799999 1.783698 0.888277 
0.869000 29.699999 1.783698 0.888277 
0.869000 30.599998 1.783698 0.888277 
0.869000 31.500000 1.783698 0.888277 
0.869000 32.399998 1.783698 0.888277 
0.869000 33.299999 1.783698 0.888277 
0.869000 34.200001 1.783698 0.888277 
0.869000 35.099998 1.783698 0.888277 
0.869000 36.000000 1.783698 0.888277 
0.869000 36.899998 1.783698 0.888277 
0.869000 37.799999 1.783698 0.888277 
0.869000 38.700001 1.783698 0.888277 
0.869000 39.599998 1.783698 0.888277 
0.869000 40.500000 1.783698 0.888277 
0.869000 41.399998 1.783698 0.888277 
0.869000 42.299999 1.783698 0.888277 
0.869000 43.199997 1.783698 0.888277 
0.869000 44.099998 1.783698 0.888277 
0.869000 45.000000 1.783698 0.888277 
0.869000 45.899998 1.783698 0.888277 
0.869000 46.799999 1.783698 0.888277 
0.869000 47.699997 1.783698 0.888277 
0.869000 48.599998 1.783698 0.888277 
0.869000 49.500000 1.783698 0.888277 
0.869000 50.399998 1.783698 0.888277 
0.869000 51.299999 1.783698 0.888277 
0.869000 52.199997 1.783698 0.888277 
0.869000 53.099998 1.783698 0.888277 
0.869000 54.000000 1.783698 0.888277 
0.869000 54.899998 1.783698 0.888277 
0.869000 55.799999 1.783698 0.888277 
0.869000 56.699997 1.783698 0.888277 
0.869000 57.599998 1.783698 0.888277 
0.869000 58.500000 1.783698 0.888277 
0.869000 59.399998 1.783698 0.888277 
0.869000 60.299999 1.783698 0.888277 
0.869000 61.199997 1.783698 0.888277 
0.869000 62.099998 1.783698 0.888277 
0.869000 63.000000 1.783698 0.888277 
0.869000 63.899998 1.783698 0.888277 
0.869000 64.799995 1.783698 0.888277 
0.869000 65.699997 1.783698 0.888277 
0.869000 66.599998 1.783698 0.888277 
0.869000 67.500000 1.783698 0.888277 
0.869000 68.400002 1.783698 0.888277 
0.869000 69.299995 1.783698 0.888277 
0.869000 70.199997 1.783698 0.888277 
0.869000 71.099998 1.783698 0.888277 
0.869000 72.000000 1.783698 0.888277 
0.869000 72.900002 1.783698 0.888277 
0.869000 73.799995 1.783698 0.888277 
0.869000 74.699997 1.783698 0.888277 
0.869000 75.599998 1.783698 0.888277 
0.869000 76.500000 1.783698 0.888277 
0.869000 77.400002 1.783698 0.888277 
0.869000 78.299995 1.783698 0.888277 
0.869000 79.199997 1.783698 0.888277 
0.869000 80.099998 1.783698 0.888277 
0.869000 81.000000 1.783698 0.888277 
0.869000 81.900002 1.783698 0.888277 
0.869000 82.799995 1.783698 0.888277 
0.869000 83.699997 1.783698 0.888277 
0.869000 84.599998 1.783698 0.888277 
0.869000 85.500000 1.783698 0.888277 
0.869000 86.399994 1.783698 0.888277 
0.869000 87.299995 1.783698 0.888277 
0.869000 88.199997 1.783698 0.888277 
0.869000 89.099998 1.783698 0.888277 
0.869000 90.000000 1.783698 0.888277 
0.869000 90.899994 1.783698 0.888277 
0.869000 91.799995 1.783698 0.888277 
0.869000 92.699997 1.783698 0.888277 
0.869000 93.599998 1.783698 0.888277 
0.869000 94.500000 1.783698 0.888277 
0.869000 95.399994 1.783698 0.888277 
0.869000 96.299995 1.783698 0.888277 
0.869000 97.199997 1.783698 0.888277 
0.869000 98.099998 1.783698 0.888277 
0.869000 99.000000 1.783698 0.888277 
0.869000 99.899994 1.783698 0.888277 
0.869000 100.799995 1.783698 0.888277 
0.869000 101.699997 1.783698 0.888277 
0.869000 102.599998 1.783698 0.888277 
0.869000 103.500000 1.783698 0.888277 
0.869000 104.399994 1.783698 0.888277 
0.869000 105.299995 1.783698 0.888277 
0.869000 106.199997 1.783698 0.888277 
0.869000 107.099998 1.783698 0.888277 
0.869000 108.000000 1.783698 0.888277 
0.869000 108.899994 1.783698 0.888277 
0.869000 109.799995 1.783698 0.888277 
0.869000 110.699997 1.783698 0.888277 
0.869000 111.599998 1.783698 0.888277 
0.869000 112.500000 1.783698 0.888277 
0.869000 113.399994 1.783698 0.888277 
0.869000 114.299995 1.783698 0.888277 
0.869000 115.199997 1.783698 0.888277 
0.869000 116.099998 1.783698 0.888277 
0.869000 117.000000 1.783698 0.888277 
0.869000 117.899994 1.783698 0.888277 
0.869000 118.799995 1.783698 0.888277 
0.869000 119.699997 1.783698 0.888277 
0.869000 120.599998 1.783698 0.888277 
0.869000 121.500000 1.783698 0.888277 
0.869000 122.399994 1.783698 0.888277 
0.869000 123.299995 1.783698 0.888277 
0.869000 124.199997 1.783698 0.888277 
0.869000 125.099998 1.783698 0.888277 
0.869000 126.000000 1.783698 0.888277 
0.869000 126.899994 1.783698 0.888277 
0.869000 127.799995 1.783698 0.888277 
0.869000 128.699997 1.783698 0.888277 
0.869000 129.599991 1.783698 0.888277 
0.869000 130.500000 1.783698 0.888277 
0.869000 131.399994 1.783698 0.888277 
0.869000 132.300003 1.783698 0.888277 
0.869000 133.199997 1.783698 0.888277 
0.869000 134.099991 1.783698 0.888277 
0.869000 135.000000 1.783698 0.888277 
0.869000 135.899994 1.783698 0.888277 
0.869000 136.800003 1.783698 0.888277 
0.869000 137.699997 1.783698 0.888277 
0.869000 138.599991 1.783698 0.888277 
0.869000 139.500000 1.783698 0.888277 
0.869000 140.399994 1.783698 0.888277 
0.869000 141.300003 1.783698 0.888277 
0.869000 142.199997 1.783698 0.888277 
0.869000 143.099991 1.783698 0.888277 
0.869000 144.000000 1.783698 0.888277 
0.869000 144.899994 1.783698 0.888277 
0.869000 145.800003 1.783698 0.888277 
0.869000 146.699997 1.783698 0.888277 
0.869000 147.599991 1.783698 0.888277 
0.869000 148.500000 1.783698 0.888277 
0.869000 149.399994 1.783698 0.888277 
0.869000 150.300003 1.783698 0.888277 
0.869000 151.199997 1.783698 0.888277 
0.869000 152.099991 1.783698 0.888277 
0.869000 153.000000 1.783698 0.888277 
0.869000 153.899994 1.783698 0.888277 
0.869000 154.800003 1.783698 0.888277 
0.869000 155.699997 1.783698 0.888277 
0.869000 156.599991 1.783698 0.888277 
0.869000 157.500000 1.783698 0.888277 
0.869000 158.399994 1.783698 0.888277 
0.869000 159.300003 1.783698 0.888277 
0.869000 160.199997 1.783698 0.888277 
0.869000 161.099991 1.783698 0.888277 
0.869000 162.000000 1.783698 0.888277 
0.869000 162.899994 1.783698 0.888277 
0.869000 163.800003 1.783698 0.888277 
0.869000 164.699997 1.783698 0.888277 
0.869000 165.599991 1.783698 0.888277 
0.869000 166.500000 1.783698 0.888277 
0.869000 167.399994 1.783698 0.888277 
0.869000 168.300003 1.783698 0.888277 
0.869000 169.199997 1.783698 0.888277 
0.869000 170.099991 1.783698 0.888277 
0.869000 171.000000 1.783698 0.888277 
0.869000 171.899994 1.783698 0.888277 
0.869000 172.799988 1.783698 0.888277 
0.869000 173.699997 1.783698 0.888277 
0.869000 174.599991 1.783698 0.888277 
0.869000 175.500000 1.783698 0.888277 
0.869000 176.399994 1.783698 0.888277 
0.869000 177.299988 1.783698 0.888277 
0.869000 178.199997 1.783698 0.888277 
0.869000 179.099991 1.783698 0.888277 
0.869000 180.000000 1.783698 0.888277 
0.869000 180.899994 1.783698 0.888277 
0.869000 181.799988 1.783698 0.888277 
0.869000 182.699997 1.783698 0.888277 
0.869000 183.599991 1.783698 0.888277 
0.869000 184.500000 1.783698 0.888277 
0.869000 185.399994 1.783698 0.888277 
0.869000 186.299988 1.783698 0.888277 
0.869000 187.199997 1.783698 0.888277 
0.869000 188.099991 1.783698 0.888277 
0.869000 189.000000 1.783698 0.888277 
0.869000 189.899994 1.783698 0.888277 
0.869000 190.799988 1.783698 0.888277 
0.869000 191.699997 1.783698 0.888277 
0.869000 192.599991 1.783698 0.888277 
0.869000 193.500000 1.783698 0.888277 
0.869000 194.399994 1.783698 0.888277 
0.869000 195.299988 1.783698 0.888277 
0.869000 196.199997 1.783698 0.888277 
0.869000 197.099991 1.783698 0.888277 
0.869000 198.000000 1.783698 0.888277 
0.869000 198.899994 1.783698 0.888277 
0.869000 199.799988 1.783698 0.888277 
0.869000 200.699997 1.783698 0.888277 
0.869000 201.599991 1.783698 0.888277 
0.869000 202.500000 1.783698 0.888277 
0.869000 203.399994 1.783698 0.888277 
0.869000 204.299988 1.783698 0.888277 
0.869000 205.199997 1.783698 0.888277 
0.869000 206.099991 1.783698 0.888277 
0.869000 207.000000 1.783698 0.888277 
0.869000 207.899994 1.783698 0.888277 
0.869000 208.799988 1.783698 0.888277 
0.869000 209.699997 1.783698 0.888277 
0.869000 210.599991 1.783698 0.888277 
0.869000 211.500000 1.783698 0.888277 
0.869000 212.399994 1.783698 0.888277 
0.869000 213.299988 1.783698 0.888277 
0.869000 214.199997 1.783698 0.888277 
0.869000 215.099991 1.783698 0.888277 
0.869000 216.000000 1.783698 0.888277 
0.869000 216.899994 1.783698 0.888277 
0.869000 217.799988 1.783698 0.888277 
0.869000 218.699997 1.783698 0.888277 
0.869000 219.599991 1.783698 0.888277 
0.869000 220.500000 1.783698 0.888277 
0.869000 221.399994 1.783698 0.888278 
0.869000 222.299988 1.783698 0.888278 
0.869000 223.199997 1.783698 0.888278 
0.869000 224.099991 1.783698 0.888278 
0.869000 225.000000 1.783698 0.888278 
0.869000 225.899994 1.783698 0.888278 
0.869000 226.799988 1.783699 0.888278 
0.869000 227.699997 1.783697 0.888278 
0.869000 228.599991 1.783687 0.888278 
0.869000 229.500000 1.783656 0.888279 
