0.463000 0.000000 1.886838 1.137534 
0.463000 0.900000 1.886803 1.137535 
0.463000 1.800000 1.886819 1.137535 
0.463000 2.700000 1.886822 1.137535 
0.463000 3.600000 1.886825 1.137536 
0.463000 4.500000 1.886827 1.137537 
0.463000 5.400000 1.886828 1.137537 
0.463000 6.300000 1.886828 1.137537 
0.463000 7.200000 1.886829 1.137537 
0.463000 8.099999 1.886829 1.137537 
0.463000 9.000000 1.886829 1.137537 
0.463000 9.900000 1.886829 1.137537 
0.463000 10.799999 1.886829 1.137537 
0.463000 11.700000 1.886829 1.137537 
0.463000 12.599999 1.886829 1.137537 
0.463000 13.500000 1.886829 1.137537 
0.463000 14.400000 1.886829 1.137537 
0.463000 15.299999 1.886829 1.137537 
0.463000 16.199999 1.886829 1.137537 
0.463000 17.100000 1.886829 1.137537 
0.463000 18.000000 1.886829 1.137537 
0.463000 18.900000 1.886829 1.137537 
0.463000 19.799999 1.886829 1.137537 
0.463000 20.699999 1.886829 1.137537 
0.463000 21.599998 1.886829 1.137537 
0.463000 22.500000 1.886829 1.137537 
0.463000 23.400000 1.886829 1.137537 
0.463000 24.299999 1.886829 1.137537 
0.463000 25.199999 1.886829 1.137537 
0.463000 26.099998 1.886829 1.137537 
0.463000 27.000000 1.886829 1.137537 
0.463000 27.900000 1.886829 1.137537 
0.463000 28.799999 1.886829 1.137537 
0.463000 29.699999 1.886829 1.137537 
0.463000 30.599998 1.886829 1.137537 
0.463000 31.500000 1.886829 1.137537 
0.463000 32.399998 1.886829 1.137537 
0.463000 33.299999 1.886829 1.137537 
0.463000 34.200001 1.886829 1.137537 
0.463000 35.099998 1.886829 1.137537 
0.463000 36.000000 1.886829 1.137537 
0.463000 36.899998 1.886829 1.137537 
0.463000 37.799999 1.886829 1.137537 
0.463000 38.700001 1.886829 1.137537 
0.463000 39.599998 1.886829 1.137537 
0.463000 40.500000 1.886829 1.137537 
0.463000 41.399998 1.886829 1.137537 
0.463000 42.299999 1.886829 1.137537 
0.463000 43.199997 1.886829 1.137537 
0.463000 44.099998 1.886829 1.137537 
0.463000 45.000000 1.886829 1.137537 
0.463000 45.899998 1.886829 1.137537 
0.463000 46.799999 1.886829 1.137537 
0.463000 47.699997 1.886829 1.137537 
0.463000 48.599998 1.886829 1.137537 
0.463000 49.500000 1.886829 1.137537 
0.463000 50.399998 1.886829 1.137537 
0.463000 51.299999 1.886829 1.137537 
0.463000 52.199997 1.886829 1.137537 
0.463000 53.099998 1.886829 1.137537 
0.463000 54.000000 1.886829 1.137537 
0.463000 54.899998 1.886829 1.137537 
0.463000 55.799999 1.886829 1.137537 
0.463000 56.699997 1.886829 1.137537 
0.463000 57.599998 1.886829 1.137537 
0.463000 58.500000 1.886829 1.137537 
0.463000 59.399998 1.886829 1.137537 
0.463000 60.299999 1.886829 1.137537 
0.463000 61.199997 1.886829 1.137537 
0.463000 62.099998 1.886829 1.137537 
0.463000 63.000000 1.886829 1.137537 
0.463000 63.899998 1.886829 1.137537 
0.463000 64.799995 1.886829 1.137537 
0.463000 65.699997 1.886829 1.137537 
0.463000 66.599998 1.886829 1.137537 
0.463000 67.500000 1.886829 1.137537 
0.463000 68.400002 1.886829 1.137537 
0.463000 69.299995 1.886829 1.137537 
0.463000 70.199997 1.886829 1.137537 
0.463000 71.099998 1.886829 1.137537 
0.463000 72.000000 1.886829 1.137537 
0.463000 72.900002 1.886829 1.137537 
0.463000 73.799995 1.886829 1.137537 
0.463000 74.699997 1.886829 1.137537 
0.463000 75.599998 1.886829 1.137537 
0.463000 76.500000 1.886829 1.137537 
0.463000 77.400002 1.886829 1.137537 
0.463000 78.299995 1.886829 1.137537 
0.463000 79.199997 1.886829 1.137537 
0.463000 80.099998 1.886829 1.137537 
0.463000 81.000000 1.886829 1.137537 
0.463000 81.900002 1.886829 1.137537 
0.463000 82.799995 1.886829 1.137537 
0.463000 83.699997 1.886829 1.137537 
0.463000 84.599998 1.886829 1.137537 
0.463000 85.500000 1.886829 1.137537 
0.463000 86.399994 1.886829 1.137537 
0.463000 87.299995 1.886829 1.137537 
0.463000 88.199997 1.886829 1.137537 
0.463000 89.099998 1.886829 1.137537 
0.463000 90.000000 1.886829 1.137537 
0.463000 90.899994 1.886829 1.137537 
0.463000 91.799995 1.886829 1.137537 
0.463000 92.699997 1.886829 1.137537 
0.463000 93.599998 1.886829 1.137537 
0.463000 94.500000 1.886829 1.137537 
0.463000 95.399994 1.886829 1.137537 
0.463000 96.299995 1.886829 1.137537 
0.463000 97.199997 1.886829 1.137537 
0.463000 98.099998 1.886829 1.137537 
0.463000 99.000000 1.886829 1.137537 
0.463000 99.899994 1.886829 1.137537 
0.463000 100.799995 1.886829 1.137537 
0.463000 101.699997 1.886829 1.137537 
0.463000 102.599998 1.886829 1.137537 
0.463000 103.500000 1.886829 1.137537 
0.463000 104.399994 1.886829 1.137537 
0.463000 105.299995 1.886829 1.137537 
0.463000 106.199997 1.886829 1.137537 
0.463000 107.099998 1.886829 1.137537 
0.463000 108.000000 1.886829 1.137537 
0.463000 108.899994 1.886829 1.137537 
0.463000 109.799995 1.886829 1.137537 
0.463000 110.699997 1.886829 1.137537 
0.463000 111.599998 1.886829 1.137537 
0.463000 112.500000 1.886829 1.137537 
0.463000 113.399994 1.886829 1.137537 
0.463000 114.299995 1.886829 1.137537 
0.463000 115.199997 1.886829 1.137537 
0.463000 116.099998 1.886829 1.137537 
0.463000 117.000000 1.886829 1.137537 
0.463000 117.899994 1.886829 1.137537 
0.463000 118.799995 1.886829 1.137537 
0.463000 119.699997 1.886829 1.137537 
0.463000 120.599998 1.886829 1.137537 
0.463000 121.500000 1.886829 1.137537 
0.463000 122.399994 1.886829 1.137537 
0.463000 123.299995 1.886829 1.137537 
0.463000 124.199997 1.886829 1.137537 
0.463000 125.099998 1.886829 1.137537 
0.463000 126.000000 1.886829 1.137537 
0.463000 126.899994 1.886829 1.137537 
0.463000 127.799995 1.886829 1.137537 
0.463000 128.699997 1.886829 1.137537 
0.463000 129.599991 1.886829 1.137537 
0.463000 130.500000 1.886829 1.137537 
0.463000 131.399994 1.886829 1.137537 
0.463000 132.300003 1.886829 1.137537 
0.463000 133.199997 1.886829 1.137537 
0.463000 134.099991 1.886829 1.137537 
0.463000 135.000000 1.886829 1.137537 
0.463000 135.899994 1.886829 1.137537 
0.463000 136.800003 1.886829 1.137537 
0.463000 137.699997 1.886829 1.137537 
0.463000 138.599991 1.886829 1.137537 
0.463000 139.500000 1.886829 1.137537 
0.463000 140.399994 1.886829 1.137537 
0.463000 141.300003 1.886829 1.137537 
0.463000 142.199997 1.886829 1.137537 
0.463000 143.099991 1.886829 1.137537 
0.463000 144.000000 1.886829 1.137537 
0.463000 144.899994 1.886829 1.137537 
0.463000 145.800003 1.886829 1.137537 
0.463000 146.699997 1.886829 1.137537 
0.463000 147.599991 1.886829 1.137537 
0.463000 148.500000 1.886829 1.137537 
0.463000 149.399994 1.886829 1.137537 
0.463000 150.300003 1.886829 1.137537 
0.463000 151.199997 1.886829 1.137537 
0.463000 152.099991 1.886829 1.137537 
0.463000 153.000000 1.886829 1.137537 
0.463000 153.899994 1.886829 1.137537 
0.463000 154.800003 1.886829 1.137537 
0.463000 155.699997 1.886829 1.137537 
0.463000 156.599991 1.886829 1.137537 
0.463000 157.500000 1.886829 1.137537 
0.463000 158.399994 1.886829 1.137537 
0.463000 159.300003 1.886829 1.137537 
0.463000 160.199997 1.886829 1.137537 
0.463000 161.099991 1.886829 1.137537 
0.463000 162.000000 1.886829 1.137537 
0.463000 162.899994 1.886829 1.137537 
0.463000 163.800003 1.886829 1.137537 
0.463000 164.699997 1.886829 1.137537 
0.463000 165.599991 1.886829 1.137537 
0.463000 166.500000 1.886829 1.137537 
0.463000 167.399994 1.886829 1.137537 
0.463000 168.300003 1.886829 1.137537 
0.463000 169.199997 1.886829 1.137537 
0.463000 170.099991 1.886829 1.137537 
0.463000 171.000000 1.886829 1.137537 
0.463000 171.899994 1.886829 1.137537 
0.463000 172.799988 1.886829 1.137537 
0.463000 173.699997 1.886829 1.137537 
0.463000 174.599991 1.886829 1.137537 
0.463000 175.500000 1.886829 1.137537 
0.463000 176.399994 1.886829 1.137537 
0.463000 177.299988 1.886829 1.137537 
0.463000 178.199997 1.886829 1.137537 
0.463000 179.099991 1.886829 1.137537 
0.463000 180.000000 1.886829 1.137537 
0.463000 180.899994 1.886829 1.137537 
0.463000 181.799988 1.886829 1.137537 
0.463000 182.699997 1.886829 1.137537 
0.463000 183.599991 1.886829 1.137537 
0.463000 184.500000 1.886829 1.137537 
0.463000 185.399994 1.886829 1.137537 
0.463000 186.299988 1.886829 1.137537 
0.463000 187.199997 1.886829 1.137537 
0.463000 188.099991 1.886829 1.137537 
0.463000 189.000000 1.886829 1.137537 
0.463000 189.899994 1.886829 1.137537 
0.463000 190.799988 1.886829 1.137537 
0.463000 191.699997 1.886829 1.137537 
0.463000 192.599991 1.886829 1.137537 
0.463000 193.500000 1.886829 1.137537 
0.463000 194.399994 1.886829 1.137537 
0.463000 195.299988 1.886829 1.137537 
0.463000 196.199997 1.886829 1.137537 
0.463000 197.099991 1.886829 1.137537 
0.463000 198.000000 1.886829 1.137537 
0.463000 198.899994 1.886829 1.137537 
0.463000 199.799988 1.886829 1.137537 
0.463000 200.699997 1.886829 1.137537 
0.463000 201.599991 1.886829 1.137537 
0.463000 202.500000 1.886829 1.137537 
0.463000 203.399994 1.886829 1.137537 
0.463000 204.299988 1.886829 1.137537 
0.463000 205.199997 1.886829 1.137537 
0.463000 206.099991 1.886829 1.137537 
0.463000 207.000000 1.886829 1.137537 
0.463000 207.899994 1.886829 1.137537 
0.463000 208.799988 1.886829 1.137537 
0.463000 209.699997 1.886829 1.137537 
0.463000 210.599991 1.886829 1.137537 
0.463000 211.500000 1.886829 1.137537 
0.463000 212.399994 1.886829 1.137537 
0.463000 213.299988 1.886829 1.137537 
0.463000 214.199997 1.886829 1.137537 
0.463000 215.099991 1.886829 1.137537 
0.463000 216.000000 1.886829 1.137537 
0.463000 216.899994 1.886829 1.137537 
0.463000 217.799988 1.886829 1.137537 
0.463000 218.699997 1.886829 1.137537 
0.463000 219.599991 1.886829 1.137537 
0.463000 220.500000 1.886829 1.137537 
0.463000 221.399994 1.886829 1.137537 
0.463000 222.299988 1.886829 1.137537 
0.463000 223.199997 1.886829 1.137537 
0.463000 224.099991 1.886829 1.137537 
0.463000 225.000000 1.886829 1.137537 
0.463000 225.899994 1.886829 1.137537 
0.463000 226.799988 1.886829 1.137537 
0.463000 227.699997 1.886829 1.137537 
0.463000 228.599991 1.886826 1.137538 
0.463000 229.500000 1.886808 1.137538 
