0.173000 0.000000 1.643440 1.609292 
0.173000 0.900000 1.643427 1.609293 
0.173000 1.800000 1.643433 1.609293 
0.173000 2.700000 1.643433 1.609294 
0.173000 3.600000 1.643434 1.609296 
0.173000 4.500000 1.643435 1.609297 
0.173000 5.400000 1.643435 1.609298 
0.173000 6.300000 1.643435 1.609298 
0.173000 7.200000 1.643435 1.609298 
0.173000 8.099999 1.643435 1.609298 
0.173000 9.000000 1.643435 1.609298 
0.173000 9.900000 1.643435 1.609298 
0.173000 10.799999 1.643435 1.609298 
0.173000 11.700000 1.643435 1.609298 
0.173000 12.599999 1.643435 1.609298 
0.173000 13.500000 1.643435 1.609298 
0.173000 14.400000 1.643435 1.609298 
0.173000 15.299999 1.643435 1.609298 
0.173000 16.199999 1.643435 1.609298 
0.173000 17.100000 1.643435 1.609298 
0.173000 18.000000 1.643435 1.609298 
0.173000 18.900000 1.643435 1.609298 
0.173000 19.799999 1.643435 1.609298 
0.173000 20.699999 1.643435 1.609298 
0.173000 21.599998 1.643435 1.609298 
0.173000 22.500000 1.643435 1.609298 
0.173000 23.400000 1.643435 1.609298 
0.173000 24.299999 1.643435 1.609298 
0.173000 25.199999 1.643435 1.609298 
0.173000 26.099998 1.643435 1.609298 
0.173000 27.000000 1.643435 1.609298 
0.173000 27.900000 1.643435 1.609298 
0.173000 28.799999 1.643435 1.609298 
0.173000 29.699999 1.643435 1.609298 
0.173000 30.599998 1.643435 1.609298 
0.173000 31.500000 1.643435 1.609298 
0.173000 32.399998 1.643435 1.609298 
0.173000 33.299999 1.643435 1.609298 
0.173000 34.200001 1.643435 1.609298 
0.173000 35.099998 1.643435 1.609298 
0.173000 36.000000 1.643435 1.609298 
0.173000 36.899998 1.643435 1.609298 
0.173000 37.799999 1.643435 1.609298 
0.173000 38.700001 1.643435 1.609298 
0.173000 39.599998 1.643435 1.609298 
0.173000 40.500000 1.643435 1.609298 
0.173000 41.399998 1.643435 1.609298 
0.173000 42.299999 1.643435 1.609298 
0.173000 43.199997 1.643435 1.609298 
0.173000 44.099998 1.643435 1.609298 
0.173000 45.000000 1.643435 1.609298 
0.173000 45.899998 1.643435 1.609298 
0.173000 46.799999 1.643435 1.609298 
0.173000 47.699997 1.643435 1.609298 
0.173000 48.599998 1.643435 1.609298 
0.173000 49.500000 1.643435 1.609298 
0.173000 50.399998 1.643435 1.609298 
0.173000 51.299999 1.643435 1.609298 
0.173000 52.199997 1.643435 1.609298 
0.173000 53.099998 1.643435 1.609298 
0.173000 54.000000 1.643435 1.609298 
0.173000 54.899998 1.643435 1.609298 
0.173000 55.799999 1.643435 1.609298 
0.173000 56.699997 1.643435 1.609298 
0.173000 57.599998 1.643435 1.609298 
0.173000 58.500000 1.643435 1.609298 
0.173000 59.399998 1.643435 1.609298 
0.173000 60.299999 1.643435 1.609298 
0.173000 61.199997 1.643435 1.609298 
0.173000 62.099998 1.643435 1.609298 
0.173000 63.000000 1.643435 1.609298 
0.173000 63.899998 1.643435 1.609298 
0.173000 64.799995 1.643435 1.609298 
0.173000 65.699997 1.643435 1.609298 
0.173000 66.599998 1.643435 1.609298 
0.173000 67.500000 1.643435 1.609298 
0.173000 68.400002 1.643435 1.609298 
0.173000 69.299995 1.643435 1.609298 
0.173000 70.199997 1.643435 1.609298 
0.173000 71.099998 1.643435 1.609298 
0.173000 72.000000 1.643435 1.609298 
0.173000 72.900002 1.643435 1.609298 
0.173000 73.799995 1.643435 1.609298 
0.173000 74.699997 1.643435 1.609298 
0.173000 75.599998 1.643435 1.609298 
0.173000 76.500000 1.643435 1.609298 
0.173000 77.400002 1.643435 1.609298 
0.173000 78.299995 1.643435 1.609298 
0.173000 79.199997 1.643435 1.609298 
0.173000 80.099998 1.643435 1.609298 
0.173000 81.000000 1.643435 1.609298 
0.173000 81.900002 1.643435 1.609298 
0.173000 82.799995 1.643435 1.609298 
0.173000 83.699997 1.643435 1.609298 
0.173000 84.599998 1.643435 1.609298 
0.173000 85.500000 1.643435 1.609298 
0.173000 86.399994 1.643435 1.609298 
0.173000 87.299995 1.643435 1.609298 
0.173000 88.199997 1.643435 1.609298 
0.173000 89.099998 1.643435 1.609298 
0.173000 90.000000 1.643435 1.609298 
0.173000 90.899994 1.643435 1.609298 
0.173000 91.799995 1.643435 1.609298 
0.173000 92.699997 1.643435 1.609298 
0.173000 93.599998 1.643435 1.609298 
0.173000 94.500000 1.643435 1.609298 
0.173000 95.399994 1.643435 1.609298 
0.173000 96.299995 1.643435 1.609298 
0.173000 97.199997 1.643435 1.609298 
0.173000 98.099998 1.643435 1.609298 
0.173000 99.000000 1.643435 1.609298 
0.173000 99.899994 1.643435 1.609298 
0.173000 100.799995 1.643435 1.609298 
0.173000 101.699997 1.643435 1.609298 
0.173000 102.599998 1.643435 1.609298 
0.173000 103.500000 1.643435 1.609298 
0.173000 104.399994 1.643435 1.609298 
0.173000 105.299995 1.643435 1.609298 
0.173000 106.199997 1.643435 1.609298 
0.173000 107.099998 1.643435 1.609298 
0.173000 108.000000 1.643435 1.609298 
0.173000 108.899994 1.643435 1.609298 
0.173000 109.799995 1.643435 1.609298 
0.173000 110.699997 1.643435 1.609298 
0.173000 111.599998 1.643435 1.609298 
0.173000 112.500000 1.643435 1.609298 
0.173000 113.399994 1.643435 1.609298 
0.173000 114.299995 1.643435 1.609298 
0.173000 115.199997 1.643435 1.609298 
0.173000 116.099998 1.643435 1.609298 
0.173000 117.000000 1.643435 1.609298 
0.173000 117.899994 1.643435 1.609298 
0.173000 118.799995 1.643435 1.609298 
0.173000 119.699997 1.643435 1.609298 
0.173000 120.599998 1.643435 1.609298 
0.173000 121.500000 1.643435 1.609298 
0.173000 122.399994 1.643435 1.609298 
0.173000 123.299995 1.643435 1.609298 
0.173000 124.199997 1.643435 1.609298 
0.173000 125.099998 1.643435 1.609298 
0.173000 126.000000 1.643435 1.609298 
0.173000 126.899994 1.643435 1.609298 
0.173000 127.799995 1.643435 1.609298 
0.173000 128.699997 1.643435 1.609298 
0.173000 129.599991 1.643435 1.609298 
0.173000 130.500000 1.643435 1.609298 
0.173000 131.399994 1.643435 1.609298 
0.173000 132.300003 1.643435 1.609298 
0.173000 133.199997 1.643435 1.609298 
0.173000 134.099991 1.643435 1.609298 
0.173000 135.000000 1.643435 1.609298 
0.173000 135.899994 1.643435 1.609298 
0.173000 136.800003 1.643435 1.609298 
0.173000 137.699997 1.643435 1.609298 
0.173000 138.599991 1.643435 1.609298 
0.173000 139.500000 1.643435 1.609298 
0.173000 140.399994 1.643435 1.609298 
0.173000 141.300003 1.643435 1.609298 
0.173000 142.199997 1.643435 1.609298 
0.173000 143.099991 1.643435 1.609298 
0.173000 144.000000 1.643435 1.609298 
0.173000 144.899994 1.643435 1.609298 
0.173000 145.800003 1.643435 1.609298 
0.173000 146.699997 1.643435 1.609298 
0.173000 147.599991 1.643435 1.609298 
0.173000 148.500000 1.643435 1.609298 
0.173000 149.399994 1.643435 1.609298 
0.173000 150.300003 1.643435 1.609298 
0.173000 151.199997 1.643435 1.609298 
0.173000 152.099991 1.643435 1.609298 
0.173000 153.000000 1.643435 1.609298 
0.173000 153.899994 1.643435 1.609298 
0.173000 154.800003 1.643435 1.609298 
0.173000 155.699997 1.643435 1.609298 
0.173000 156.599991 1.643435 1.609298 
0.173000 157.500000 1.643435 1.609298 
0.173000 158.399994 1.643435 1.609298 
0.173000 159.300003 1.643435 1.609298 
0.173000 160.199997 1.643435 1.609298 
0.173000 161.099991 1.643435 1.609298 
0.173000 162.000000 1.643435 1.609298 
0.173000 162.899994 1.643435 1.609298 
0.173000 163.800003 1.643435 1.609298 
0.173000 164.699997 1.643435 1.609298 
0.173000 165.599991 1.643435 1.609298 
0.173000 166.500000 1.643435 1.609298 
0.173000 167.399994 1.643435 1.609298 
0.173000 168.300003 1.643435 1.609298 
0.173000 169.199997 1.643435 1.609298 
0.173000 170.099991 1.643435 1.609298 
0.173000 171.000000 1.643435 1.609298 
0.173000 171.899994 1.643435 1.609298 
0.173000 172.799988 1.643435 1.609298 
0.173000 173.699997 1.643435 1.609298 
0.173000 174.599991 1.643435 1.609298 
0.173000 175.500000 1.643435 1.609298 
0.173000 176.399994 1.643435 1.609298 
0.173000 177.299988 1.643435 1.609298 
0.173000 178.199997 1.643435 1.609298 
0.173000 179.099991 1.643435 1.609298 
0.173000 180.000000 1.643435 1.609298 
0.173000 180.899994 1.643435 1.609298 
0.173000 181.799988 1.643435 1.609298 
0.173000 182.699997 1.643435 1.609298 
0.173000 183.599991 1.643435 1.609298 
0.173000 184.500000 1.643435 1.609298 
0.173000 185.399994 1.643435 1.609298 
0.173000 186.299988 1.643435 1.609298 
0.173000 187.199997 1.643435 1.609298 
0.173000 188.099991 1.643435 1.609298 
0.173000 189.000000 1.643435 1.609298 
0.173000 189.899994 1.643435 1.609298 
0.173000 190.799988 1.643435 1.609298 
0.173000 191.699997 1.643435 1.609298 
0.173000 192.599991 1.643435 1.609298 
0.173000 193.500000 1.643435 1.609298 
0.173000 194.399994 1.643435 1.609298 
0.173000 195.299988 1.643435 1.609298 
0.173000 196.199997 1.643435 1.609298 
0.173000 197.099991 1.643435 1.609298 
0.173000 198.000000 1.643435 1.609298 
0.173000 198.899994 1.643435 1.609298 
0.173000 199.799988 1.643435 1.609298 
0.173000 200.699997 1.643435 1.609298 
0.173000 201.599991 1.643435 1.609298 
0.173000 202.500000 1.643435 1.609298 
0.173000 203.399994 1.643435 1.609298 
0.173000 204.299988 1.643435 1.609298 
0.173000 205.199997 1.643435 1.609298 
0.173000 206.099991 1.643435 1.609298 
0.173000 207.000000 1.643435 1.609298 
0.173000 207.899994 1.643435 1.609298 
0.173000 208.799988 1.643435 1.609298 
0.173000 209.699997 1.643435 1.609298 
0.173000 210.599991 1.643435 1.609298 
0.173000 211.500000 1.643435 1.609298 
0.173000 212.399994 1.643435 1.609298 
0.173000 213.299988 1.643435 1.609298 
0.173000 214.199997 1.643435 1.609298 
0.173000 215.099991 1.643435 1.609298 
0.173000 216.000000 1.643435 1.609298 
0.173000 216.899994 1.643435 1.609298 
0.173000 217.799988 1.643435 1.609298 
0.173000 218.699997 1.643435 1.609298 
0.173000 219.599991 1.643435 1.609298 
0.173000 220.500000 1.643435 1.609298 
0.173000 221.399994 1.643435 1.609298 
0.173000 222.299988 1.643435 1.609298 
0.173000 223.199997 1.643435 1.609298 
0.173000 224.099991 1.643435 1.609298 
0.173000 225.000000 1.643435 1.609298 
0.173000 225.899994 1.643435 1.609298 
0.173000 226.799988 1.643435 1.609298 
0.173000 227.699997 1.643435 1.609298 
0.173000 228.599991 1.643434 1.609298 
0.173000 229.500000 1.643428 1.609298 
