0.432000 0.000000 1.874701 1.176979 
0.432000 0.900000 1.874669 1.176980 
0.432000 1.800000 1.874684 1.176979 
0.432000 2.700000 1.874686 1.176980 
0.432000 3.600000 1.874689 1.176980 
0.432000 4.500000 1.874691 1.176981 
0.432000 5.400000 1.874692 1.176981 
0.432000 6.300000 1.874693 1.176982 
0.432000 7.200000 1.874693 1.176982 
0.432000 8.099999 1.874693 1.176982 
0.432000 9.000000 1.874693 1.176982 
0.432000 9.900000 1.874694 1.176982 
0.432000 10.799999 1.874694 1.176982 
0.432000 11.700000 1.874694 1.176982 
0.432000 12.599999 1.874694 1.176982 
0.432000 13.500000 1.874694 1.176982 
0.432000 14.400000 1.874694 1.176982 
0.432000 15.299999 1.874694 1.176983 
0.432000 16.199999 1.874694 1.176983 
0.432000 17.100000 1.874694 1.176983 
0.432000 18.000000 1.874694 1.176983 
0.432000 18.900000 1.874694 1.176983 
0.432000 19.799999 1.874694 1.176983 
0.432000 20.699999 1.874694 1.176983 
0.432000 21.599998 1.874694 1.176983 
0.432000 22.500000 1.874694 1.176983 
0.432000 23.400000 1.874694 1.176983 
0.432000 24.299999 1.874694 1.176983 
0.432000 25.199999 1.874694 1.176983 
0.432000 26.099998 1.874694 1.176983 
0.432000 27.000000 1.874694 1.176983 
0.432000 27.900000 1.874694 1.176983 
0.432000 28.799999 1.874694 1.176983 
0.432000 29.699999 1.874694 1.176983 
0.432000 30.599998 1.874694 1.176983 
0.432000 31.500000 1.874694 1.176983 
0.432000 32.399998 1.874694 1.176983 
0.432000 33.299999 1.874694 1.176983 
0.432000 34.200001 1.874694 1.176983 
0.432000 35.099998 1.874694 1.176983 
0.432000 36.000000 1.874694 1.176983 
0.432000 36.899998 1.874694 1.176983 
0.432000 37.799999 1.874694 1.176983 
0.432000 38.700001 1.874694 1.176983 
0.432000 39.599998 1.874694 1.176983 
0.432000 40.500000 1.874694 1.176983 
0.432000 41.399998 1.874694 1.176983 
0.432000 42.299999 1.874694 1.176983 
0.432000 43.199997 1.874694 1.176983 
0.432000 44.099998 1.874694 1.176983 
0.432000 45.000000 1.874694 1.176983 
0.432000 45.899998 1.874694 1.176983 
0.432000 46.799999 1.874694 1.176983 
0.432000 47.699997 1.874694 1.176983 
0.432000 48.599998 1.874694 1.176983 
0.432000 49.500000 1.874694 1.176983 
0.432000 50.399998 1.874694 1.176983 
0.432000 51.299999 1.874694 1.176983 
0.432000 52.199997 1.874694 1.176983 
0.432000 53.099998 1.874694 1.176983 
0.432000 54.000000 1.874694 1.176983 
0.432000 54.899998 1.874694 1.176983 
0.432000 55.799999 1.874694 1.176983 
0.432000 56.699997 1.874694 1.176983 
0.432000 57.599998 1.874694 1.176983 
0.432000 58.500000 1.874694 1.176983 
0.432000 59.399998 1.874694 1.176983 
0.432000 60.299999 1.874694 1.176983 
0.432000 61.199997 1.874694 1.176983 
0.432000 62.099998 1.874694 1.176983 
0.432000 63.000000 1.874694 1.176983 
0.432000 63.899998 1.874694 1.176983 
0.432000 64.799995 1.874694 1.176983 
0.432000 65.699997 1.874694 1.176983 
0.432000 66.599998 1.874694 1.176983 
0.432000 67.500000 1.874694 1.176983 
0.432000 68.400002 1.874694 1.176983 
0.432000 69.299995 1.874694 1.176983 
0.432000 70.199997 1.874694 1.176983 
0.432000 71.099998 1.874694 1.176983 
0.432000 72.000000 1.874694 1.176983 
0.432000 72.900002 1.874694 1.176983 
0.432000 73.799995 1.874694 1.176983 
0.432000 74.699997 1.874694 1.176983 
0.432000 75.599998 1.874694 1.176983 
0.432000 76.500000 1.874694 1.176983 
0.432000 77.400002 1.874694 1.176983 
0.432000 78.299995 1.874694 1.176983 
0.432000 79.199997 1.874694 1.176983 
0.432000 80.099998 1.874694 1.176983 
0.432000 81.000000 1.874694 1.176983 
0.432000 81.900002 1.874694 1.176983 
0.432000 82.799995 1.874694 1.176983 
0.432000 83.699997 1.874694 1.176983 
0.432000 84.599998 1.874694 1.176983 
0.432000 85.500000 1.874694 1.176983 
0.432000 86.399994 1.874694 1.176983 
0.432000 87.299995 1.874694 1.176983 
0.432000 88.199997 1.874694 1.176983 
0.432000 89.099998 1.874694 1.176983 
0.432000 90.000000 1.874694 1.176983 
0.432000 90.899994 1.874694 1.176983 
0.432000 91.799995 1.874694 1.176983 
0.432000 92.699997 1.874694 1.176983 
0.432000 93.599998 1.874694 1.176983 
0.432000 94.500000 1.874694 1.176983 
0.432000 95.399994 1.874694 1.176983 
0.432000 96.299995 1.874694 1.176983 
0.432000 97.199997 1.874694 1.176983 
0.432000 98.099998 1.874694 1.176983 
0.432000 99.000000 1.874694 1.176983 
0.432000 99.899994 1.874694 1.176983 
0.432000 100.799995 1.874694 1.176983 
0.432000 101.699997 1.874694 1.176983 
0.432000 102.599998 1.874694 1.176983 
0.432000 103.500000 1.874694 1.176983 
0.432000 104.399994 1.874694 1.176983 
0.432000 105.299995 1.874694 1.176983 
0.432000 106.199997 1.874694 1.176983 
0.432000 107.099998 1.874694 1.176983 
0.432000 108.000000 1.874694 1.176983 
0.432000 108.899994 1.874694 1.176983 
0.432000 109.799995 1.874694 1.176983 
0.432000 110.699997 1.874694 1.176983 
0.432000 111.599998 1.874694 1.176983 
0.432000 112.500000 1.874694 1.176983 
0.432000 113.399994 1.874694 1.176983 
0.432000 114.299995 1.874694 1.176983 
0.432000 115.199997 1.874694 1.176983 
0.432000 116.099998 1.874694 1.176983 
0.432000 117.000000 1.874694 1.176983 
0.432000 117.899994 1.874694 1.176983 
0.432000 118.799995 1.874694 1.176983 
0.432000 119.699997 1.874694 1.176983 
0.432000 120.599998 1.874694 1.176983 
0.432000 121.500000 1.874694 1.176983 
0.432000 122.399994 1.874694 1.176983 
0.432000 123.299995 1.874694 1.176983 
0.432000 124.199997 1.874694 1.176983 
0.432000 125.099998 1.874694 1.176983 
0.432000 126.000000 1.874694 1.176983 
0.432000 126.899994 1.874694 1.176983 
0.432000 127.799995 1.874694 1.176983 
0.432000 128.699997 1.874694 1.176983 
0.432000 129.599991 1.874694 1.176983 
0.432000 130.500000 1.874694 1.176983 
0.432000 131.399994 1.874694 1.176983 
0.432000 132.300003 1.874694 1.176983 
0.432000 133.199997 1.874694 1.176983 
0.432000 134.099991 1.874694 1.176983 
0.432000 135.000000 1.874694 1.176983 
0.432000 135.899994 1.874694 1.176983 
0.432000 136.800003 1.874694 1.176983 
0.432000 137.699997 1.874694 1.176983 
0.432000 138.599991 1.874694 1.176983 
0.432000 139.500000 1.874694 1.176983 
0.432000 140.399994 1.874694 1.176983 
0.432000 141.300003 1.874694 1.176983 
0.432000 142.199997 1.874694 1.176983 
0.432000 143.099991 1.874694 1.176983 
0.432000 144.000000 1.874694 1.176983 
0.432000 144.899994 1.874694 1.176983 
0.432000 145.800003 1.874694 1.176983 
0.432000 146.699997 1.874694 1.176983 
0.432000 147.599991 1.874694 1.176983 
0.432000 148.500000 1.874694 1.176983 
0.432000 149.399994 1.874694 1.176983 
0.432000 150.300003 1.874694 1.176983 
0.432000 151.199997 1.874694 1.176983 
0.432000 152.099991 1.874694 1.176983 
0.432000 153.000000 1.874694 1.176983 
0.432000 153.899994 1.874694 1.176983 
0.432000 154.800003 1.874694 1.176983 
0.432000 155.699997 1.874694 1.176983 
0.432000 156.599991 1.874694 1.176983 
0.432000 157.500000 1.874694 1.176983 
0.432000 158.399994 1.874694 1.176983 
0.432000 159.300003 1.874694 1.176983 
0.432000 160.199997 1.874694 1.176983 
0.432000 161.099991 1.874694 1.176983 
0.432000 162.000000 1.874694 1.176983 
0.432000 162.899994 1.874694 1.176983 
0.432000 163.800003 1.874694 1.176983 
0.432000 164.699997 1.874694 1.176983 
0.432000 165.599991 1.874694 1.176983 
0.432000 166.500000 1.874694 1.176983 
0.432000 167.399994 1.874694 1.176983 
0.432000 168.300003 1.874694 1.176983 
0.432000 169.199997 1.874694 1.176983 
0.432000 170.099991 1.874694 1.176983 
0.432000 171.000000 1.874694 1.176983 
0.432000 171.899994 1.874694 1.176983 
0.432000 172.799988 1.874694 1.176983 
0.432000 173.699997 1.874694 1.176983 
0.432000 174.599991 1.874694 1.176983 
0.432000 175.500000 1.874694 1.176983 
0.432000 176.399994 1.874694 1.176983 
0.432000 177.299988 1.874694 1.176983 
0.432000 178.199997 1.874694 1.176983 
0.432000 179.099991 1.874694 1.176983 
0.432000 180.000000 1.874694 1.176983 
0.432000 180.899994 1.874694 1.176983 
0.432000 181.799988 1.874694 1.176983 
0.432000 182.699997 1.874694 1.176983 
0.432000 183.599991 1.874694 1.176983 
0.432000 184.500000 1.874694 1.176983 
0.432000 185.399994 1.874694 1.176983 
0.432000 186.299988 1.874694 1.176983 
0.432000 187.199997 1.874694 1.176983 
0.432000 188.099991 1.874694 1.176983 
0.432000 189.000000 1.874694 1.176983 
0.432000 189.899994 1.874694 1.176983 
0.432000 190.799988 1.874694 1.176983 
0.432000 191.699997 1.874694 1.176983 
0.432000 192.599991 1.874694 1.176983 
0.432000 193.500000 1.874694 1.176983 
0.432000 194.399994 1.874694 1.176983 
0.432000 195.299988 1.874694 1.176983 
0.432000 196.199997 1.874694 1.176983 
0.432000 197.099991 1.874694 1.176983 
0.432000 198.000000 1.874694 1.176983 
0.432000 198.899994 1.874694 1.176983 
0.432000 199.799988 1.874694 1.176983 
0.432000 200.699997 1.874694 1.176983 
0.432000 201.599991 1.874694 1.176983 
0.432000 202.500000 1.874694 1.176983 
0.432000 203.399994 1.874694 1.176983 
0.432000 204.299988 1.874694 1.176983 
0.432000 205.199997 1.874694 1.176983 
0.432000 206.099991 1.874694 1.176983 
0.432000 207.000000 1.874694 1.176983 
0.432000 207.899994 1.874694 1.176983 
0.432000 208.799988 1.874694 1.176983 
0.432000 209.699997 1.874694 1.176983 
0.432000 210.599991 1.874694 1.176983 
0.432000 211.500000 1.874694 1.176983 
0.432000 212.399994 1.874694 1.176983 
0.432000 213.299988 1.874694 1.176983 
0.432000 214.199997 1.874694 1.176983 
0.432000 215.099991 1.874694 1.176983 
0.432000 216.000000 1.874694 1.176983 
0.432000 216.899994 1.874694 1.176983 
0.432000 217.799988 1.874694 1.176983 
0.432000 218.699997 1.874694 1.176983 
0.432000 219.599991 1.874694 1.176983 
0.432000 220.500000 1.874694 1.176983 
0.432000 221.399994 1.874694 1.176983 
0.432000 222.299988 1.874694 1.176983 
0.432000 223.199997 1.874694 1.176983 
0.432000 224.099991 1.874694 1.176983 
0.432000 225.000000 1.874694 1.176983 
0.432000 225.899994 1.874694 1.176983 
0.432000 226.799988 1.874694 1.176983 
0.432000 227.699997 1.874693 1.176983 
0.432000 228.599991 1.874691 1.176983 
0.432000 229.500000 1.874674 1.176983 
