0.985000 0.000000 1.705542 0.879982 
0.985000 0.900000 1.705495 0.879982 
0.985000 1.800000 1.705515 0.879982 
0.985000 2.700000 1.705525 0.879982 
0.985000 3.600000 1.705533 0.879982 
0.985000 4.500000 1.705536 0.879982 
0.985000 5.400000 1.705538 0.879982 
0.985000 6.300000 1.705541 0.879981 
0.985000 7.200000 1.705542 0.879981 
0.985000 8.099999 1.705543 0.879981 
0.985000 9.000000 1.705543 0.879981 
0.985000 9.900000 1.705543 0.879981 
0.985000 10.799999 1.705543 0.879981 
0.985000 11.700000 1.705543 0.879981 
0.985000 12.599999 1.705543 0.879981 
0.985000 13.500000 1.705543 0.879981 
0.985000 14.400000 1.705543 0.879981 
0.985000 15.299999 1.705543 0.879981 
0.985000 16.199999 1.705543 0.879981 
0.985000 17.100000 1.705543 0.879981 
0.985000 18.000000 1.705543 0.879981 
0.985000 18.900000 1.705543 0.879981 
0.985000 19.799999 1.705543 0.879981 
0.985000 20.699999 1.705543 0.879981 
0.985000 21.599998 1.705543 0.879981 
0.985000 22.500000 1.705543 0.879981 
0.985000 23.400000 1.705543 0.879981 
0.985000 24.299999 1.705543 0.879981 
0.985000 25.199999 1.705543 0.879981 
0.985000 26.099998 1.705543 0.879981 
0.985000 27.000000 1.705543 0.879981 
0.985000 27.900000 1.705543 0.879981 
0.985000 28.799999 1.705543 0.879981 
0.985000 29.699999 1.705543 0.879981 
0.985000 30.599998 1.705543 0.879981 
0.985000 31.500000 1.705543 0.879981 
0.985000 32.399998 1.705543 0.879981 
0.985000 33.299999 1.705543 0.879981 
0.985000 34.200001 1.705543 0.879981 
0.985000 35.099998 1.705543 0.879981 
0.985000 36.000000 1.705543 0.879981 
0.985000 36.899998 1.705543 0.879981 
0.985000 37.799999 1.705543 0.879981 
0.985000 38.700001 1.705543 0.879981 
0.985000 39.599998 1.705543 0.879981 
0.985000 40.500000 1.705543 0.879981 
0.985000 41.399998 1.705543 0.879981 
0.985000 42.299999 1.705543 0.879981 
0.985000 43.199997 1.705543 0.879981 
0.985000 44.099998 1.705543 0.879981 
0.985000 45.000000 1.705543 0.879981 
0.985000 45.899998 1.705543 0.879981 
0.985000 46.799999 1.705543 0.879981 
0.985000 47.699997 1.705543 0.879981 
0.985000 48.599998 1.705543 0.879981 
0.985000 49.500000 1.705543 0.879981 
0.985000 50.399998 1.705543 0.879981 
0.985000 51.299999 1.705543 0.879981 
0.985000 52.199997 1.705543 0.879981 
0.985000 53.099998 1.705543 0.879981 
0.985000 54.000000 1.705543 0.879981 
0.985000 54.899998 1.705543 0.879981 
0.985000 55.799999 1.705543 0.879981 
0.985000 56.699997 1.705543 0.879981 
0.985000 57.599998 1.705543 0.879981 
0.985000 58.500000 1.705543 0.879981 
0.985000 59.399998 1.705543 0.879981 
0.985000 60.299999 1.705543 0.879981 
0.985000 61.199997 1.705543 0.879981 
0.985000 62.099998 1.705543 0.879981 
0.985000 63.000000 1.705543 0.879981 
0.985000 63.899998 1.705543 0.879981 
0.985000 64.799995 1.705543 0.879981 
0.985000 65.699997 1.705543 0.879981 
0.985000 66.599998 1.705543 0.879981 
0.985000 67.500000 1.705543 0.879981 
0.985000 68.400002 1.705543 0.879981 
0.985000 69.299995 1.705543 0.879981 
0.985000 70.199997 1.705543 0.879981 
0.985000 71.099998 1.705543 0.879981 
0.985000 72.000000 1.705543 0.879981 
0.985000 72.900002 1.705543 0.879981 
0.985000 73.799995 1.705543 0.879981 
0.985000 74.699997 1.705543 0.879981 
0.985000 75.599998 1.705543 0.879981 
0.985000 76.500000 1.705543 0.879981 
0.985000 77.400002 1.705543 0.879981 
0.985000 78.299995 1.705543 0.879981 
0.985000 79.199997 1.705543 0.879981 
0.985000 80.099998 1.705543 0.879981 
0.985000 81.000000 1.705543 0.879981 
0.985000 81.900002 1.705543 0.879981 
0.985000 82.799995 1.705543 0.879981 
0.985000 83.699997 1.705543 0.879981 
0.985000 84.599998 1.705543 0.879981 
0.985000 85.500000 1.705543 0.879981 
0.985000 86.399994 1.705543 0.879981 
0.985000 87.299995 1.705543 0.879981 
0.985000 88.199997 1.705543 0.879981 
0.985000 89.099998 1.705543 0.879981 
0.985000 90.000000 1.705543 0.879981 
0.985000 90.899994 1.705543 0.879981 
0.985000 91.799995 1.705543 0.879981 
0.985000 92.699997 1.705543 0.879981 
0.985000 93.599998 1.705543 0.879981 
0.985000 94.500000 1.705543 0.879981 
0.985000 95.399994 1.705543 0.879981 
0.985000 96.299995 1.705543 0.879981 
0.985000 97.199997 1.705543 0.879981 
0.985000 98.099998 1.705543 0.879981 
0.985000 99.000000 1.705543 0.879981 
0.985000 99.899994 1.705543 0.879981 
0.985000 100.799995 1.705543 0.879981 
0.985000 101.699997 1.705543 0.879981 
0.985000 102.599998 1.705543 0.879981 
0.985000 103.500000 1.705543 0.879981 
0.985000 104.399994 1.705543 0.879981 
0.985000 105.299995 1.705543 0.879981 
0.985000 106.199997 1.705543 0.879981 
0.985000 107.099998 1.705543 0.879981 
0.985000 108.000000 1.705543 0.879981 
0.985000 108.899994 1.705543 0.879981 
0.985000 109.799995 1.705543 0.879981 
0.985000 110.699997 1.705543 0.879981 
0.985000 111.599998 1.705543 0.879981 
0.985000 112.500000 1.705543 0.879981 
0.985000 113.399994 1.705543 0.879981 
0.985000 114.299995 1.705543 0.879981 
0.985000 115.199997 1.705543 0.879981 
0.985000 116.099998 1.705543 0.879981 
0.985000 117.000000 1.705543 0.879981 
0.985000 117.899994 1.705543 0.879981 
0.985000 118.799995 1.705543 0.879981 
0.985000 119.699997 1.705543 0.879981 
0.985000 120.599998 1.705543 0.879981 
0.985000 121.500000 1.705543 0.879981 
0.985000 122.399994 1.705543 0.879981 
0.985000 123.299995 1.705543 0.879981 
0.985000 124.199997 1.705543 0.879981 
0.985000 125.099998 1.705543 0.879981 
0.985000 126.000000 1.705543 0.879981 
0.985000 126.899994 1.705543 0.879981 
0.985000 127.799995 1.705543 0.879981 
0.985000 128.699997 1.705543 0.879981 
0.985000 129.599991 1.705543 0.879981 
0.985000 130.500000 1.705543 0.879981 
0.985000 131.399994 1.705543 0.879981 
0.985000 132.300003 1.705543 0.879981 
0.985000 133.199997 1.705543 0.879981 
0.985000 134.099991 1.705543 0.879981 
0.985000 135.000000 1.705543 0.879981 
0.985000 135.899994 1.705543 0.879981 
0.985000 136.800003 1.705543 0.879981 
0.985000 137.699997 1.705543 0.879981 
0.985000 138.599991 1.705543 0.879981 
0.985000 139.500000 1.705543 0.879981 
0.985000 140.399994 1.705543 0.879981 
0.985000 141.300003 1.705543 0.879981 
0.985000 142.199997 1.705543 0.879981 
0.985000 143.099991 1.705543 0.879981 
0.985000 144.000000 1.705543 0.879981 
0.985000 144.899994 1.705543 0.879981 
0.985000 145.800003 1.705543 0.879981 
0.985000 146.699997 1.705543 0.879981 
0.985000 147.599991 1.705543 0.879981 
0.985000 148.500000 1.705543 0.879981 
0.985000 149.399994 1.705543 0.879981 
0.985000 150.300003 1.705543 0.879981 
0.985000 151.199997 1.705543 0.879981 
0.985000 152.099991 1.705543 0.879981 
0.985000 153.000000 1.705543 0.879981 
0.985000 153.899994 1.705543 0.879981 
0.985000 154.800003 1.705543 0.879981 
0.985000 155.699997 1.705543 0.879981 
0.985000 156.599991 1.705543 0.879981 
0.985000 157.500000 1.705543 0.879981 
0.985000 158.399994 1.705543 0.879981 
0.985000 159.300003 1.705543 0.879981 
0.985000 160.199997 1.705543 0.879981 
0.985000 161.099991 1.705543 0.879981 
0.985000 162.000000 1.705543 0.879981 
0.985000 162.899994 1.705543 0.879981 
0.985000 163.800003 1.705543 0.879981 
0.985000 164.699997 1.705543 0.879981 
0.985000 165.599991 1.705543 0.879981 
0.985000 166.500000 1.705543 0.879981 
0.985000 167.399994 1.705543 0.879981 
0.985000 168.300003 1.705543 0.879981 
0.985000 169.199997 1.705543 0.879981 
0.985000 170.099991 1.705543 0.879981 
0.985000 171.000000 1.705543 0.879981 
0.985000 171.899994 1.705543 0.879981 
0.985000 172.799988 1.705543 0.879981 
0.985000 173.699997 1.705543 0.879981 
0.985000 174.599991 1.705543 0.879981 
0.985000 175.500000 1.705543 0.879981 
0.985000 176.399994 1.705543 0.879981 
0.985000 177.299988 1.705543 0.879981 
0.985000 178.199997 1.705543 0.879981 
0.985000 179.099991 1.705543 0.879981 
0.985000 180.000000 1.705543 0.879981 
0.985000 180.899994 1.705543 0.879981 
0.985000 181.799988 1.705543 0.879981 
0.985000 182.699997 1.705543 0.879981 
0.985000 183.599991 1.705543 0.879981 
0.985000 184.500000 1.705543 0.879981 
0.985000 185.399994 1.705543 0.879981 
0.985000 186.299988 1.705543 0.879981 
0.985000 187.199997 1.705543 0.879981 
0.985000 188.099991 1.705543 0.879981 
0.985000 189.000000 1.705543 0.879981 
0.985000 189.899994 1.705543 0.879981 
0.985000 190.799988 1.705543 0.879981 
0.985000 191.699997 1.705543 0.879981 
0.985000 192.599991 1.705543 0.879981 
0.985000 193.500000 1.705543 0.879981 
0.985000 194.399994 1.705543 0.879981 
0.985000 195.299988 1.705543 0.879981 
0.985000 196.199997 1.705543 0.879981 
0.985000 197.099991 1.705543 0.879981 
0.985000 198.000000 1.705543 0.879981 
0.985000 198.899994 1.705543 0.879981 
0.985000 199.799988 1.705543 0.879981 
0.985000 200.699997 1.705543 0.879981 
0.985000 201.599991 1.705543 0.879981 
0.985000 202.500000 1.705543 0.879981 
0.985000 203.399994 1.705543 0.879981 
0.985000 204.299988 1.705543 0.879981 
0.985000 205.199997 1.705543 0.879981 
0.985000 206.099991 1.705543 0.879981 
0.985000 207.000000 1.705543 0.879981 
0.985000 207.899994 1.705543 0.879981 
0.985000 208.799988 1.705543 0.879981 
0.985000 209.699997 1.705543 0.879981 
0.985000 210.599991 1.705543 0.879981 
0.985000 211.500000 1.705543 0.879981 
0.985000 212.399994 1.705543 0.879981 
0.985000 213.299988 1.705543 0.879981 
0.985000 214.199997 1.705543 0.879981 
0.985000 215.099991 1.705543 0.879981 
0.985000 216.000000 1.705543 0.879981 
0.985000 216.899994 1.705543 0.879981 
0.985000 217.799988 1.705543 0.879981 
0.985000 218.699997 1.705543 0.879981 
0.985000 219.599991 1.705543 0.879981 
0.985000 220.500000 1.705543 0.879981 
0.985000 221.399994 1.705543 0.879981 
0.985000 222.299988 1.705543 0.879981 
0.985000 223.199997 1.705543 0.879981 
0.985000 224.099991 1.705543 0.879981 
0.985000 225.000000 1.705544 0.879981 
0.985000 225.899994 1.705544 0.879981 
0.985000 226.799988 1.705544 0.879982 
0.985000 227.699997 1.705542 0.879982 
0.985000 228.599991 1.705531 0.879982 
0.985000 229.500000 1.705500 0.879983 
