0.158000 0.000000 1.624693 1.637548 
0.158000 0.900000 1.624681 1.637548 
0.158000 1.800000 1.624686 1.637549 
0.158000 2.700000 1.624686 1.637550 
0.158000 3.600000 1.624687 1.637551 
0.158000 4.500000 1.624688 1.637553 
0.158000 5.400000 1.624688 1.637554 
0.158000 6.300000 1.624688 1.637554 
0.158000 7.200000 1.624688 1.637554 
0.158000 8.099999 1.624688 1.637554 
0.158000 9.000000 1.624688 1.637554 
0.158000 9.900000 1.624688 1.637554 
0.158000 10.799999 1.624688 1.637554 
0.158000 11.700000 1.624688 1.637554 
0.158000 12.599999 1.624688 1.637554 
0.158000 13.500000 1.624688 1.637554 
0.158000 14.400000 1.624688 1.637554 
0.158000 15.299999 1.624688 1.637554 
0.158000 16.199999 1.624688 1.637554 
0.158000 17.100000 1.624688 1.637554 
0.158000 18.000000 1.624688 1.637554 
0.158000 18.900000 1.624688 1.637554 
0.158000 19.799999 1.624688 1.637554 
0.158000 20.699999 1.624688 1.637554 
0.158000 21.599998 1.624688 1.637554 
0.158000 22.500000 1.624688 1.637554 
0.158000 23.400000 1.624688 1.637554 
0.158000 24.299999 1.624688 1.637554 
0.158000 25.199999 1.624688 1.637554 
0.158000 26.099998 1.624688 1.637554 
0.158000 27.000000 1.624688 1.637554 
0.158000 27.900000 1.624688 1.637554 
0.158000 28.799999 1.624688 1.637554 
0.158000 29.699999 1.624688 1.637554 
0.158000 30.599998 1.624688 1.637554 
0.158000 31.500000 1.624688 1.637554 
0.158000 32.399998 1.624688 1.637554 
0.158000 33.299999 1.624688 1.637554 
0.158000 34.200001 1.624688 1.637554 
0.158000 35.099998 1.624688 1.637554 
0.158000 36.000000 1.624688 1.637554 
0.158000 36.899998 1.624688 1.637554 
0.158000 37.799999 1.624688 1.637554 
0.158000 38.700001 1.624688 1.637554 
0.158000 39.599998 1.624688 1.637554 
0.158000 40.500000 1.624688 1.637554 
0.158000 41.399998 1.624688 1.637554 
0.158000 42.299999 1.624688 1.637554 
0.158000 43.199997 1.624688 1.637554 
0.158000 44.099998 1.624688 1.637554 
0.158000 45.000000 1.624688 1.637554 
0.158000 45.899998 1.624688 1.637554 
0.158000 46.799999 1.624688 1.637554 
0.158000 47.699997 1.624688 1.637554 
0.158000 48.599998 1.624688 1.637554 
0.158000 49.500000 1.624688 1.637554 
0.158000 50.399998 1.624688 1.637554 
0.158000 51.299999 1.624688 1.637554 
0.158000 52.199997 1.624688 1.637554 
0.158000 53.099998 1.624688 1.637554 
0.158000 54.000000 1.624688 1.637554 
0.158000 54.899998 1.624688 1.637554 
0.158000 55.799999 1.624688 1.637554 
0.158000 56.699997 1.624688 1.637554 
0.158000 57.599998 1.624688 1.637554 
0.158000 58.500000 1.624688 1.637554 
0.158000 59.399998 1.624688 1.637554 
0.158000 60.299999 1.624688 1.637554 
0.158000 61.199997 1.624688 1.637554 
0.158000 62.099998 1.624688 1.637554 
0.158000 63.000000 1.624688 1.637554 
0.158000 63.899998 1.624688 1.637554 
0.158000 64.799995 1.624688 1.637554 
0.158000 65.699997 1.624688 1.637554 
0.158000 66.599998 1.624688 1.637554 
0.158000 67.500000 1.624688 1.637554 
0.158000 68.400002 1.624688 1.637554 
0.158000 69.299995 1.624688 1.637554 
0.158000 70.199997 1.624688 1.637554 
0.158000 71.099998 1.624688 1.637554 
0.158000 72.000000 1.624688 1.637554 
0.158000 72.900002 1.624688 1.637554 
0.158000 73.799995 1.624688 1.637554 
0.158000 74.699997 1.624688 1.637554 
0.158000 75.599998 1.624688 1.637554 
0.158000 76.500000 1.624688 1.637554 
0.158000 77.400002 1.624688 1.637554 
0.158000 78.299995 1.624688 1.637554 
0.158000 79.199997 1.624688 1.637554 
0.158000 80.099998 1.624688 1.637554 
0.158000 81.000000 1.624688 1.637554 
0.158000 81.900002 1.624688 1.637554 
0.158000 82.799995 1.624688 1.637554 
0.158000 83.699997 1.624688 1.637554 
0.158000 84.599998 1.624688 1.637554 
0.158000 85.500000 1.624688 1.637554 
0.158000 86.399994 1.624688 1.637554 
0.158000 87.299995 1.624688 1.637554 
0.158000 88.199997 1.624688 1.637554 
0.158000 89.099998 1.624688 1.637554 
0.158000 90.000000 1.624688 1.637554 
0.158000 90.899994 1.624688 1.637554 
0.158000 91.799995 1.624688 1.637554 
0.158000 92.699997 1.624688 1.637554 
0.158000 93.599998 1.624688 1.637554 
0.158000 94.500000 1.624688 1.637554 
0.158000 95.399994 1.624688 1.637554 
0.158000 96.299995 1.624688 1.637554 
0.158000 97.199997 1.624688 1.637554 
0.158000 98.099998 1.624688 1.637554 
0.158000 99.000000 1.624688 1.637554 
0.158000 99.899994 1.624688 1.637554 
0.158000 100.799995 1.624688 1.637554 
0.158000 101.699997 1.624688 1.637554 
0.158000 102.599998 1.624688 1.637554 
0.158000 103.500000 1.624688 1.637554 
0.158000 104.399994 1.624688 1.637554 
0.158000 105.299995 1.624688 1.637554 
0.158000 106.199997 1.624688 1.637554 
0.158000 107.099998 1.624688 1.637554 
0.158000 108.000000 1.624688 1.637554 
0.158000 108.899994 1.624688 1.637554 
0.158000 109.799995 1.624688 1.637554 
0.158000 110.699997 1.624688 1.637554 
0.158000 111.599998 1.624688 1.637554 
0.158000 112.500000 1.624688 1.637554 
0.158000 113.399994 1.624688 1.637554 
0.158000 114.299995 1.624688 1.637554 
0.158000 115.199997 1.624688 1.637554 
0.158000 116.099998 1.624688 1.637554 
0.158000 117.000000 1.624688 1.637554 
0.158000 117.899994 1.624688 1.637554 
0.158000 118.799995 1.624688 1.637554 
0.158000 119.699997 1.624688 1.637554 
0.158000 120.599998 1.624688 1.637554 
0.158000 121.500000 1.624688 1.637554 
0.158000 122.399994 1.624688 1.637554 
0.158000 123.299995 1.624688 1.637554 
0.158000 124.199997 1.624688 1.637554 
0.158000 125.099998 1.624688 1.637554 
0.158000 126.000000 1.624688 1.637554 
0.158000 126.899994 1.624688 1.637554 
0.158000 127.799995 1.624688 1.637554 
0.158000 128.699997 1.624688 1.637554 
0.158000 129.599991 1.624688 1.637554 
0.158000 130.500000 1.624688 1.637554 
0.158000 131.399994 1.624688 1.637554 
0.158000 132.300003 1.624688 1.637554 
0.158000 133.199997 1.624688 1.637554 
0.158000 134.099991 1.624688 1.637554 
0.158000 135.000000 1.624688 1.637554 
0.158000 135.899994 1.624688 1.637554 
0.158000 136.800003 1.624688 1.637554 
0.158000 137.699997 1.624688 1.637554 
0.158000 138.599991 1.624688 1.637554 
0.158000 139.500000 1.624688 1.637554 
0.158000 140.399994 1.624688 1.637554 
0.158000 141.300003 1.624688 1.637554 
0.158000 142.199997 1.624688 1.637554 
0.158000 143.099991 1.624688 1.637554 
0.158000 144.000000 1.624688 1.637554 
0.158000 144.899994 1.624688 1.637554 
0.158000 145.800003 1.624688 1.637554 
0.158000 146.699997 1.624688 1.637554 
0.158000 147.599991 1.624688 1.637554 
0.158000 148.500000 1.624688 1.637554 
0.158000 149.399994 1.624688 1.637554 
0.158000 150.300003 1.624688 1.637554 
0.158000 151.199997 1.624688 1.637554 
0.158000 152.099991 1.624688 1.637554 
0.158000 153.000000 1.624688 1.637554 
0.158000 153.899994 1.624688 1.637554 
0.158000 154.800003 1.624688 1.637554 
0.158000 155.699997 1.624688 1.637554 
0.158000 156.599991 1.624688 1.637554 
0.158000 157.500000 1.624688 1.637554 
0.158000 158.399994 1.624688 1.637554 
0.158000 159.300003 1.624688 1.637554 
0.158000 160.199997 1.624688 1.637554 
0.158000 161.099991 1.624688 1.637554 
0.158000 162.000000 1.624688 1.637554 
0.158000 162.899994 1.624688 1.637554 
0.158000 163.800003 1.624688 1.637554 
0.158000 164.699997 1.624688 1.637554 
0.158000 165.599991 1.624688 1.637554 
0.158000 166.500000 1.624688 1.637554 
0.158000 167.399994 1.624688 1.637554 
0.158000 168.300003 1.624688 1.637554 
0.158000 169.199997 1.624688 1.637554 
0.158000 170.099991 1.624688 1.637554 
0.158000 171.000000 1.624688 1.637554 
0.158000 171.899994 1.624688 1.637554 
0.158000 172.799988 1.624688 1.637554 
0.158000 173.699997 1.624688 1.637554 
0.158000 174.599991 1.624688 1.637554 
0.158000 175.500000 1.624688 1.637554 
0.158000 176.399994 1.624688 1.637554 
0.158000 177.299988 1.624688 1.637554 
0.158000 178.199997 1.624688 1.637554 
0.158000 179.099991 1.624688 1.637554 
0.158000 180.000000 1.624688 1.637554 
0.158000 180.899994 1.624688 1.637554 
0.158000 181.799988 1.624688 1.637554 
0.158000 182.699997 1.624688 1.637554 
0.158000 183.599991 1.624688 1.637554 
0.158000 184.500000 1.624688 1.637554 
0.158000 185.399994 1.624688 1.637554 
0.158000 186.299988 1.624688 1.637554 
0.158000 187.199997 1.624688 1.637554 
0.158000 188.099991 1.624688 1.637554 
0.158000 189.000000 1.624688 1.637554 
0.158000 189.899994 1.624688 1.637554 
0.158000 190.799988 1.624688 1.637554 
0.158000 191.699997 1.624688 1.637554 
0.158000 192.599991 1.624688 1.637554 
0.158000 193.500000 1.624688 1.637554 
0.158000 194.399994 1.624688 1.637554 
0.158000 195.299988 1.624688 1.637554 
0.158000 196.199997 1.624688 1.637554 
0.158000 197.099991 1.624688 1.637554 
0.158000 198.000000 1.624688 1.637554 
0.158000 198.899994 1.624688 1.637554 
0.158000 199.799988 1.624688 1.637554 
0.158000 200.699997 1.624688 1.637554 
0.158000 201.599991 1.624688 1.637554 
0.158000 202.500000 1.624688 1.637554 
0.158000 203.399994 1.624688 1.637554 
0.158000 204.299988 1.624688 1.637554 
0.158000 205.199997 1.624688 1.637554 
0.158000 206.099991 1.624688 1.637554 
0.158000 207.000000 1.624688 1.637554 
0.158000 207.899994 1.624688 1.637554 
0.158000 208.799988 1.624688 1.637554 
0.158000 209.699997 1.624688 1.637554 
0.158000 210.599991 1.624688 1.637554 
0.158000 211.500000 1.624688 1.637554 
0.158000 212.399994 1.624688 1.637554 
0.158000 213.299988 1.624688 1.637554 
0.158000 214.199997 1.624688 1.637554 
0.158000 215.099991 1.624688 1.637554 
0.158000 216.000000 1.624688 1.637554 
0.158000 216.899994 1.624688 1.637554 
0.158000 217.799988 1.624688 1.637554 
0.158000 218.699997 1.624688 1.637554 
0.158000 219.599991 1.624688 1.637554 
0.158000 220.500000 1.624688 1.637554 
0.158000 221.399994 1.624688 1.637554 
0.158000 222.299988 1.624688 1.637554 
0.158000 223.199997 1.624688 1.637554 
0.158000 224.099991 1.624688 1.637554 
0.158000 225.000000 1.624688 1.637554 
0.158000 225.899994 1.624688 1.637554 
0.158000 226.799988 1.624688 1.637554 
0.158000 227.699997 1.624688 1.637554 
0.158000 228.599991 1.624688 1.637554 
0.158000 229.500000 1.624682 1.637553 
