0.611000 0.000000 1.897601 0.993829 
0.611000 0.900000 1.897557 0.993829 
0.611000 1.800000 1.897576 0.993829 
0.611000 2.700000 1.897581 0.993829 
0.611000 3.600000 1.897586 0.993829 
0.611000 4.500000 1.897589 0.993829 
0.611000 5.400000 1.897590 0.993829 
0.611000 6.300000 1.897591 0.993829 
0.611000 7.200000 1.897592 0.993829 
0.611000 8.099999 1.897593 0.993829 
0.611000 9.000000 1.897593 0.993829 
0.611000 9.900000 1.897593 0.993829 
0.611000 10.799999 1.897593 0.993829 
0.611000 11.700000 1.897593 0.993829 
0.611000 12.599999 1.897593 0.993829 
0.611000 13.500000 1.897593 0.993829 
0.611000 14.400000 1.897594 0.993829 
0.611000 15.299999 1.897594 0.993829 
0.611000 16.199999 1.897594 0.993829 
0.611000 17.100000 1.897594 0.993829 
0.611000 18.000000 1.897594 0.993829 
0.611000 18.900000 1.897594 0.993829 
0.611000 19.799999 1.897594 0.993829 
0.611000 20.699999 1.897594 0.993829 
0.611000 21.599998 1.897594 0.993829 
0.611000 22.500000 1.897594 0.993829 
0.611000 23.400000 1.897594 0.993829 
0.611000 24.299999 1.897594 0.993829 
0.611000 25.199999 1.897594 0.993829 
0.611000 26.099998 1.897594 0.993829 
0.611000 27.000000 1.897594 0.993829 
0.611000 27.900000 1.897594 0.993829 
0.611000 28.799999 1.897594 0.993829 
0.611000 29.699999 1.897594 0.993829 
0.611000 30.599998 1.897594 0.993829 
0.611000 31.500000 1.897594 0.993829 
0.611000 32.399998 1.897594 0.993829 
0.611000 33.299999 1.897594 0.993829 
0.611000 34.200001 1.897594 0.993829 
0.611000 35.099998 1.897594 0.993829 
0.611000 36.000000 1.897594 0.993829 
0.611000 36.899998 1.897594 0.993829 
0.611000 37.799999 1.897594 0.993829 
0.611000 38.700001 1.897594 0.993829 
0.611000 39.599998 1.897594 0.993829 
0.611000 40.500000 1.897594 0.993829 
0.611000 41.399998 1.897594 0.993829 
0.611000 42.299999 1.897594 0.993829 
0.611000 43.199997 1.897594 0.993829 
0.611000 44.099998 1.897594 0.993829 
0.611000 45.000000 1.897594 0.993829 
0.611000 45.899998 1.897594 0.993829 
0.611000 46.799999 1.897594 0.993829 
0.611000 47.699997 1.897594 0.993829 
0.611000 48.599998 1.897594 0.993829 
0.611000 49.500000 1.897594 0.993829 
0.611000 50.399998 1.897594 0.993829 
0.611000 51.299999 1.897594 0.993829 
0.611000 52.199997 1.897594 0.993829 
0.611000 53.099998 1.897594 0.993829 
0.611000 54.000000 1.897594 0.993829 
0.611000 54.899998 1.897594 0.993829 
0.611000 55.799999 1.897594 0.993829 
0.611000 56.699997 1.897594 0.993829 
0.611000 57.599998 1.897594 0.993829 
0.611000 58.500000 1.897594 0.993829 
0.611000 59.399998 1.897594 0.993829 
0.611000 60.299999 1.897594 0.993829 
0.611000 61.199997 1.897594 0.993829 
0.611000 62.099998 1.897594 0.993829 
0.611000 63.000000 1.897594 0.993829 
0.611000 63.899998 1.897594 0.993829 
0.611000 64.799995 1.897594 0.993829 
0.611000 65.699997 1.897594 0.993829 
0.611000 66.599998 1.897594 0.993829 
0.611000 67.500000 1.897594 0.993829 
0.611000 68.400002 1.897594 0.993829 
0.611000 69.299995 1.897594 0.993829 
0.611000 70.199997 1.897594 0.993829 
0.611000 71.099998 1.897594 0.993829 
0.611000 72.000000 1.897594 0.993829 
0.611000 72.900002 1.897594 0.993829 
0.611000 73.799995 1.897594 0.993829 
0.611000 74.699997 1.897594 0.993829 
0.611000 75.599998 1.897594 0.993829 
0.611000 76.500000 1.897594 0.993829 
0.611000 77.400002 1.897594 0.993829 
0.611000 78.299995 1.897594 0.993829 
0.611000 79.199997 1.897594 0.993829 
0.611000 80.099998 1.897594 0.993829 
0.611000 81.000000 1.897594 0.993829 
0.611000 81.900002 1.897594 0.993829 
0.611000 82.799995 1.897594 0.993829 
0.611000 83.699997 1.897594 0.993829 
0.611000 84.599998 1.897594 0.993829 
0.611000 85.500000 1.897594 0.993829 
0.611000 86.399994 1.897594 0.993829 
0.611000 87.299995 1.897594 0.993829 
0.611000 88.199997 1.897594 0.993829 
0.611000 89.099998 1.897594 0.993829 
0.611000 90.000000 1.897594 0.993829 
0.611000 90.899994 1.897594 0.993829 
0.611000 91.799995 1.897594 0.993829 
0.611000 92.699997 1.897594 0.993829 
0.611000 93.599998 1.897594 0.993829 
0.611000 94.500000 1.897594 0.993829 
0.611000 95.399994 1.897594 0.993829 
0.611000 96.299995 1.897594 0.993829 
0.611000 97.199997 1.897594 0.993829 
0.611000 98.099998 1.897594 0.993829 
0.611000 99.000000 1.897594 0.993829 
0.611000 99.899994 1.897594 0.993829 
0.611000 100.799995 1.897594 0.993829 
0.611000 101.699997 1.897594 0.993829 
0.611000 102.599998 1.897594 0.993829 
0.611000 103.500000 1.897594 0.993829 
0.611000 104.399994 1.897594 0.993829 
0.611000 105.299995 1.897594 0.993829 
0.611000 106.199997 1.897594 0.993829 
0.611000 107.099998 1.897594 0.993829 
0.611000 108.000000 1.897594 0.993829 
0.611000 108.899994 1.897594 0.993829 
0.611000 109.799995 1.897594 0.993829 
0.611000 110.699997 1.897594 0.993829 
0.611000 111.599998 1.897594 0.993829 
0.611000 112.500000 1.897594 0.993829 
0.611000 113.399994 1.897594 0.993829 
0.611000 114.299995 1.897594 0.993829 
0.611000 115.199997 1.897594 0.993829 
0.611000 116.099998 1.897594 0.993829 
0.611000 117.000000 1.897594 0.993829 
0.611000 117.899994 1.897594 0.993829 
0.611000 118.799995 1.897594 0.993829 
0.611000 119.699997 1.897594 0.993829 
0.611000 120.599998 1.897594 0.993829 
0.611000 121.500000 1.897594 0.993829 
0.611000 122.399994 1.897594 0.993829 
0.611000 123.299995 1.897594 0.993829 
0.611000 124.199997 1.897594 0.993829 
0.611000 125.099998 1.897594 0.993829 
0.611000 126.000000 1.897594 0.993829 
0.611000 126.899994 1.897594 0.993829 
0.611000 127.799995 1.897594 0.993829 
0.611000 128.699997 1.897594 0.993829 
0.611000 129.599991 1.897594 0.993829 
0.611000 130.500000 1.897594 0.993829 
0.611000 131.399994 1.897594 0.993829 
0.611000 132.300003 1.897594 0.993829 
0.611000 133.199997 1.897594 0.993829 
0.611000 134.099991 1.897594 0.993829 
0.611000 135.000000 1.897594 0.993829 
0.611000 135.899994 1.897594 0.993829 
0.611000 136.800003 1.897594 0.993829 
0.611000 137.699997 1.897594 0.993829 
0.611000 138.599991 1.897594 0.993829 
0.611000 139.500000 1.897594 0.993829 
0.611000 140.399994 1.897594 0.993829 
0.611000 141.300003 1.897594 0.993829 
0.611000 142.199997 1.897594 0.993829 
0.611000 143.099991 1.897594 0.993829 
0.611000 144.000000 1.897594 0.993829 
0.611000 144.899994 1.897594 0.993829 
0.611000 145.800003 1.897594 0.993829 
0.611000 146.699997 1.897594 0.993829 
0.611000 147.599991 1.897594 0.993829 
0.611000 148.500000 1.897594 0.993829 
0.611000 149.399994 1.897594 0.993829 
0.611000 150.300003 1.897594 0.993829 
0.611000 151.199997 1.897594 0.993829 
0.611000 152.099991 1.897594 0.993829 
0.611000 153.000000 1.897594 0.993829 
0.611000 153.899994 1.897594 0.993829 
0.611000 154.800003 1.897594 0.993829 
0.611000 155.699997 1.897594 0.993829 
0.611000 156.599991 1.897594 0.993829 
0.611000 157.500000 1.897594 0.993829 
0.611000 158.399994 1.897594 0.993829 
0.611000 159.300003 1.897594 0.993829 
0.611000 160.199997 1.897594 0.993829 
0.611000 161.099991 1.897594 0.993829 
0.611000 162.000000 1.897594 0.993829 
0.611000 162.899994 1.897594 0.993829 
0.611000 163.800003 1.897594 0.993829 
0.611000 164.699997 1.897594 0.993829 
0.611000 165.599991 1.897594 0.993829 
0.611000 166.500000 1.897594 0.993829 
0.611000 167.399994 1.897594 0.993829 
0.611000 168.300003 1.897594 0.993829 
0.611000 169.199997 1.897594 0.993829 
0.611000 170.099991 1.897594 0.993829 
0.611000 171.000000 1.897594 0.993829 
0.611000 171.899994 1.897594 0.993829 
0.611000 172.799988 1.897594 0.993829 
0.611000 173.699997 1.897594 0.993829 
0.611000 174.599991 1.897594 0.993829 
0.611000 175.500000 1.897594 0.993829 
0.611000 176.399994 1.897594 0.993829 
0.611000 177.299988 1.897594 0.993829 
0.611000 178.199997 1.897594 0.993829 
0.611000 179.099991 1.897594 0.993829 
0.611000 180.000000 1.897594 0.993829 
0.611000 180.899994 1.897594 0.993829 
0.611000 181.799988 1.897594 0.993829 
0.611000 182.699997 1.897594 0.993829 
0.611000 183.599991 1.897594 0.993829 
0.611000 184.500000 1.897594 0.993829 
0.611000 185.399994 1.897594 0.993829 
0.611000 186.299988 1.897594 0.993829 
0.611000 187.199997 1.897594 0.993829 
0.611000 188.099991 1.897594 0.993829 
0.611000 189.000000 1.897594 0.993829 
0.611000 189.899994 1.897594 0.993829 
0.611000 190.799988 1.897594 0.993829 
0.611000 191.699997 1.897594 0.993829 
0.611000 192.599991 1.897594 0.993829 
0.611000 193.500000 1.897594 0.993829 
0.611000 194.399994 1.897594 0.993829 
0.611000 195.299988 1.897594 0.993829 
0.611000 196.199997 1.897594 0.993829 
0.611000 197.099991 1.897594 0.993829 
0.611000 198.000000 1.897594 0.993829 
0.611000 198.899994 1.897594 0.993829 
0.611000 199.799988 1.897594 0.993829 
0.611000 200.699997 1.897594 0.993829 
0.611000 201.599991 1.897594 0.993829 
0.611000 202.500000 1.897594 0.993829 
0.611000 203.399994 1.897594 0.993829 
0.611000 204.299988 1.897594 0.993829 
0.611000 205.199997 1.897594 0.993829 
0.611000 206.099991 1.897594 0.993829 
0.611000 207.000000 1.897594 0.993829 
0.611000 207.899994 1.897594 0.993829 
0.611000 208.799988 1.897594 0.993829 
0.611000 209.699997 1.897594 0.993829 
0.611000 210.599991 1.897594 0.993829 
0.611000 211.500000 1.897594 0.993829 
0.611000 212.399994 1.897594 0.993829 
0.611000 213.299988 1.897594 0.993829 
0.611000 214.199997 1.897594 0.993829 
0.611000 215.099991 1.897594 0.993829 
0.611000 216.000000 1.897594 0.993829 
0.611000 216.899994 1.897594 0.993829 
0.611000 217.799988 1.897594 0.993829 
0.611000 218.699997 1.897594 0.993829 
0.611000 219.599991 1.897594 0.993829 
0.611000 220.500000 1.897594 0.993829 
0.611000 221.399994 1.897594 0.993829 
0.611000 222.299988 1.897594 0.993829 
0.611000 223.199997 1.897594 0.993829 
0.611000 224.099991 1.897594 0.993829 
0.611000 225.000000 1.897594 0.993829 
0.611000 225.899994 1.897594 0.993829 
0.611000 226.799988 1.897594 0.993829 
0.611000 227.699997 1.897593 0.993830 
0.611000 228.599991 1.897588 0.993830 
0.611000 229.500000 1.897563 0.993830 
