0.080000 0.000000 1.523093 1.783931 
0.080000 0.900000 1.523087 1.783932 
0.080000 1.800000 1.523089 1.783932 
0.080000 2.700000 1.523090 1.783933 
0.080000 3.600000 1.523090 1.783934 
0.080000 4.500000 1.523090 1.783934 
0.080000 5.400000 1.523090 1.783935 
0.080000 6.300000 1.523090 1.783935 
0.080000 7.200000 1.523090 1.783935 
0.080000 8.099999 1.523090 1.783935 
0.080000 9.000000 1.523090 1.783935 
0.080000 9.900000 1.523090 1.783935 
0.080000 10.799999 1.523090 1.783935 
0.080000 11.700000 1.523090 1.783935 
0.080000 12.599999 1.523090 1.783935 
0.080000 13.500000 1.523090 1.783935 
0.080000 14.400000 1.523090 1.783935 
0.080000 15.299999 1.523090 1.783935 
0.080000 16.199999 1.523090 1.783935 
0.080000 17.100000 1.523090 1.783935 
0.080000 18.000000 1.523090 1.783935 
0.080000 18.900000 1.523090 1.783935 
0.080000 19.799999 1.523090 1.783935 
0.080000 20.699999 1.523090 1.783935 
0.080000 21.599998 1.523090 1.783935 
0.080000 22.500000 1.523090 1.783935 
0.080000 23.400000 1.523090 1.783935 
0.080000 24.299999 1.523090 1.783935 
0.080000 25.199999 1.523090 1.783935 
0.080000 26.099998 1.523090 1.783935 
0.080000 27.000000 1.523090 1.783935 
0.080000 27.900000 1.523090 1.783935 
0.080000 28.799999 1.523090 1.783935 
0.080000 29.699999 1.523090 1.783935 
0.080000 30.599998 1.523090 1.783935 
0.080000 31.500000 1.523090 1.783935 
0.080000 32.399998 1.523090 1.783935 
0.080000 33.299999 1.523090 1.783935 
0.080000 34.200001 1.523090 1.783935 
0.080000 35.099998 1.523090 1.783935 
0.080000 36.000000 1.523090 1.783935 
0.080000 36.899998 1.523090 1.783935 
0.080000 37.799999 1.523090 1.783935 
0.080000 38.700001 1.523090 1.783935 
0.080000 39.599998 1.523090 1.783935 
0.080000 40.500000 1.523090 1.783935 
0.080000 41.399998 1.523090 1.783935 
0.080000 42.299999 1.523090 1.783935 
0.080000 43.199997 1.523090 1.783935 
0.080000 44.099998 1.523090 1.783935 
0.080000 45.000000 1.523090 1.783935 
0.080000 45.899998 1.523090 1.783935 
0.080000 46.799999 1.523090 1.783935 
0.080000 47.699997 1.523090 1.783935 
0.080000 48.599998 1.523090 1.783935 
0.080000 49.500000 1.523090 1.783935 
0.080000 50.399998 1.523090 1.783935 
0.080000 51.299999 1.523090 1.783935 
0.080000 52.199997 1.523090 1.783935 
0.080000 53.099998 1.523090 1.783935 
0.080000 54.000000 1.523090 1.783935 
0.080000 54.899998 1.523090 1.783935 
0.080000 55.799999 1.523090 1.783935 
0.080000 56.699997 1.523090 1.783935 
0.080000 57.599998 1.523090 1.783935 
0.080000 58.500000 1.523090 1.783935 
0.080000 59.399998 1.523090 1.783935 
0.080000 60.299999 1.523090 1.783935 
0.080000 61.199997 1.523090 1.783935 
0.080000 62.099998 1.523090 1.783935 
0.080000 63.000000 1.523090 1.783935 
0.080000 63.899998 1.523090 1.783935 
0.080000 64.799995 1.523090 1.783935 
0.080000 65.699997 1.523090 1.783935 
0.080000 66.599998 1.523090 1.783935 
0.080000 67.500000 1.523090 1.783935 
0.080000 68.400002 1.523090 1.783935 
0.080000 69.299995 1.523090 1.783935 
0.080000 70.199997 1.523090 1.783935 
0.080000 71.099998 1.523090 1.783935 
0.080000 72.000000 1.523090 1.783935 
0.080000 72.900002 1.523090 1.783935 
0.080000 73.799995 1.523090 1.783935 
0.080000 74.699997 1.523090 1.783935 
0.080000 75.599998 1.523090 1.783935 
0.080000 76.500000 1.523090 1.783935 
0.080000 77.400002 1.523090 1.783935 
0.080000 78.299995 1.523090 1.783935 
0.080000 79.199997 1.523090 1.783935 
0.080000 80.099998 1.523090 1.783935 
0.080000 81.000000 1.523090 1.783935 
0.080000 81.900002 1.523090 1.783935 
0.080000 82.799995 1.523090 1.783935 
0.080000 83.699997 1.523090 1.783935 
0.080000 84.599998 1.523090 1.783935 
0.080000 85.500000 1.523090 1.783935 
0.080000 86.399994 1.523090 1.783935 
0.080000 87.299995 1.523090 1.783935 
0.080000 88.199997 1.523090 1.783935 
0.080000 89.099998 1.523090 1.783935 
0.080000 90.000000 1.523090 1.783935 
0.080000 90.899994 1.523090 1.783935 
0.080000 91.799995 1.523090 1.783935 
0.080000 92.699997 1.523090 1.783935 
0.080000 93.599998 1.523090 1.783935 
0.080000 94.500000 1.523090 1.783935 
0.080000 95.399994 1.523090 1.783935 
0.080000 96.299995 1.523090 1.783935 
0.080000 97.199997 1.523090 1.783935 
0.080000 98.099998 1.523090 1.783935 
0.080000 99.000000 1.523090 1.783935 
0.080000 99.899994 1.523090 1.783935 
0.080000 100.799995 1.523090 1.783935 
0.080000 101.699997 1.523090 1.783935 
0.080000 102.599998 1.523090 1.783935 
0.080000 103.500000 1.523090 1.783935 
0.080000 104.399994 1.523090 1.783935 
0.080000 105.299995 1.523090 1.783935 
0.080000 106.199997 1.523090 1.783935 
0.080000 107.099998 1.523090 1.783935 
0.080000 108.000000 1.523090 1.783935 
0.080000 108.899994 1.523090 1.783935 
0.080000 109.799995 1.523090 1.783935 
0.080000 110.699997 1.523090 1.783935 
0.080000 111.599998 1.523090 1.783935 
0.080000 112.500000 1.523090 1.783935 
0.080000 113.399994 1.523090 1.783935 
0.080000 114.299995 1.523090 1.783935 
0.080000 115.199997 1.523090 1.783935 
0.080000 116.099998 1.523090 1.783935 
0.080000 117.000000 1.523090 1.783935 
0.080000 117.899994 1.523090 1.783935 
0.080000 118.799995 1.523090 1.783935 
0.080000 119.699997 1.523090 1.783935 
0.080000 120.599998 1.523090 1.783935 
0.080000 121.500000 1.523090 1.783935 
0.080000 122.399994 1.523090 1.783935 
0.080000 123.299995 1.523090 1.783935 
0.080000 124.199997 1.523090 1.783935 
0.080000 125.099998 1.523090 1.783935 
0.080000 126.000000 1.523090 1.783935 
0.080000 126.899994 1.523090 1.783935 
0.080000 127.799995 1.523090 1.783935 
0.080000 128.699997 1.523090 1.783935 
0.080000 129.599991 1.523090 1.783935 
0.080000 130.500000 1.523090 1.783935 
0.080000 131.399994 1.523090 1.783935 
0.080000 132.300003 1.523090 1.783935 
0.080000 133.199997 1.523090 1.783935 
0.080000 134.099991 1.523090 1.783935 
0.080000 135.000000 1.523090 1.783935 
0.080000 135.899994 1.523090 1.783935 
0.080000 136.800003 1.523090 1.783935 
0.080000 137.699997 1.523090 1.783935 
0.080000 138.599991 1.523090 1.783935 
0.080000 139.500000 1.523090 1.783935 
0.080000 140.399994 1.523090 1.783935 
0.080000 141.300003 1.523090 1.783935 
0.080000 142.199997 1.523090 1.783935 
0.080000 143.099991 1.523090 1.783935 
0.080000 144.000000 1.523090 1.783935 
0.080000 144.899994 1.523090 1.783935 
0.080000 145.800003 1.523090 1.783935 
0.080000 146.699997 1.523090 1.783935 
0.080000 147.599991 1.523090 1.783935 
0.080000 148.500000 1.523090 1.783935 
0.080000 149.399994 1.523090 1.783935 
0.080000 150.300003 1.523090 1.783935 
0.080000 151.199997 1.523090 1.783935 
0.080000 152.099991 1.523090 1.783935 
0.080000 153.000000 1.523090 1.783935 
0.080000 153.899994 1.523090 1.783935 
0.080000 154.800003 1.523090 1.783935 
0.080000 155.699997 1.523090 1.783935 
0.080000 156.599991 1.523090 1.783935 
0.080000 157.500000 1.523090 1.783935 
0.080000 158.399994 1.523090 1.783935 
0.080000 159.300003 1.523090 1.783935 
0.080000 160.199997 1.523090 1.783935 
0.080000 161.099991 1.523090 1.783935 
0.080000 162.000000 1.523090 1.783935 
0.080000 162.899994 1.523090 1.783935 
0.080000 163.800003 1.523090 1.783935 
0.080000 164.699997 1.523090 1.783935 
0.080000 165.599991 1.523090 1.783935 
0.080000 166.500000 1.523090 1.783935 
0.080000 167.399994 1.523090 1.783935 
0.080000 168.300003 1.523090 1.783935 
0.080000 169.199997 1.523090 1.783935 
0.080000 170.099991 1.523090 1.783935 
0.080000 171.000000 1.523090 1.783935 
0.080000 171.899994 1.523090 1.783935 
0.080000 172.799988 1.523090 1.783935 
0.080000 173.699997 1.523090 1.783935 
0.080000 174.599991 1.523090 1.783935 
0.080000 175.500000 1.523090 1.783935 
0.080000 176.399994 1.523090 1.783935 
0.080000 177.299988 1.523090 1.783935 
0.080000 178.199997 1.523090 1.783935 
0.080000 179.099991 1.523090 1.783935 
0.080000 180.000000 1.523090 1.783935 
0.080000 180.899994 1.523090 1.783935 
0.080000 181.799988 1.523090 1.783935 
0.080000 182.699997 1.523090 1.783935 
0.080000 183.599991 1.523090 1.783935 
0.080000 184.500000 1.523090 1.783935 
0.080000 185.399994 1.523090 1.783935 
0.080000 186.299988 1.523090 1.783935 
0.080000 187.199997 1.523090 1.783935 
0.080000 188.099991 1.523090 1.783935 
0.080000 189.000000 1.523090 1.783935 
0.080000 189.899994 1.523090 1.783935 
0.080000 190.799988 1.523090 1.783935 
0.080000 191.699997 1.523090 1.783935 
0.080000 192.599991 1.523090 1.783935 
0.080000 193.500000 1.523090 1.783935 
0.080000 194.399994 1.523090 1.783935 
0.080000 195.299988 1.523090 1.783935 
0.080000 196.199997 1.523090 1.783935 
0.080000 197.099991 1.523090 1.783935 
0.080000 198.000000 1.523090 1.783935 
0.080000 198.899994 1.523090 1.783935 
0.080000 199.799988 1.523090 1.783935 
0.080000 200.699997 1.523090 1.783935 
0.080000 201.599991 1.523090 1.783935 
0.080000 202.500000 1.523090 1.783935 
0.080000 203.399994 1.523090 1.783935 
0.080000 204.299988 1.523090 1.783935 
0.080000 205.199997 1.523090 1.783935 
0.080000 206.099991 1.523090 1.783935 
0.080000 207.000000 1.523090 1.783935 
0.080000 207.899994 1.523090 1.783935 
0.080000 208.799988 1.523090 1.783935 
0.080000 209.699997 1.523090 1.783935 
0.080000 210.599991 1.523090 1.783935 
0.080000 211.500000 1.523090 1.783935 
0.080000 212.399994 1.523090 1.783935 
0.080000 213.299988 1.523090 1.783935 
0.080000 214.199997 1.523090 1.783935 
0.080000 215.099991 1.523090 1.783935 
0.080000 216.000000 1.523090 1.783935 
0.080000 216.899994 1.523090 1.783935 
0.080000 217.799988 1.523090 1.783935 
0.080000 218.699997 1.523090 1.783935 
0.080000 219.599991 1.523090 1.783935 
0.080000 220.500000 1.523090 1.783935 
0.080000 221.399994 1.523090 1.783935 
0.080000 222.299988 1.523090 1.783935 
0.080000 223.199997 1.523090 1.783935 
0.080000 224.099991 1.523090 1.783935 
0.080000 225.000000 1.523090 1.783935 
0.080000 225.899994 1.523090 1.783935 
0.080000 226.799988 1.523090 1.783935 
0.080000 227.699997 1.523090 1.783935 
0.080000 228.599991 1.523090 1.783935 
0.080000 229.500000 1.523087 1.783935 
