0.703000 0.000000 1.871450 0.938452 
0.703000 0.900000 1.871403 0.938452 
0.703000 1.800000 1.871423 0.938452 
0.703000 2.700000 1.871429 0.938452 
0.703000 3.600000 1.871435 0.938452 
0.703000 4.500000 1.871437 0.938452 
0.703000 5.400000 1.871439 0.938452 
0.703000 6.300000 1.871440 0.938451 
0.703000 7.200000 1.871441 0.938451 
0.703000 8.099999 1.871442 0.938451 
0.703000 9.000000 1.871442 0.938451 
0.703000 9.900000 1.871442 0.938451 
0.703000 10.799999 1.871442 0.938451 
0.703000 11.700000 1.871442 0.938451 
0.703000 12.599999 1.871442 0.938451 
0.703000 13.500000 1.871442 0.938451 
0.703000 14.400000 1.871442 0.938451 
0.703000 15.299999 1.871443 0.938451 
0.703000 16.199999 1.871443 0.938451 
0.703000 17.100000 1.871443 0.938451 
0.703000 18.000000 1.871443 0.938451 
0.703000 18.900000 1.871443 0.938451 
0.703000 19.799999 1.871443 0.938451 
0.703000 20.699999 1.871443 0.938451 
0.703000 21.599998 1.871443 0.938451 
0.703000 22.500000 1.871443 0.938451 
0.703000 23.400000 1.871443 0.938451 
0.703000 24.299999 1.871443 0.938451 
0.703000 25.199999 1.871443 0.938451 
0.703000 26.099998 1.871443 0.938451 
0.703000 27.000000 1.871443 0.938451 
0.703000 27.900000 1.871443 0.938451 
0.703000 28.799999 1.871443 0.938451 
0.703000 29.699999 1.871443 0.938451 
0.703000 30.599998 1.871443 0.938451 
0.703000 31.500000 1.871443 0.938451 
0.703000 32.399998 1.871443 0.938451 
0.703000 33.299999 1.871443 0.938451 
0.703000 34.200001 1.871443 0.938451 
0.703000 35.099998 1.871443 0.938451 
0.703000 36.000000 1.871443 0.938451 
0.703000 36.899998 1.871443 0.938451 
0.703000 37.799999 1.871443 0.938451 
0.703000 38.700001 1.871443 0.938451 
0.703000 39.599998 1.871443 0.938451 
0.703000 40.500000 1.871443 0.938451 
0.703000 41.399998 1.871443 0.938451 
0.703000 42.299999 1.871443 0.938451 
0.703000 43.199997 1.871443 0.938451 
0.703000 44.099998 1.871443 0.938451 
0.703000 45.000000 1.871443 0.938451 
0.703000 45.899998 1.871443 0.938451 
0.703000 46.799999 1.871443 0.938451 
0.703000 47.699997 1.871443 0.938451 
0.703000 48.599998 1.871443 0.938451 
0.703000 49.500000 1.871443 0.938451 
0.703000 50.399998 1.871443 0.938451 
0.703000 51.299999 1.871443 0.938451 
0.703000 52.199997 1.871443 0.938451 
0.703000 53.099998 1.871443 0.938451 
0.703000 54.000000 1.871443 0.938451 
0.703000 54.899998 1.871443 0.938451 
0.703000 55.799999 1.871443 0.938451 
0.703000 56.699997 1.871443 0.938451 
0.703000 57.599998 1.871443 0.938451 
0.703000 58.500000 1.871443 0.938451 
0.703000 59.399998 1.871443 0.938451 
0.703000 60.299999 1.871443 0.938451 
0.703000 61.199997 1.871443 0.938451 
0.703000 62.099998 1.871443 0.938451 
0.703000 63.000000 1.871443 0.938451 
0.703000 63.899998 1.871443 0.938451 
0.703000 64.799995 1.871443 0.938451 
0.703000 65.699997 1.871443 0.938451 
0.703000 66.599998 1.871443 0.938451 
0.703000 67.500000 1.871443 0.938451 
0.703000 68.400002 1.871443 0.938451 
0.703000 69.299995 1.871443 0.938451 
0.703000 70.199997 1.871443 0.938451 
0.703000 71.099998 1.871443 0.938451 
0.703000 72.000000 1.871443 0.938451 
0.703000 72.900002 1.871443 0.938451 
0.703000 73.799995 1.871443 0.938451 
0.703000 74.699997 1.871443 0.938451 
0.703000 75.599998 1.871443 0.938451 
0.703000 76.500000 1.871443 0.938451 
0.703000 77.400002 1.871443 0.938451 
0.703000 78.299995 1.871443 0.938451 
0.703000 79.199997 1.871443 0.938451 
0.703000 80.099998 1.871443 0.938451 
0.703000 81.000000 1.871443 0.938451 
0.703000 81.900002 1.871443 0.938451 
0.703000 82.799995 1.871443 0.938451 
0.703000 83.699997 1.871443 0.938451 
0.703000 84.599998 1.871443 0.938451 
0.703000 85.500000 1.871443 0.938451 
0.703000 86.399994 1.871443 0.938451 
0.703000 87.299995 1.871443 0.938451 
0.703000 88.199997 1.871443 0.938451 
0.703000 89.099998 1.871443 0.938451 
0.703000 90.000000 1.871443 0.938451 
0.703000 90.899994 1.871443 0.938451 
0.703000 91.799995 1.871443 0.938451 
0.703000 92.699997 1.871443 0.938451 
0.703000 93.599998 1.871443 0.938451 
0.703000 94.500000 1.871443 0.938451 
0.703000 95.399994 1.871443 0.938451 
0.703000 96.299995 1.871443 0.938451 
0.703000 97.199997 1.871443 0.938451 
0.703000 98.099998 1.871443 0.938451 
0.703000 99.000000 1.871443 0.938451 
0.703000 99.899994 1.871443 0.938451 
0.703000 100.799995 1.871443 0.938451 
0.703000 101.699997 1.871443 0.938451 
0.703000 102.599998 1.871443 0.938451 
0.703000 103.500000 1.871443 0.938451 
0.703000 104.399994 1.871443 0.938451 
0.703000 105.299995 1.871443 0.938451 
0.703000 106.199997 1.871443 0.938451 
0.703000 107.099998 1.871443 0.938451 
0.703000 108.000000 1.871443 0.938451 
0.703000 108.899994 1.871443 0.938451 
0.703000 109.799995 1.871443 0.938451 
0.703000 110.699997 1.871443 0.938451 
0.703000 111.599998 1.871443 0.938451 
0.703000 112.500000 1.871443 0.938451 
0.703000 113.399994 1.871443 0.938451 
0.703000 114.299995 1.871443 0.938451 
0.703000 115.199997 1.871443 0.938451 
0.703000 116.099998 1.871443 0.938451 
0.703000 117.000000 1.871443 0.938451 
0.703000 117.899994 1.871443 0.938451 
0.703000 118.799995 1.871443 0.938451 
0.703000 119.699997 1.871443 0.938451 
0.703000 120.599998 1.871443 0.938451 
0.703000 121.500000 1.871443 0.938451 
0.703000 122.399994 1.871443 0.938451 
0.703000 123.299995 1.871443 0.938451 
0.703000 124.199997 1.871443 0.938451 
0.703000 125.099998 1.871443 0.938451 
0.703000 126.000000 1.871443 0.938451 
0.703000 126.899994 1.871443 0.938451 
0.703000 127.799995 1.871443 0.938451 
0.703000 128.699997 1.871443 0.938451 
0.703000 129.599991 1.871443 0.938451 
0.703000 130.500000 1.871443 0.938451 
0.703000 131.399994 1.871443 0.938451 
0.703000 132.300003 1.871443 0.938451 
0.703000 133.199997 1.871443 0.938451 
0.703000 134.099991 1.871443 0.938451 
0.703000 135.000000 1.871443 0.938451 
0.703000 135.899994 1.871443 0.938451 
0.703000 136.800003 1.871443 0.938451 
0.703000 137.699997 1.871443 0.938451 
0.703000 138.599991 1.871443 0.938451 
0.703000 139.500000 1.871443 0.938451 
0.703000 140.399994 1.871443 0.938451 
0.703000 141.300003 1.871443 0.938451 
0.703000 142.199997 1.871443 0.938451 
0.703000 143.099991 1.871443 0.938451 
0.703000 144.000000 1.871443 0.938451 
0.703000 144.899994 1.871443 0.938451 
0.703000 145.800003 1.871443 0.938451 
0.703000 146.699997 1.871443 0.938451 
0.703000 147.599991 1.871443 0.938451 
0.703000 148.500000 1.871443 0.938451 
0.703000 149.399994 1.871443 0.938451 
0.703000 150.300003 1.871443 0.938451 
0.703000 151.199997 1.871443 0.938451 
0.703000 152.099991 1.871443 0.938451 
0.703000 153.000000 1.871443 0.938451 
0.703000 153.899994 1.871443 0.938451 
0.703000 154.800003 1.871443 0.938451 
0.703000 155.699997 1.871443 0.938451 
0.703000 156.599991 1.871443 0.938451 
0.703000 157.500000 1.871443 0.938451 
0.703000 158.399994 1.871443 0.938451 
0.703000 159.300003 1.871443 0.938451 
0.703000 160.199997 1.871443 0.938451 
0.703000 161.099991 1.871443 0.938451 
0.703000 162.000000 1.871443 0.938451 
0.703000 162.899994 1.871443 0.938451 
0.703000 163.800003 1.871443 0.938451 
0.703000 164.699997 1.871443 0.938451 
0.703000 165.599991 1.871443 0.938451 
0.703000 166.500000 1.871443 0.938451 
0.703000 167.399994 1.871443 0.938451 
0.703000 168.300003 1.871443 0.938451 
0.703000 169.199997 1.871443 0.938451 
0.703000 170.099991 1.871443 0.938451 
0.703000 171.000000 1.871443 0.938451 
0.703000 171.899994 1.871443 0.938451 
0.703000 172.799988 1.871443 0.938451 
0.703000 173.699997 1.871443 0.938451 
0.703000 174.599991 1.871443 0.938451 
0.703000 175.500000 1.871443 0.938451 
0.703000 176.399994 1.871443 0.938451 
0.703000 177.299988 1.871443 0.938451 
0.703000 178.199997 1.871443 0.938451 
0.703000 179.099991 1.871443 0.938451 
0.703000 180.000000 1.871443 0.938451 
0.703000 180.899994 1.871443 0.938451 
0.703000 181.799988 1.871443 0.938451 
0.703000 182.699997 1.871443 0.938451 
0.703000 183.599991 1.871443 0.938451 
0.703000 184.500000 1.871443 0.938451 
0.703000 185.399994 1.871443 0.938451 
0.703000 186.299988 1.871443 0.938451 
0.703000 187.199997 1.871443 0.938451 
0.703000 188.099991 1.871443 0.938451 
0.703000 189.000000 1.871443 0.938451 
0.703000 189.899994 1.871443 0.938451 
0.703000 190.799988 1.871443 0.938451 
0.703000 191.699997 1.871443 0.938451 
0.703000 192.599991 1.871443 0.938451 
0.703000 193.500000 1.871443 0.938451 
0.703000 194.399994 1.871443 0.938451 
0.703000 195.299988 1.871443 0.938451 
0.703000 196.199997 1.871443 0.938451 
0.703000 197.099991 1.871443 0.938451 
0.703000 198.000000 1.871443 0.938451 
0.703000 198.899994 1.871443 0.938451 
0.703000 199.799988 1.871443 0.938451 
0.703000 200.699997 1.871443 0.938451 
0.703000 201.599991 1.871443 0.938451 
0.703000 202.500000 1.871443 0.938451 
0.703000 203.399994 1.871443 0.938451 
0.703000 204.299988 1.871443 0.938451 
0.703000 205.199997 1.871443 0.938451 
0.703000 206.099991 1.871443 0.938451 
0.703000 207.000000 1.871443 0.938451 
0.703000 207.899994 1.871443 0.938451 
0.703000 208.799988 1.871443 0.938451 
0.703000 209.699997 1.871443 0.938451 
0.703000 210.599991 1.871443 0.938451 
0.703000 211.500000 1.871443 0.938451 
0.703000 212.399994 1.871443 0.938451 
0.703000 213.299988 1.871443 0.938451 
0.703000 214.199997 1.871443 0.938451 
0.703000 215.099991 1.871443 0.938451 
0.703000 216.000000 1.871443 0.938451 
0.703000 216.899994 1.871443 0.938451 
0.703000 217.799988 1.871443 0.938451 
0.703000 218.699997 1.871443 0.938451 
0.703000 219.599991 1.871443 0.938451 
0.703000 220.500000 1.871443 0.938451 
0.703000 221.399994 1.871443 0.938451 
0.703000 222.299988 1.871443 0.938451 
0.703000 223.199997 1.871443 0.938452 
0.703000 224.099991 1.871443 0.938452 
0.703000 225.000000 1.871443 0.938452 
0.703000 225.899994 1.871443 0.938452 
0.703000 226.799988 1.871443 0.938452 
0.703000 227.699997 1.871442 0.938453 
0.703000 228.599991 1.871435 0.938453 
0.703000 229.500000 1.871408 0.938453 
