0.408000 0.000000 1.862805 1.209726 
0.408000 0.900000 1.862774 1.209726 
0.408000 1.800000 1.862789 1.209726 
0.408000 2.700000 1.862791 1.209727 
0.408000 3.600000 1.862794 1.209727 
0.408000 4.500000 1.862795 1.209728 
0.408000 5.400000 1.862796 1.209728 
0.408000 6.300000 1.862797 1.209729 
0.408000 7.200000 1.862797 1.209729 
0.408000 8.099999 1.862797 1.209729 
0.408000 9.000000 1.862797 1.209729 
0.408000 9.900000 1.862797 1.209730 
0.408000 10.799999 1.862798 1.209730 
0.408000 11.700000 1.862798 1.209730 
0.408000 12.599999 1.862798 1.209730 
0.408000 13.500000 1.862798 1.209730 
0.408000 14.400000 1.862798 1.209730 
0.408000 15.299999 1.862798 1.209730 
0.408000 16.199999 1.862798 1.209730 
0.408000 17.100000 1.862798 1.209730 
0.408000 18.000000 1.862798 1.209730 
0.408000 18.900000 1.862798 1.209730 
0.408000 19.799999 1.862798 1.209730 
0.408000 20.699999 1.862798 1.209730 
0.408000 21.599998 1.862798 1.209730 
0.408000 22.500000 1.862798 1.209730 
0.408000 23.400000 1.862798 1.209730 
0.408000 24.299999 1.862798 1.209730 
0.408000 25.199999 1.862798 1.209730 
0.408000 26.099998 1.862798 1.209730 
0.408000 27.000000 1.862798 1.209730 
0.408000 27.900000 1.862798 1.209730 
0.408000 28.799999 1.862798 1.209730 
0.408000 29.699999 1.862798 1.209730 
0.408000 30.599998 1.862798 1.209730 
0.408000 31.500000 1.862798 1.209730 
0.408000 32.399998 1.862798 1.209730 
0.408000 33.299999 1.862798 1.209730 
0.408000 34.200001 1.862798 1.209730 
0.408000 35.099998 1.862798 1.209730 
0.408000 36.000000 1.862798 1.209730 
0.408000 36.899998 1.862798 1.209730 
0.408000 37.799999 1.862798 1.209730 
0.408000 38.700001 1.862798 1.209730 
0.408000 39.599998 1.862798 1.209730 
0.408000 40.500000 1.862798 1.209730 
0.408000 41.399998 1.862798 1.209730 
0.408000 42.299999 1.862798 1.209730 
0.408000 43.199997 1.862798 1.209730 
0.408000 44.099998 1.862798 1.209730 
0.408000 45.000000 1.862798 1.209730 
0.408000 45.899998 1.862798 1.209730 
0.408000 46.799999 1.862798 1.209730 
0.408000 47.699997 1.862798 1.209730 
0.408000 48.599998 1.862798 1.209730 
0.408000 49.500000 1.862798 1.209730 
0.408000 50.399998 1.862798 1.209730 
0.408000 51.299999 1.862798 1.209730 
0.408000 52.199997 1.862798 1.209730 
0.408000 53.099998 1.862798 1.209730 
0.408000 54.000000 1.862798 1.209730 
0.408000 54.899998 1.862798 1.209730 
0.408000 55.799999 1.862798 1.209730 
0.408000 56.699997 1.862798 1.209730 
0.408000 57.599998 1.862798 1.209730 
0.408000 58.500000 1.862798 1.209730 
0.408000 59.399998 1.862798 1.209730 
0.408000 60.299999 1.862798 1.209730 
0.408000 61.199997 1.862798 1.209730 
0.408000 62.099998 1.862798 1.209730 
0.408000 63.000000 1.862798 1.209730 
0.408000 63.899998 1.862798 1.209730 
0.408000 64.799995 1.862798 1.209730 
0.408000 65.699997 1.862798 1.209730 
0.408000 66.599998 1.862798 1.209730 
0.408000 67.500000 1.862798 1.209730 
0.408000 68.400002 1.862798 1.209730 
0.408000 69.299995 1.862798 1.209730 
0.408000 70.199997 1.862798 1.209730 
0.408000 71.099998 1.862798 1.209730 
0.408000 72.000000 1.862798 1.209730 
0.408000 72.900002 1.862798 1.209730 
0.408000 73.799995 1.862798 1.209730 
0.408000 74.699997 1.862798 1.209730 
0.408000 75.599998 1.862798 1.209730 
0.408000 76.500000 1.862798 1.209730 
0.408000 77.400002 1.862798 1.209730 
0.408000 78.299995 1.862798 1.209730 
0.408000 79.199997 1.862798 1.209730 
0.408000 80.099998 1.862798 1.209730 
0.408000 81.000000 1.862798 1.209730 
0.408000 81.900002 1.862798 1.209730 
0.408000 82.799995 1.862798 1.209730 
0.408000 83.699997 1.862798 1.209730 
0.408000 84.599998 1.862798 1.209730 
0.408000 85.500000 1.862798 1.209730 
0.408000 86.399994 1.862798 1.209730 
0.408000 87.299995 1.862798 1.209730 
0.408000 88.199997 1.862798 1.209730 
0.408000 89.099998 1.862798 1.209730 
0.408000 90.000000 1.862798 1.209730 
0.408000 90.899994 1.862798 1.209730 
0.408000 91.799995 1.862798 1.209730 
0.408000 92.699997 1.862798 1.209730 
0.408000 93.599998 1.862798 1.209730 
0.408000 94.500000 1.862798 1.209730 
0.408000 95.399994 1.862798 1.209730 
0.408000 96.299995 1.862798 1.209730 
0.408000 97.199997 1.862798 1.209730 
0.408000 98.099998 1.862798 1.209730 
0.408000 99.000000 1.862798 1.209730 
0.408000 99.899994 1.862798 1.209730 
0.408000 100.799995 1.862798 1.209730 
0.408000 101.699997 1.862798 1.209730 
0.408000 102.599998 1.862798 1.209730 
0.408000 103.500000 1.862798 1.209730 
0.408000 104.399994 1.862798 1.209730 
0.408000 105.299995 1.862798 1.209730 
0.408000 106.199997 1.862798 1.209730 
0.408000 107.099998 1.862798 1.209730 
0.408000 108.000000 1.862798 1.209730 
0.408000 108.899994 1.862798 1.209730 
0.408000 109.799995 1.862798 1.209730 
0.408000 110.699997 1.862798 1.209730 
0.408000 111.599998 1.862798 1.209730 
0.408000 112.500000 1.862798 1.209730 
0.408000 113.399994 1.862798 1.209730 
0.408000 114.299995 1.862798 1.209730 
0.408000 115.199997 1.862798 1.209730 
0.408000 116.099998 1.862798 1.209730 
0.408000 117.000000 1.862798 1.209730 
0.408000 117.899994 1.862798 1.209730 
0.408000 118.799995 1.862798 1.209730 
0.408000 119.699997 1.862798 1.209730 
0.408000 120.599998 1.862798 1.209730 
0.408000 121.500000 1.862798 1.209730 
0.408000 122.399994 1.862798 1.209730 
0.408000 123.299995 1.862798 1.209730 
0.408000 124.199997 1.862798 1.209730 
0.408000 125.099998 1.862798 1.209730 
0.408000 126.000000 1.862798 1.209730 
0.408000 126.899994 1.862798 1.209730 
0.408000 127.799995 1.862798 1.209730 
0.408000 128.699997 1.862798 1.209730 
0.408000 129.599991 1.862798 1.209730 
0.408000 130.500000 1.862798 1.209730 
0.408000 131.399994 1.862798 1.209730 
0.408000 132.300003 1.862798 1.209730 
0.408000 133.199997 1.862798 1.209730 
0.408000 134.099991 1.862798 1.209730 
0.408000 135.000000 1.862798 1.209730 
0.408000 135.899994 1.862798 1.209730 
0.408000 136.800003 1.862798 1.209730 
0.408000 137.699997 1.862798 1.209730 
0.408000 138.599991 1.862798 1.209730 
0.408000 139.500000 1.862798 1.209730 
0.408000 140.399994 1.862798 1.209730 
0.408000 141.300003 1.862798 1.209730 
0.408000 142.199997 1.862798 1.209730 
0.408000 143.099991 1.862798 1.209730 
0.408000 144.000000 1.862798 1.209730 
0.408000 144.899994 1.862798 1.209730 
0.408000 145.800003 1.862798 1.209730 
0.408000 146.699997 1.862798 1.209730 
0.408000 147.599991 1.862798 1.209730 
0.408000 148.500000 1.862798 1.209730 
0.408000 149.399994 1.862798 1.209730 
0.408000 150.300003 1.862798 1.209730 
0.408000 151.199997 1.862798 1.209730 
0.408000 152.099991 1.862798 1.209730 
0.408000 153.000000 1.862798 1.209730 
0.408000 153.899994 1.862798 1.209730 
0.408000 154.800003 1.862798 1.209730 
0.408000 155.699997 1.862798 1.209730 
0.408000 156.599991 1.862798 1.209730 
0.408000 157.500000 1.862798 1.209730 
0.408000 158.399994 1.862798 1.209730 
0.408000 159.300003 1.862798 1.209730 
0.408000 160.199997 1.862798 1.209730 
0.408000 161.099991 1.862798 1.209730 
0.408000 162.000000 1.862798 1.209730 
0.408000 162.899994 1.862798 1.209730 
0.408000 163.800003 1.862798 1.209730 
0.408000 164.699997 1.862798 1.209730 
0.408000 165.599991 1.862798 1.209730 
0.408000 166.500000 1.862798 1.209730 
0.408000 167.399994 1.862798 1.209730 
0.408000 168.300003 1.862798 1.209730 
0.408000 169.199997 1.862798 1.209730 
0.408000 170.099991 1.862798 1.209730 
0.408000 171.000000 1.862798 1.209730 
0.408000 171.899994 1.862798 1.209730 
0.408000 172.799988 1.862798 1.209730 
0.408000 173.699997 1.862798 1.209730 
0.408000 174.599991 1.862798 1.209730 
0.408000 175.500000 1.862798 1.209730 
0.408000 176.399994 1.862798 1.209730 
0.408000 177.299988 1.862798 1.209730 
0.408000 178.199997 1.862798 1.209730 
0.408000 179.099991 1.862798 1.209730 
0.408000 180.000000 1.862798 1.209730 
0.408000 180.899994 1.862798 1.209730 
0.408000 181.799988 1.862798 1.209730 
0.408000 182.699997 1.862798 1.209730 
0.408000 183.599991 1.862798 1.209730 
0.408000 184.500000 1.862798 1.209730 
0.408000 185.399994 1.862798 1.209730 
0.408000 186.299988 1.862798 1.209730 
0.408000 187.199997 1.862798 1.209730 
0.408000 188.099991 1.862798 1.209730 
0.408000 189.000000 1.862798 1.209730 
0.408000 189.899994 1.862798 1.209730 
0.408000 190.799988 1.862798 1.209730 
0.408000 191.699997 1.862798 1.209730 
0.408000 192.599991 1.862798 1.209730 
0.408000 193.500000 1.862798 1.209730 
0.408000 194.399994 1.862798 1.209730 
0.408000 195.299988 1.862798 1.209730 
0.408000 196.199997 1.862798 1.209730 
0.408000 197.099991 1.862798 1.209730 
0.408000 198.000000 1.862798 1.209730 
0.408000 198.899994 1.862798 1.209730 
0.408000 199.799988 1.862798 1.209730 
0.408000 200.699997 1.862798 1.209730 
0.408000 201.599991 1.862798 1.209730 
0.408000 202.500000 1.862798 1.209730 
0.408000 203.399994 1.862798 1.209730 
0.408000 204.299988 1.862798 1.209730 
0.408000 205.199997 1.862798 1.209730 
0.408000 206.099991 1.862798 1.209730 
0.408000 207.000000 1.862798 1.209730 
0.408000 207.899994 1.862798 1.209730 
0.408000 208.799988 1.862798 1.209730 
0.408000 209.699997 1.862798 1.209730 
0.408000 210.599991 1.862798 1.209730 
0.408000 211.500000 1.862798 1.209730 
0.408000 212.399994 1.862798 1.209730 
0.408000 213.299988 1.862798 1.209730 
0.408000 214.199997 1.862798 1.209730 
0.408000 215.099991 1.862798 1.209730 
0.408000 216.000000 1.862798 1.209730 
0.408000 216.899994 1.862798 1.209730 
0.408000 217.799988 1.862798 1.209730 
0.408000 218.699997 1.862798 1.209730 
0.408000 219.599991 1.862798 1.209730 
0.408000 220.500000 1.862798 1.209730 
0.408000 221.399994 1.862798 1.209730 
0.408000 222.299988 1.862798 1.209730 
0.408000 223.199997 1.862798 1.209730 
0.408000 224.099991 1.862798 1.209730 
0.408000 225.000000 1.862798 1.209730 
0.408000 225.899994 1.862798 1.209730 
0.408000 226.799988 1.862798 1.209730 
0.408000 227.699997 1.862797 1.209730 
0.408000 228.599991 1.862795 1.209730 
0.408000 229.500000 1.862779 1.209730 
