0.726000 0.000000 1.861909 0.928058 
0.726000 0.900000 1.861861 0.928058 
0.726000 1.800000 1.861881 0.928058 
0.726000 2.700000 1.861888 0.928058 
0.726000 3.600000 1.861894 0.928058 
0.726000 4.500000 1.861897 0.928058 
0.726000 5.400000 1.861899 0.928058 
0.726000 6.300000 1.861900 0.928057 
0.726000 7.200000 1.861901 0.928057 
0.726000 8.099999 1.861902 0.928057 
0.726000 9.000000 1.861902 0.928057 
0.726000 9.900000 1.861902 0.928057 
0.726000 10.799999 1.861902 0.928057 
0.726000 11.700000 1.861902 0.928057 
0.726000 12.599999 1.861902 0.928057 
0.726000 13.500000 1.861902 0.928057 
0.726000 14.400000 1.861902 0.928057 
0.726000 15.299999 1.861902 0.928057 
0.726000 16.199999 1.861902 0.928057 
0.726000 17.100000 1.861902 0.928057 
0.726000 18.000000 1.861902 0.928057 
0.726000 18.900000 1.861902 0.928057 
0.726000 19.799999 1.861902 0.928057 
0.726000 20.699999 1.861902 0.928057 
0.726000 21.599998 1.861902 0.928057 
0.726000 22.500000 1.861902 0.928057 
0.726000 23.400000 1.861902 0.928057 
0.726000 24.299999 1.861902 0.928057 
0.726000 25.199999 1.861902 0.928057 
0.726000 26.099998 1.861902 0.928057 
0.726000 27.000000 1.861902 0.928057 
0.726000 27.900000 1.861902 0.928057 
0.726000 28.799999 1.861902 0.928057 
0.726000 29.699999 1.861902 0.928057 
0.726000 30.599998 1.861902 0.928057 
0.726000 31.500000 1.861902 0.928057 
0.726000 32.399998 1.861902 0.928057 
0.726000 33.299999 1.861902 0.928057 
0.726000 34.200001 1.861902 0.928057 
0.726000 35.099998 1.861902 0.928057 
0.726000 36.000000 1.861902 0.928057 
0.726000 36.899998 1.861902 0.928057 
0.726000 37.799999 1.861902 0.928057 
0.726000 38.700001 1.861902 0.928057 
0.726000 39.599998 1.861902 0.928057 
0.726000 40.500000 1.861902 0.928057 
0.726000 41.399998 1.861902 0.928057 
0.726000 42.299999 1.861902 0.928057 
0.726000 43.199997 1.861902 0.928057 
0.726000 44.099998 1.861902 0.928057 
0.726000 45.000000 1.861902 0.928057 
0.726000 45.899998 1.861902 0.928057 
0.726000 46.799999 1.861902 0.928057 
0.726000 47.699997 1.861902 0.928057 
0.726000 48.599998 1.861902 0.928057 
0.726000 49.500000 1.861902 0.928057 
0.726000 50.399998 1.861902 0.928057 
0.726000 51.299999 1.861902 0.928057 
0.726000 52.199997 1.861902 0.928057 
0.726000 53.099998 1.861902 0.928057 
0.726000 54.000000 1.861902 0.928057 
0.726000 54.899998 1.861902 0.928057 
0.726000 55.799999 1.861902 0.928057 
0.726000 56.699997 1.861902 0.928057 
0.726000 57.599998 1.861902 0.928057 
0.726000 58.500000 1.861902 0.928057 
0.726000 59.399998 1.861902 0.928057 
0.726000 60.299999 1.861902 0.928057 
0.726000 61.199997 1.861902 0.928057 
0.726000 62.099998 1.861902 0.928057 
0.726000 63.000000 1.861902 0.928057 
0.726000 63.899998 1.861902 0.928057 
0.726000 64.799995 1.861902 0.928057 
0.726000 65.699997 1.861902 0.928057 
0.726000 66.599998 1.861902 0.928057 
0.726000 67.500000 1.861902 0.928057 
0.726000 68.400002 1.861902 0.928057 
0.726000 69.299995 1.861902 0.928057 
0.726000 70.199997 1.861902 0.928057 
0.726000 71.099998 1.861902 0.928057 
0.726000 72.000000 1.861902 0.928057 
0.726000 72.900002 1.861902 0.928057 
0.726000 73.799995 1.861902 0.928057 
0.726000 74.699997 1.861902 0.928057 
0.726000 75.599998 1.861902 0.928057 
0.726000 76.500000 1.861902 0.928057 
0.726000 77.400002 1.861902 0.928057 
0.726000 78.299995 1.861902 0.928057 
0.726000 79.199997 1.861902 0.928057 
0.726000 80.099998 1.861902 0.928057 
0.726000 81.000000 1.861902 0.928057 
0.726000 81.900002 1.861902 0.928057 
0.726000 82.799995 1.861902 0.928057 
0.726000 83.699997 1.861902 0.928057 
0.726000 84.599998 1.861902 0.928057 
0.726000 85.500000 1.861902 0.928057 
0.726000 86.399994 1.861902 0.928057 
0.726000 87.299995 1.861902 0.928057 
0.726000 88.199997 1.861902 0.928057 
0.726000 89.099998 1.861902 0.928057 
0.726000 90.000000 1.861902 0.928057 
0.726000 90.899994 1.861902 0.928057 
0.726000 91.799995 1.861902 0.928057 
0.726000 92.699997 1.861902 0.928057 
0.726000 93.599998 1.861902 0.928057 
0.726000 94.500000 1.861902 0.928057 
0.726000 95.399994 1.861902 0.928057 
0.726000 96.299995 1.861902 0.928057 
0.726000 97.199997 1.861902 0.928057 
0.726000 98.099998 1.861902 0.928057 
0.726000 99.000000 1.861902 0.928057 
0.726000 99.899994 1.861902 0.928057 
0.726000 100.799995 1.861902 0.928057 
0.726000 101.699997 1.861902 0.928057 
0.726000 102.599998 1.861902 0.928057 
0.726000 103.500000 1.861902 0.928057 
0.726000 104.399994 1.861902 0.928057 
0.726000 105.299995 1.861902 0.928057 
0.726000 106.199997 1.861902 0.928057 
0.726000 107.099998 1.861902 0.928057 
0.726000 108.000000 1.861902 0.928057 
0.726000 108.899994 1.861902 0.928057 
0.726000 109.799995 1.861902 0.928057 
0.726000 110.699997 1.861902 0.928057 
0.726000 111.599998 1.861902 0.928057 
0.726000 112.500000 1.861902 0.928057 
0.726000 113.399994 1.861902 0.928057 
0.726000 114.299995 1.861902 0.928057 
0.726000 115.199997 1.861902 0.928057 
0.726000 116.099998 1.861902 0.928057 
0.726000 117.000000 1.861902 0.928057 
0.726000 117.899994 1.861902 0.928057 
0.726000 118.799995 1.861902 0.928057 
0.726000 119.699997 1.861902 0.928057 
0.726000 120.599998 1.861902 0.928057 
0.726000 121.500000 1.861902 0.928057 
0.726000 122.399994 1.861902 0.928057 
0.726000 123.299995 1.861902 0.928057 
0.726000 124.199997 1.861902 0.928057 
0.726000 125.099998 1.861902 0.928057 
0.726000 126.000000 1.861902 0.928057 
0.726000 126.899994 1.861902 0.928057 
0.726000 127.799995 1.861902 0.928057 
0.726000 128.699997 1.861902 0.928057 
0.726000 129.599991 1.861902 0.928057 
0.726000 130.500000 1.861902 0.928057 
0.726000 131.399994 1.861902 0.928057 
0.726000 132.300003 1.861902 0.928057 
0.726000 133.199997 1.861902 0.928057 
0.726000 134.099991 1.861902 0.928057 
0.726000 135.000000 1.861902 0.928057 
0.726000 135.899994 1.861902 0.928057 
0.726000 136.800003 1.861902 0.928057 
0.726000 137.699997 1.861902 0.928057 
0.726000 138.599991 1.861902 0.928057 
0.726000 139.500000 1.861902 0.928057 
0.726000 140.399994 1.861902 0.928057 
0.726000 141.300003 1.861902 0.928057 
0.726000 142.199997 1.861902 0.928057 
0.726000 143.099991 1.861902 0.928057 
0.726000 144.000000 1.861902 0.928057 
0.726000 144.899994 1.861902 0.928057 
0.726000 145.800003 1.861902 0.928057 
0.726000 146.699997 1.861902 0.928057 
0.726000 147.599991 1.861902 0.928057 
0.726000 148.500000 1.861902 0.928057 
0.726000 149.399994 1.861902 0.928057 
0.726000 150.300003 1.861902 0.928057 
0.726000 151.199997 1.861902 0.928057 
0.726000 152.099991 1.861902 0.928057 
0.726000 153.000000 1.861902 0.928057 
0.726000 153.899994 1.861902 0.928057 
0.726000 154.800003 1.861902 0.928057 
0.726000 155.699997 1.861902 0.928057 
0.726000 156.599991 1.861902 0.928057 
0.726000 157.500000 1.861902 0.928057 
0.726000 158.399994 1.861902 0.928057 
0.726000 159.300003 1.861902 0.928057 
0.726000 160.199997 1.861902 0.928057 
0.726000 161.099991 1.861902 0.928057 
0.726000 162.000000 1.861902 0.928057 
0.726000 162.899994 1.861902 0.928057 
0.726000 163.800003 1.861902 0.928057 
0.726000 164.699997 1.861902 0.928057 
0.726000 165.599991 1.861902 0.928057 
0.726000 166.500000 1.861902 0.928057 
0.726000 167.399994 1.861902 0.928057 
0.726000 168.300003 1.861902 0.928057 
0.726000 169.199997 1.861902 0.928057 
0.726000 170.099991 1.861902 0.928057 
0.726000 171.000000 1.861902 0.928057 
0.726000 171.899994 1.861902 0.928057 
0.726000 172.799988 1.861902 0.928057 
0.726000 173.699997 1.861902 0.928057 
0.726000 174.599991 1.861902 0.928057 
0.726000 175.500000 1.861902 0.928057 
0.726000 176.399994 1.861902 0.928057 
0.726000 177.299988 1.861902 0.928057 
0.726000 178.199997 1.861902 0.928057 
0.726000 179.099991 1.861902 0.928057 
0.726000 180.000000 1.861902 0.928057 
0.726000 180.899994 1.861902 0.928057 
0.726000 181.799988 1.861902 0.928057 
0.726000 182.699997 1.861902 0.928057 
0.726000 183.599991 1.861902 0.928057 
0.726000 184.500000 1.861902 0.928057 
0.726000 185.399994 1.861902 0.928057 
0.726000 186.299988 1.861902 0.928057 
0.726000 187.199997 1.861902 0.928057 
0.726000 188.099991 1.861902 0.928057 
0.726000 189.000000 1.861902 0.928057 
0.726000 189.899994 1.861902 0.928057 
0.726000 190.799988 1.861902 0.928057 
0.726000 191.699997 1.861902 0.928057 
0.726000 192.599991 1.861902 0.928057 
0.726000 193.500000 1.861902 0.928057 
0.726000 194.399994 1.861902 0.928057 
0.726000 195.299988 1.861902 0.928057 
0.726000 196.199997 1.861902 0.928057 
0.726000 197.099991 1.861902 0.928057 
0.726000 198.000000 1.861902 0.928057 
0.726000 198.899994 1.861902 0.928057 
0.726000 199.799988 1.861902 0.928057 
0.726000 200.699997 1.861902 0.928057 
0.726000 201.599991 1.861902 0.928057 
0.726000 202.500000 1.861902 0.928057 
0.726000 203.399994 1.861902 0.928057 
0.726000 204.299988 1.861902 0.928057 
0.726000 205.199997 1.861902 0.928057 
0.726000 206.099991 1.861902 0.928057 
0.726000 207.000000 1.861902 0.928057 
0.726000 207.899994 1.861902 0.928057 
0.726000 208.799988 1.861902 0.928057 
0.726000 209.699997 1.861902 0.928057 
0.726000 210.599991 1.861902 0.928057 
0.726000 211.500000 1.861902 0.928057 
0.726000 212.399994 1.861902 0.928057 
0.726000 213.299988 1.861902 0.928057 
0.726000 214.199997 1.861902 0.928057 
0.726000 215.099991 1.861902 0.928057 
0.726000 216.000000 1.861902 0.928057 
0.726000 216.899994 1.861902 0.928057 
0.726000 217.799988 1.861902 0.928057 
0.726000 218.699997 1.861902 0.928057 
0.726000 219.599991 1.861902 0.928057 
0.726000 220.500000 1.861902 0.928057 
0.726000 221.399994 1.861902 0.928057 
0.726000 222.299988 1.861902 0.928057 
0.726000 223.199997 1.861902 0.928057 
0.726000 224.099991 1.861902 0.928057 
0.726000 225.000000 1.861902 0.928058 
0.726000 225.899994 1.861903 0.928058 
0.726000 226.799988 1.861903 0.928058 
0.726000 227.699997 1.861902 0.928058 
0.726000 228.599991 1.861894 0.928059 
0.726000 229.500000 1.861866 0.928059 
