0.175000 0.000000 1.645913 1.605530 
0.175000 0.900000 1.645900 1.605531 
0.175000 1.800000 1.645906 1.605531 
0.175000 2.700000 1.645906 1.605532 
0.175000 3.600000 1.645907 1.605534 
0.175000 4.500000 1.645908 1.605535 
0.175000 5.400000 1.645908 1.605536 
0.175000 6.300000 1.645908 1.605536 
0.175000 7.200000 1.645908 1.605536 
0.175000 8.099999 1.645908 1.605536 
0.175000 9.000000 1.645908 1.605536 
0.175000 9.900000 1.645908 1.605536 
0.175000 10.799999 1.645908 1.605536 
0.175000 11.700000 1.645908 1.605536 
0.175000 12.599999 1.645908 1.605536 
0.175000 13.500000 1.645908 1.605536 
0.175000 14.400000 1.645908 1.605536 
0.175000 15.299999 1.645908 1.605536 
0.175000 16.199999 1.645908 1.605536 
0.175000 17.100000 1.645908 1.605536 
0.175000 18.000000 1.645908 1.605536 
0.175000 18.900000 1.645908 1.605536 
0.175000 19.799999 1.645908 1.605536 
0.175000 20.699999 1.645908 1.605536 
0.175000 21.599998 1.645908 1.605536 
0.175000 22.500000 1.645908 1.605536 
0.175000 23.400000 1.645908 1.605536 
0.175000 24.299999 1.645908 1.605536 
0.175000 25.199999 1.645908 1.605536 
0.175000 26.099998 1.645908 1.605536 
0.175000 27.000000 1.645908 1.605536 
0.175000 27.900000 1.645908 1.605536 
0.175000 28.799999 1.645908 1.605536 
0.175000 29.699999 1.645908 1.605536 
0.175000 30.599998 1.645908 1.605536 
0.175000 31.500000 1.645908 1.605536 
0.175000 32.399998 1.645908 1.605536 
0.175000 33.299999 1.645908 1.605536 
0.175000 34.200001 1.645908 1.605536 
0.175000 35.099998 1.645908 1.605536 
0.175000 36.000000 1.645908 1.605536 
0.175000 36.899998 1.645908 1.605536 
0.175000 37.799999 1.645908 1.605536 
0.175000 38.700001 1.645908 1.605536 
0.175000 39.599998 1.645908 1.605536 
0.175000 40.500000 1.645908 1.605536 
0.175000 41.399998 1.645908 1.605536 
0.175000 42.299999 1.645908 1.605536 
0.175000 43.199997 1.645908 1.605536 
0.175000 44.099998 1.645908 1.605536 
0.175000 45.000000 1.645908 1.605536 
0.175000 45.899998 1.645908 1.605536 
0.175000 46.799999 1.645908 1.605536 
0.175000 47.699997 1.645908 1.605536 
0.175000 48.599998 1.645908 1.605536 
0.175000 49.500000 1.645908 1.605536 
0.175000 50.399998 1.645908 1.605536 
0.175000 51.299999 1.645908 1.605536 
0.175000 52.199997 1.645908 1.605536 
0.175000 53.099998 1.645908 1.605536 
0.175000 54.000000 1.645908 1.605536 
0.175000 54.899998 1.645908 1.605536 
0.175000 55.799999 1.645908 1.605536 
0.175000 56.699997 1.645908 1.605536 
0.175000 57.599998 1.645908 1.605536 
0.175000 58.500000 1.645908 1.605536 
0.175000 59.399998 1.645908 1.605536 
0.175000 60.299999 1.645908 1.605536 
0.175000 61.199997 1.645908 1.605536 
0.175000 62.099998 1.645908 1.605536 
0.175000 63.000000 1.645908 1.605536 
0.175000 63.899998 1.645908 1.605536 
0.175000 64.799995 1.645908 1.605536 
0.175000 65.699997 1.645908 1.605536 
0.175000 66.599998 1.645908 1.605536 
0.175000 67.500000 1.645908 1.605536 
0.175000 68.400002 1.645908 1.605536 
0.175000 69.299995 1.645908 1.605536 
0.175000 70.199997 1.645908 1.605536 
0.175000 71.099998 1.645908 1.605536 
0.175000 72.000000 1.645908 1.605536 
0.175000 72.900002 1.645908 1.605536 
0.175000 73.799995 1.645908 1.605536 
0.175000 74.699997 1.645908 1.605536 
0.175000 75.599998 1.645908 1.605536 
0.175000 76.500000 1.645908 1.605536 
0.175000 77.400002 1.645908 1.605536 
0.175000 78.299995 1.645908 1.605536 
0.175000 79.199997 1.645908 1.605536 
0.175000 80.099998 1.645908 1.605536 
0.175000 81.000000 1.645908 1.605536 
0.175000 81.900002 1.645908 1.605536 
0.175000 82.799995 1.645908 1.605536 
0.175000 83.699997 1.645908 1.605536 
0.175000 84.599998 1.645908 1.605536 
0.175000 85.500000 1.645908 1.605536 
0.175000 86.399994 1.645908 1.605536 
0.175000 87.299995 1.645908 1.605536 
0.175000 88.199997 1.645908 1.605536 
0.175000 89.099998 1.645908 1.605536 
0.175000 90.000000 1.645908 1.605536 
0.175000 90.899994 1.645908 1.605536 
0.175000 91.799995 1.645908 1.605536 
0.175000 92.699997 1.645908 1.605536 
0.175000 93.599998 1.645908 1.605536 
0.175000 94.500000 1.645908 1.605536 
0.175000 95.399994 1.645908 1.605536 
0.175000 96.299995 1.645908 1.605536 
0.175000 97.199997 1.645908 1.605536 
0.175000 98.099998 1.645908 1.605536 
0.175000 99.000000 1.645908 1.605536 
0.175000 99.899994 1.645908 1.605536 
0.175000 100.799995 1.645908 1.605536 
0.175000 101.699997 1.645908 1.605536 
0.175000 102.599998 1.645908 1.605536 
0.175000 103.500000 1.645908 1.605536 
0.175000 104.399994 1.645908 1.605536 
0.175000 105.299995 1.645908 1.605536 
0.175000 106.199997 1.645908 1.605536 
0.175000 107.099998 1.645908 1.605536 
0.175000 108.000000 1.645908 1.605536 
0.175000 108.899994 1.645908 1.605536 
0.175000 109.799995 1.645908 1.605536 
0.175000 110.699997 1.645908 1.605536 
0.175000 111.599998 1.645908 1.605536 
0.175000 112.500000 1.645908 1.605536 
0.175000 113.399994 1.645908 1.605536 
0.175000 114.299995 1.645908 1.605536 
0.175000 115.199997 1.645908 1.605536 
0.175000 116.099998 1.645908 1.605536 
0.175000 117.000000 1.645908 1.605536 
0.175000 117.899994 1.645908 1.605536 
0.175000 118.799995 1.645908 1.605536 
0.175000 119.699997 1.645908 1.605536 
0.175000 120.599998 1.645908 1.605536 
0.175000 121.500000 1.645908 1.605536 
0.175000 122.399994 1.645908 1.605536 
0.175000 123.299995 1.645908 1.605536 
0.175000 124.199997 1.645908 1.605536 
0.175000 125.099998 1.645908 1.605536 
0.175000 126.000000 1.645908 1.605536 
0.175000 126.899994 1.645908 1.605536 
0.175000 127.799995 1.645908 1.605536 
0.175000 128.699997 1.645908 1.605536 
0.175000 129.599991 1.645908 1.605536 
0.175000 130.500000 1.645908 1.605536 
0.175000 131.399994 1.645908 1.605536 
0.175000 132.300003 1.645908 1.605536 
0.175000 133.199997 1.645908 1.605536 
0.175000 134.099991 1.645908 1.605536 
0.175000 135.000000 1.645908 1.605536 
0.175000 135.899994 1.645908 1.605536 
0.175000 136.800003 1.645908 1.605536 
0.175000 137.699997 1.645908 1.605536 
0.175000 138.599991 1.645908 1.605536 
0.175000 139.500000 1.645908 1.605536 
0.175000 140.399994 1.645908 1.605536 
0.175000 141.300003 1.645908 1.605536 
0.175000 142.199997 1.645908 1.605536 
0.175000 143.099991 1.645908 1.605536 
0.175000 144.000000 1.645908 1.605536 
0.175000 144.899994 1.645908 1.605536 
0.175000 145.800003 1.645908 1.605536 
0.175000 146.699997 1.645908 1.605536 
0.175000 147.599991 1.645908 1.605536 
0.175000 148.500000 1.645908 1.605536 
0.175000 149.399994 1.645908 1.605536 
0.175000 150.300003 1.645908 1.605536 
0.175000 151.199997 1.645908 1.605536 
0.175000 152.099991 1.645908 1.605536 
0.175000 153.000000 1.645908 1.605536 
0.175000 153.899994 1.645908 1.605536 
0.175000 154.800003 1.645908 1.605536 
0.175000 155.699997 1.645908 1.605536 
0.175000 156.599991 1.645908 1.605536 
0.175000 157.500000 1.645908 1.605536 
0.175000 158.399994 1.645908 1.605536 
0.175000 159.300003 1.645908 1.605536 
0.175000 160.199997 1.645908 1.605536 
0.175000 161.099991 1.645908 1.605536 
0.175000 162.000000 1.645908 1.605536 
0.175000 162.899994 1.645908 1.605536 
0.175000 163.800003 1.645908 1.605536 
0.175000 164.699997 1.645908 1.605536 
0.175000 165.599991 1.645908 1.605536 
0.175000 166.500000 1.645908 1.605536 
0.175000 167.399994 1.645908 1.605536 
0.175000 168.300003 1.645908 1.605536 
0.175000 169.199997 1.645908 1.605536 
0.175000 170.099991 1.645908 1.605536 
0.175000 171.000000 1.645908 1.605536 
0.175000 171.899994 1.645908 1.605536 
0.175000 172.799988 1.645908 1.605536 
0.175000 173.699997 1.645908 1.605536 
0.175000 174.599991 1.645908 1.605536 
0.175000 175.500000 1.645908 1.605536 
0.175000 176.399994 1.645908 1.605536 
0.175000 177.299988 1.645908 1.605536 
0.175000 178.199997 1.645908 1.605536 
0.175000 179.099991 1.645908 1.605536 
0.175000 180.000000 1.645908 1.605536 
0.175000 180.899994 1.645908 1.605536 
0.175000 181.799988 1.645908 1.605536 
0.175000 182.699997 1.645908 1.605536 
0.175000 183.599991 1.645908 1.605536 
0.175000 184.500000 1.645908 1.605536 
0.175000 185.399994 1.645908 1.605536 
0.175000 186.299988 1.645908 1.605536 
0.175000 187.199997 1.645908 1.605536 
0.175000 188.099991 1.645908 1.605536 
0.175000 189.000000 1.645908 1.605536 
0.175000 189.899994 1.645908 1.605536 
0.175000 190.799988 1.645908 1.605536 
0.175000 191.699997 1.645908 1.605536 
0.175000 192.599991 1.645908 1.605536 
0.175000 193.500000 1.645908 1.605536 
0.175000 194.399994 1.645908 1.605536 
0.175000 195.299988 1.645908 1.605536 
0.175000 196.199997 1.645908 1.605536 
0.175000 197.099991 1.645908 1.605536 
0.175000 198.000000 1.645908 1.605536 
0.175000 198.899994 1.645908 1.605536 
0.175000 199.799988 1.645908 1.605536 
0.175000 200.699997 1.645908 1.605536 
0.175000 201.599991 1.645908 1.605536 
0.175000 202.500000 1.645908 1.605536 
0.175000 203.399994 1.645908 1.605536 
0.175000 204.299988 1.645908 1.605536 
0.175000 205.199997 1.645908 1.605536 
0.175000 206.099991 1.645908 1.605536 
0.175000 207.000000 1.645908 1.605536 
0.175000 207.899994 1.645908 1.605536 
0.175000 208.799988 1.645908 1.605536 
0.175000 209.699997 1.645908 1.605536 
0.175000 210.599991 1.645908 1.605536 
0.175000 211.500000 1.645908 1.605536 
0.175000 212.399994 1.645908 1.605536 
0.175000 213.299988 1.645908 1.605536 
0.175000 214.199997 1.645908 1.605536 
0.175000 215.099991 1.645908 1.605536 
0.175000 216.000000 1.645908 1.605536 
0.175000 216.899994 1.645908 1.605536 
0.175000 217.799988 1.645908 1.605536 
0.175000 218.699997 1.645908 1.605536 
0.175000 219.599991 1.645908 1.605536 
0.175000 220.500000 1.645908 1.605536 
0.175000 221.399994 1.645908 1.605536 
0.175000 222.299988 1.645908 1.605536 
0.175000 223.199997 1.645908 1.605536 
0.175000 224.099991 1.645908 1.605536 
0.175000 225.000000 1.645908 1.605536 
0.175000 225.899994 1.645908 1.605536 
0.175000 226.799988 1.645908 1.605536 
0.175000 227.699997 1.645908 1.605536 
0.175000 228.599991 1.645908 1.605536 
0.175000 229.500000 1.645901 1.605536 
