0.461000 0.000000 1.886164 1.139981 
0.461000 0.900000 1.886129 1.139982 
0.461000 1.800000 1.886146 1.139981 
0.461000 2.700000 1.886148 1.139982 
0.461000 3.600000 1.886151 1.139982 
0.461000 4.500000 1.886153 1.139983 
0.461000 5.400000 1.886154 1.139983 
0.461000 6.300000 1.886155 1.139984 
0.461000 7.200000 1.886155 1.139984 
0.461000 8.099999 1.886155 1.139984 
0.461000 9.000000 1.886155 1.139984 
0.461000 9.900000 1.886155 1.139984 
0.461000 10.799999 1.886156 1.139984 
0.461000 11.700000 1.886156 1.139984 
0.461000 12.599999 1.886156 1.139984 
0.461000 13.500000 1.886156 1.139984 
0.461000 14.400000 1.886156 1.139984 
0.461000 15.299999 1.886156 1.139984 
0.461000 16.199999 1.886156 1.139984 
0.461000 17.100000 1.886156 1.139984 
0.461000 18.000000 1.886156 1.139984 
0.461000 18.900000 1.886156 1.139984 
0.461000 19.799999 1.886156 1.139984 
0.461000 20.699999 1.886156 1.139984 
0.461000 21.599998 1.886156 1.139984 
0.461000 22.500000 1.886156 1.139984 
0.461000 23.400000 1.886156 1.139984 
0.461000 24.299999 1.886156 1.139984 
0.461000 25.199999 1.886156 1.139984 
0.461000 26.099998 1.886156 1.139984 
0.461000 27.000000 1.886156 1.139984 
0.461000 27.900000 1.886156 1.139984 
0.461000 28.799999 1.886156 1.139984 
0.461000 29.699999 1.886156 1.139984 
0.461000 30.599998 1.886156 1.139984 
0.461000 31.500000 1.886156 1.139984 
0.461000 32.399998 1.886156 1.139984 
0.461000 33.299999 1.886156 1.139984 
0.461000 34.200001 1.886156 1.139984 
0.461000 35.099998 1.886156 1.139984 
0.461000 36.000000 1.886156 1.139984 
0.461000 36.899998 1.886156 1.139984 
0.461000 37.799999 1.886156 1.139984 
0.461000 38.700001 1.886156 1.139984 
0.461000 39.599998 1.886156 1.139984 
0.461000 40.500000 1.886156 1.139984 
0.461000 41.399998 1.886156 1.139984 
0.461000 42.299999 1.886156 1.139984 
0.461000 43.199997 1.886156 1.139984 
0.461000 44.099998 1.886156 1.139984 
0.461000 45.000000 1.886156 1.139984 
0.461000 45.899998 1.886156 1.139984 
0.461000 46.799999 1.886156 1.139984 
0.461000 47.699997 1.886156 1.139984 
0.461000 48.599998 1.886156 1.139984 
0.461000 49.500000 1.886156 1.139984 
0.461000 50.399998 1.886156 1.139984 
0.461000 51.299999 1.886156 1.139984 
0.461000 52.199997 1.886156 1.139984 
0.461000 53.099998 1.886156 1.139984 
0.461000 54.000000 1.886156 1.139984 
0.461000 54.899998 1.886156 1.139984 
0.461000 55.799999 1.886156 1.139984 
0.461000 56.699997 1.886156 1.139984 
0.461000 57.599998 1.886156 1.139984 
0.461000 58.500000 1.886156 1.139984 
0.461000 59.399998 1.886156 1.139984 
0.461000 60.299999 1.886156 1.139984 
0.461000 61.199997 1.886156 1.139984 
0.461000 62.099998 1.886156 1.139984 
0.461000 63.000000 1.886156 1.139984 
0.461000 63.899998 1.886156 1.139984 
0.461000 64.799995 1.886156 1.139984 
0.461000 65.699997 1.886156 1.139984 
0.461000 66.599998 1.886156 1.139984 
0.461000 67.500000 1.886156 1.139984 
0.461000 68.400002 1.886156 1.139984 
0.461000 69.299995 1.886156 1.139984 
0.461000 70.199997 1.886156 1.139984 
0.461000 71.099998 1.886156 1.139984 
0.461000 72.000000 1.886156 1.139984 
0.461000 72.900002 1.886156 1.139984 
0.461000 73.799995 1.886156 1.139984 
0.461000 74.699997 1.886156 1.139984 
0.461000 75.599998 1.886156 1.139984 
0.461000 76.500000 1.886156 1.139984 
0.461000 77.400002 1.886156 1.139984 
0.461000 78.299995 1.886156 1.139984 
0.461000 79.199997 1.886156 1.139984 
0.461000 80.099998 1.886156 1.139984 
0.461000 81.000000 1.886156 1.139984 
0.461000 81.900002 1.886156 1.139984 
0.461000 82.799995 1.886156 1.139984 
0.461000 83.699997 1.886156 1.139984 
0.461000 84.599998 1.886156 1.139984 
0.461000 85.500000 1.886156 1.139984 
0.461000 86.399994 1.886156 1.139984 
0.461000 87.299995 1.886156 1.139984 
0.461000 88.199997 1.886156 1.139984 
0.461000 89.099998 1.886156 1.139984 
0.461000 90.000000 1.886156 1.139984 
0.461000 90.899994 1.886156 1.139984 
0.461000 91.799995 1.886156 1.139984 
0.461000 92.699997 1.886156 1.139984 
0.461000 93.599998 1.886156 1.139984 
0.461000 94.500000 1.886156 1.139984 
0.461000 95.399994 1.886156 1.139984 
0.461000 96.299995 1.886156 1.139984 
0.461000 97.199997 1.886156 1.139984 
0.461000 98.099998 1.886156 1.139984 
0.461000 99.000000 1.886156 1.139984 
0.461000 99.899994 1.886156 1.139984 
0.461000 100.799995 1.886156 1.139984 
0.461000 101.699997 1.886156 1.139984 
0.461000 102.599998 1.886156 1.139984 
0.461000 103.500000 1.886156 1.139984 
0.461000 104.399994 1.886156 1.139984 
0.461000 105.299995 1.886156 1.139984 
0.461000 106.199997 1.886156 1.139984 
0.461000 107.099998 1.886156 1.139984 
0.461000 108.000000 1.886156 1.139984 
0.461000 108.899994 1.886156 1.139984 
0.461000 109.799995 1.886156 1.139984 
0.461000 110.699997 1.886156 1.139984 
0.461000 111.599998 1.886156 1.139984 
0.461000 112.500000 1.886156 1.139984 
0.461000 113.399994 1.886156 1.139984 
0.461000 114.299995 1.886156 1.139984 
0.461000 115.199997 1.886156 1.139984 
0.461000 116.099998 1.886156 1.139984 
0.461000 117.000000 1.886156 1.139984 
0.461000 117.899994 1.886156 1.139984 
0.461000 118.799995 1.886156 1.139984 
0.461000 119.699997 1.886156 1.139984 
0.461000 120.599998 1.886156 1.139984 
0.461000 121.500000 1.886156 1.139984 
0.461000 122.399994 1.886156 1.139984 
0.461000 123.299995 1.886156 1.139984 
0.461000 124.199997 1.886156 1.139984 
0.461000 125.099998 1.886156 1.139984 
0.461000 126.000000 1.886156 1.139984 
0.461000 126.899994 1.886156 1.139984 
0.461000 127.799995 1.886156 1.139984 
0.461000 128.699997 1.886156 1.139984 
0.461000 129.599991 1.886156 1.139984 
0.461000 130.500000 1.886156 1.139984 
0.461000 131.399994 1.886156 1.139984 
0.461000 132.300003 1.886156 1.139984 
0.461000 133.199997 1.886156 1.139984 
0.461000 134.099991 1.886156 1.139984 
0.461000 135.000000 1.886156 1.139984 
0.461000 135.899994 1.886156 1.139984 
0.461000 136.800003 1.886156 1.139984 
0.461000 137.699997 1.886156 1.139984 
0.461000 138.599991 1.886156 1.139984 
0.461000 139.500000 1.886156 1.139984 
0.461000 140.399994 1.886156 1.139984 
0.461000 141.300003 1.886156 1.139984 
0.461000 142.199997 1.886156 1.139984 
0.461000 143.099991 1.886156 1.139984 
0.461000 144.000000 1.886156 1.139984 
0.461000 144.899994 1.886156 1.139984 
0.461000 145.800003 1.886156 1.139984 
0.461000 146.699997 1.886156 1.139984 
0.461000 147.599991 1.886156 1.139984 
0.461000 148.500000 1.886156 1.139984 
0.461000 149.399994 1.886156 1.139984 
0.461000 150.300003 1.886156 1.139984 
0.461000 151.199997 1.886156 1.139984 
0.461000 152.099991 1.886156 1.139984 
0.461000 153.000000 1.886156 1.139984 
0.461000 153.899994 1.886156 1.139984 
0.461000 154.800003 1.886156 1.139984 
0.461000 155.699997 1.886156 1.139984 
0.461000 156.599991 1.886156 1.139984 
0.461000 157.500000 1.886156 1.139984 
0.461000 158.399994 1.886156 1.139984 
0.461000 159.300003 1.886156 1.139984 
0.461000 160.199997 1.886156 1.139984 
0.461000 161.099991 1.886156 1.139984 
0.461000 162.000000 1.886156 1.139984 
0.461000 162.899994 1.886156 1.139984 
0.461000 163.800003 1.886156 1.139984 
0.461000 164.699997 1.886156 1.139984 
0.461000 165.599991 1.886156 1.139984 
0.461000 166.500000 1.886156 1.139984 
0.461000 167.399994 1.886156 1.139984 
0.461000 168.300003 1.886156 1.139984 
0.461000 169.199997 1.886156 1.139984 
0.461000 170.099991 1.886156 1.139984 
0.461000 171.000000 1.886156 1.139984 
0.461000 171.899994 1.886156 1.139984 
0.461000 172.799988 1.886156 1.139984 
0.461000 173.699997 1.886156 1.139984 
0.461000 174.599991 1.886156 1.139984 
0.461000 175.500000 1.886156 1.139984 
0.461000 176.399994 1.886156 1.139984 
0.461000 177.299988 1.886156 1.139984 
0.461000 178.199997 1.886156 1.139984 
0.461000 179.099991 1.886156 1.139984 
0.461000 180.000000 1.886156 1.139984 
0.461000 180.899994 1.886156 1.139984 
0.461000 181.799988 1.886156 1.139984 
0.461000 182.699997 1.886156 1.139984 
0.461000 183.599991 1.886156 1.139984 
0.461000 184.500000 1.886156 1.139984 
0.461000 185.399994 1.886156 1.139984 
0.461000 186.299988 1.886156 1.139984 
0.461000 187.199997 1.886156 1.139984 
0.461000 188.099991 1.886156 1.139984 
0.461000 189.000000 1.886156 1.139984 
0.461000 189.899994 1.886156 1.139984 
0.461000 190.799988 1.886156 1.139984 
0.461000 191.699997 1.886156 1.139984 
0.461000 192.599991 1.886156 1.139984 
0.461000 193.500000 1.886156 1.139984 
0.461000 194.399994 1.886156 1.139984 
0.461000 195.299988 1.886156 1.139984 
0.461000 196.199997 1.886156 1.139984 
0.461000 197.099991 1.886156 1.139984 
0.461000 198.000000 1.886156 1.139984 
0.461000 198.899994 1.886156 1.139984 
0.461000 199.799988 1.886156 1.139984 
0.461000 200.699997 1.886156 1.139984 
0.461000 201.599991 1.886156 1.139984 
0.461000 202.500000 1.886156 1.139984 
0.461000 203.399994 1.886156 1.139984 
0.461000 204.299988 1.886156 1.139984 
0.461000 205.199997 1.886156 1.139984 
0.461000 206.099991 1.886156 1.139984 
0.461000 207.000000 1.886156 1.139984 
0.461000 207.899994 1.886156 1.139984 
0.461000 208.799988 1.886156 1.139984 
0.461000 209.699997 1.886156 1.139984 
0.461000 210.599991 1.886156 1.139984 
0.461000 211.500000 1.886156 1.139984 
0.461000 212.399994 1.886156 1.139984 
0.461000 213.299988 1.886156 1.139984 
0.461000 214.199997 1.886156 1.139984 
0.461000 215.099991 1.886156 1.139984 
0.461000 216.000000 1.886156 1.139984 
0.461000 216.899994 1.886156 1.139984 
0.461000 217.799988 1.886156 1.139984 
0.461000 218.699997 1.886156 1.139984 
0.461000 219.599991 1.886156 1.139984 
0.461000 220.500000 1.886156 1.139984 
0.461000 221.399994 1.886156 1.139984 
0.461000 222.299988 1.886156 1.139984 
0.461000 223.199997 1.886156 1.139984 
0.461000 224.099991 1.886156 1.139984 
0.461000 225.000000 1.886156 1.139984 
0.461000 225.899994 1.886156 1.139984 
0.461000 226.799988 1.886156 1.139984 
0.461000 227.699997 1.886155 1.139984 
0.461000 228.599991 1.886153 1.139984 
0.461000 229.500000 1.886135 1.139984 
