0.149000 0.000000 1.613288 1.654522 
0.149000 0.900000 1.613277 1.654522 
0.149000 1.800000 1.613282 1.654522 
0.149000 2.700000 1.613282 1.654524 
0.149000 3.600000 1.613283 1.654525 
0.149000 4.500000 1.613283 1.654526 
0.149000 5.400000 1.613283 1.654527 
0.149000 6.300000 1.613283 1.654527 
0.149000 7.200000 1.613284 1.654527 
0.149000 8.099999 1.613284 1.654527 
0.149000 9.000000 1.613284 1.654527 
0.149000 9.900000 1.613284 1.654527 
0.149000 10.799999 1.613284 1.654527 
0.149000 11.700000 1.613284 1.654527 
0.149000 12.599999 1.613284 1.654527 
0.149000 13.500000 1.613284 1.654527 
0.149000 14.400000 1.613284 1.654527 
0.149000 15.299999 1.613284 1.654527 
0.149000 16.199999 1.613284 1.654527 
0.149000 17.100000 1.613284 1.654527 
0.149000 18.000000 1.613284 1.654527 
0.149000 18.900000 1.613284 1.654527 
0.149000 19.799999 1.613284 1.654527 
0.149000 20.699999 1.613284 1.654527 
0.149000 21.599998 1.613284 1.654527 
0.149000 22.500000 1.613284 1.654527 
0.149000 23.400000 1.613284 1.654527 
0.149000 24.299999 1.613284 1.654527 
0.149000 25.199999 1.613284 1.654527 
0.149000 26.099998 1.613284 1.654527 
0.149000 27.000000 1.613284 1.654527 
0.149000 27.900000 1.613284 1.654527 
0.149000 28.799999 1.613284 1.654527 
0.149000 29.699999 1.613284 1.654527 
0.149000 30.599998 1.613284 1.654527 
0.149000 31.500000 1.613284 1.654527 
0.149000 32.399998 1.613284 1.654527 
0.149000 33.299999 1.613284 1.654527 
0.149000 34.200001 1.613284 1.654527 
0.149000 35.099998 1.613284 1.654527 
0.149000 36.000000 1.613284 1.654527 
0.149000 36.899998 1.613284 1.654527 
0.149000 37.799999 1.613284 1.654527 
0.149000 38.700001 1.613284 1.654527 
0.149000 39.599998 1.613284 1.654527 
0.149000 40.500000 1.613284 1.654527 
0.149000 41.399998 1.613284 1.654527 
0.149000 42.299999 1.613284 1.654527 
0.149000 43.199997 1.613284 1.654527 
0.149000 44.099998 1.613284 1.654527 
0.149000 45.000000 1.613284 1.654527 
0.149000 45.899998 1.613284 1.654527 
0.149000 46.799999 1.613284 1.654527 
0.149000 47.699997 1.613284 1.654527 
0.149000 48.599998 1.613284 1.654527 
0.149000 49.500000 1.613284 1.654527 
0.149000 50.399998 1.613284 1.654527 
0.149000 51.299999 1.613284 1.654527 
0.149000 52.199997 1.613284 1.654527 
0.149000 53.099998 1.613284 1.654527 
0.149000 54.000000 1.613284 1.654527 
0.149000 54.899998 1.613284 1.654527 
0.149000 55.799999 1.613284 1.654527 
0.149000 56.699997 1.613284 1.654527 
0.149000 57.599998 1.613284 1.654527 
0.149000 58.500000 1.613284 1.654527 
0.149000 59.399998 1.613284 1.654527 
0.149000 60.299999 1.613284 1.654527 
0.149000 61.199997 1.613284 1.654527 
0.149000 62.099998 1.613284 1.654527 
0.149000 63.000000 1.613284 1.654527 
0.149000 63.899998 1.613284 1.654527 
0.149000 64.799995 1.613284 1.654527 
0.149000 65.699997 1.613284 1.654527 
0.149000 66.599998 1.613284 1.654527 
0.149000 67.500000 1.613284 1.654527 
0.149000 68.400002 1.613284 1.654527 
0.149000 69.299995 1.613284 1.654527 
0.149000 70.199997 1.613284 1.654527 
0.149000 71.099998 1.613284 1.654527 
0.149000 72.000000 1.613284 1.654527 
0.149000 72.900002 1.613284 1.654527 
0.149000 73.799995 1.613284 1.654527 
0.149000 74.699997 1.613284 1.654527 
0.149000 75.599998 1.613284 1.654527 
0.149000 76.500000 1.613284 1.654527 
0.149000 77.400002 1.613284 1.654527 
0.149000 78.299995 1.613284 1.654527 
0.149000 79.199997 1.613284 1.654527 
0.149000 80.099998 1.613284 1.654527 
0.149000 81.000000 1.613284 1.654527 
0.149000 81.900002 1.613284 1.654527 
0.149000 82.799995 1.613284 1.654527 
0.149000 83.699997 1.613284 1.654527 
0.149000 84.599998 1.613284 1.654527 
0.149000 85.500000 1.613284 1.654527 
0.149000 86.399994 1.613284 1.654527 
0.149000 87.299995 1.613284 1.654527 
0.149000 88.199997 1.613284 1.654527 
0.149000 89.099998 1.613284 1.654527 
0.149000 90.000000 1.613284 1.654527 
0.149000 90.899994 1.613284 1.654527 
0.149000 91.799995 1.613284 1.654527 
0.149000 92.699997 1.613284 1.654527 
0.149000 93.599998 1.613284 1.654527 
0.149000 94.500000 1.613284 1.654527 
0.149000 95.399994 1.613284 1.654527 
0.149000 96.299995 1.613284 1.654527 
0.149000 97.199997 1.613284 1.654527 
0.149000 98.099998 1.613284 1.654527 
0.149000 99.000000 1.613284 1.654527 
0.149000 99.899994 1.613284 1.654527 
0.149000 100.799995 1.613284 1.654527 
0.149000 101.699997 1.613284 1.654527 
0.149000 102.599998 1.613284 1.654527 
0.149000 103.500000 1.613284 1.654527 
0.149000 104.399994 1.613284 1.654527 
0.149000 105.299995 1.613284 1.654527 
0.149000 106.199997 1.613284 1.654527 
0.149000 107.099998 1.613284 1.654527 
0.149000 108.000000 1.613284 1.654527 
0.149000 108.899994 1.613284 1.654527 
0.149000 109.799995 1.613284 1.654527 
0.149000 110.699997 1.613284 1.654527 
0.149000 111.599998 1.613284 1.654527 
0.149000 112.500000 1.613284 1.654527 
0.149000 113.399994 1.613284 1.654527 
0.149000 114.299995 1.613284 1.654527 
0.149000 115.199997 1.613284 1.654527 
0.149000 116.099998 1.613284 1.654527 
0.149000 117.000000 1.613284 1.654527 
0.149000 117.899994 1.613284 1.654527 
0.149000 118.799995 1.613284 1.654527 
0.149000 119.699997 1.613284 1.654527 
0.149000 120.599998 1.613284 1.654527 
0.149000 121.500000 1.613284 1.654527 
0.149000 122.399994 1.613284 1.654527 
0.149000 123.299995 1.613284 1.654527 
0.149000 124.199997 1.613284 1.654527 
0.149000 125.099998 1.613284 1.654527 
0.149000 126.000000 1.613284 1.654527 
0.149000 126.899994 1.613284 1.654527 
0.149000 127.799995 1.613284 1.654527 
0.149000 128.699997 1.613284 1.654527 
0.149000 129.599991 1.613284 1.654527 
0.149000 130.500000 1.613284 1.654527 
0.149000 131.399994 1.613284 1.654527 
0.149000 132.300003 1.613284 1.654527 
0.149000 133.199997 1.613284 1.654527 
0.149000 134.099991 1.613284 1.654527 
0.149000 135.000000 1.613284 1.654527 
0.149000 135.899994 1.613284 1.654527 
0.149000 136.800003 1.613284 1.654527 
0.149000 137.699997 1.613284 1.654527 
0.149000 138.599991 1.613284 1.654527 
0.149000 139.500000 1.613284 1.654527 
0.149000 140.399994 1.613284 1.654527 
0.149000 141.300003 1.613284 1.654527 
0.149000 142.199997 1.613284 1.654527 
0.149000 143.099991 1.613284 1.654527 
0.149000 144.000000 1.613284 1.654527 
0.149000 144.899994 1.613284 1.654527 
0.149000 145.800003 1.613284 1.654527 
0.149000 146.699997 1.613284 1.654527 
0.149000 147.599991 1.613284 1.654527 
0.149000 148.500000 1.613284 1.654527 
0.149000 149.399994 1.613284 1.654527 
0.149000 150.300003 1.613284 1.654527 
0.149000 151.199997 1.613284 1.654527 
0.149000 152.099991 1.613284 1.654527 
0.149000 153.000000 1.613284 1.654527 
0.149000 153.899994 1.613284 1.654527 
0.149000 154.800003 1.613284 1.654527 
0.149000 155.699997 1.613284 1.654527 
0.149000 156.599991 1.613284 1.654527 
0.149000 157.500000 1.613284 1.654527 
0.149000 158.399994 1.613284 1.654527 
0.149000 159.300003 1.613284 1.654527 
0.149000 160.199997 1.613284 1.654527 
0.149000 161.099991 1.613284 1.654527 
0.149000 162.000000 1.613284 1.654527 
0.149000 162.899994 1.613284 1.654527 
0.149000 163.800003 1.613284 1.654527 
0.149000 164.699997 1.613284 1.654527 
0.149000 165.599991 1.613284 1.654527 
0.149000 166.500000 1.613284 1.654527 
0.149000 167.399994 1.613284 1.654527 
0.149000 168.300003 1.613284 1.654527 
0.149000 169.199997 1.613284 1.654527 
0.149000 170.099991 1.613284 1.654527 
0.149000 171.000000 1.613284 1.654527 
0.149000 171.899994 1.613284 1.654527 
0.149000 172.799988 1.613284 1.654527 
0.149000 173.699997 1.613284 1.654527 
0.149000 174.599991 1.613284 1.654527 
0.149000 175.500000 1.613284 1.654527 
0.149000 176.399994 1.613284 1.654527 
0.149000 177.299988 1.613284 1.654527 
0.149000 178.199997 1.613284 1.654527 
0.149000 179.099991 1.613284 1.654527 
0.149000 180.000000 1.613284 1.654527 
0.149000 180.899994 1.613284 1.654527 
0.149000 181.799988 1.613284 1.654527 
0.149000 182.699997 1.613284 1.654527 
0.149000 183.599991 1.613284 1.654527 
0.149000 184.500000 1.613284 1.654527 
0.149000 185.399994 1.613284 1.654527 
0.149000 186.299988 1.613284 1.654527 
0.149000 187.199997 1.613284 1.654527 
0.149000 188.099991 1.613284 1.654527 
0.149000 189.000000 1.613284 1.654527 
0.149000 189.899994 1.613284 1.654527 
0.149000 190.799988 1.613284 1.654527 
0.149000 191.699997 1.613284 1.654527 
0.149000 192.599991 1.613284 1.654527 
0.149000 193.500000 1.613284 1.654527 
0.149000 194.399994 1.613284 1.654527 
0.149000 195.299988 1.613284 1.654527 
0.149000 196.199997 1.613284 1.654527 
0.149000 197.099991 1.613284 1.654527 
0.149000 198.000000 1.613284 1.654527 
0.149000 198.899994 1.613284 1.654527 
0.149000 199.799988 1.613284 1.654527 
0.149000 200.699997 1.613284 1.654527 
0.149000 201.599991 1.613284 1.654527 
0.149000 202.500000 1.613284 1.654527 
0.149000 203.399994 1.613284 1.654527 
0.149000 204.299988 1.613284 1.654527 
0.149000 205.199997 1.613284 1.654527 
0.149000 206.099991 1.613284 1.654527 
0.149000 207.000000 1.613284 1.654527 
0.149000 207.899994 1.613284 1.654527 
0.149000 208.799988 1.613284 1.654527 
0.149000 209.699997 1.613284 1.654527 
0.149000 210.599991 1.613284 1.654527 
0.149000 211.500000 1.613284 1.654527 
0.149000 212.399994 1.613284 1.654527 
0.149000 213.299988 1.613284 1.654527 
0.149000 214.199997 1.613284 1.654527 
0.149000 215.099991 1.613284 1.654527 
0.149000 216.000000 1.613284 1.654527 
0.149000 216.899994 1.613284 1.654527 
0.149000 217.799988 1.613284 1.654527 
0.149000 218.699997 1.613284 1.654527 
0.149000 219.599991 1.613284 1.654527 
0.149000 220.500000 1.613284 1.654527 
0.149000 221.399994 1.613284 1.654527 
0.149000 222.299988 1.613284 1.654527 
0.149000 223.199997 1.613284 1.654527 
0.149000 224.099991 1.613284 1.654527 
0.149000 225.000000 1.613284 1.654527 
0.149000 225.899994 1.613284 1.654527 
0.149000 226.799988 1.613284 1.654527 
0.149000 227.699997 1.613283 1.654527 
0.149000 228.599991 1.613283 1.654527 
0.149000 229.500000 1.613278 1.654527 
