0.531000 0.000000 1.901019 1.062482 
0.531000 0.900000 1.900979 1.062482 
0.531000 1.800000 1.900997 1.062482 
0.531000 2.700000 1.901001 1.062482 
0.531000 3.600000 1.901005 1.062483 
0.531000 4.500000 1.901007 1.062483 
0.531000 5.400000 1.901008 1.062483 
0.531000 6.300000 1.901009 1.062482 
0.531000 7.200000 1.901010 1.062482 
0.531000 8.099999 1.901011 1.062482 
0.531000 9.000000 1.901011 1.062482 
0.531000 9.900000 1.901011 1.062482 
0.531000 10.799999 1.901011 1.062482 
0.531000 11.700000 1.901011 1.062482 
0.531000 12.599999 1.901011 1.062482 
0.531000 13.500000 1.901011 1.062483 
0.531000 14.400000 1.901011 1.062483 
0.531000 15.299999 1.901011 1.062483 
0.531000 16.199999 1.901011 1.062484 
0.531000 17.100000 1.901011 1.062484 
0.531000 18.000000 1.901011 1.062484 
0.531000 18.900000 1.901011 1.062484 
0.531000 19.799999 1.901011 1.062484 
0.531000 20.699999 1.901011 1.062484 
0.531000 21.599998 1.901011 1.062484 
0.531000 22.500000 1.901011 1.062484 
0.531000 23.400000 1.901011 1.062484 
0.531000 24.299999 1.901011 1.062484 
0.531000 25.199999 1.901011 1.062484 
0.531000 26.099998 1.901011 1.062484 
0.531000 27.000000 1.901011 1.062484 
0.531000 27.900000 1.901011 1.062484 
0.531000 28.799999 1.901011 1.062484 
0.531000 29.699999 1.901011 1.062484 
0.531000 30.599998 1.901011 1.062484 
0.531000 31.500000 1.901011 1.062484 
0.531000 32.399998 1.901011 1.062484 
0.531000 33.299999 1.901011 1.062484 
0.531000 34.200001 1.901011 1.062484 
0.531000 35.099998 1.901011 1.062484 
0.531000 36.000000 1.901011 1.062484 
0.531000 36.899998 1.901011 1.062484 
0.531000 37.799999 1.901011 1.062484 
0.531000 38.700001 1.901011 1.062484 
0.531000 39.599998 1.901011 1.062484 
0.531000 40.500000 1.901011 1.062484 
0.531000 41.399998 1.901011 1.062484 
0.531000 42.299999 1.901011 1.062484 
0.531000 43.199997 1.901011 1.062484 
0.531000 44.099998 1.901011 1.062484 
0.531000 45.000000 1.901011 1.062484 
0.531000 45.899998 1.901011 1.062484 
0.531000 46.799999 1.901011 1.062484 
0.531000 47.699997 1.901011 1.062484 
0.531000 48.599998 1.901011 1.062484 
0.531000 49.500000 1.901011 1.062484 
0.531000 50.399998 1.901011 1.062484 
0.531000 51.299999 1.901011 1.062484 
0.531000 52.199997 1.901011 1.062484 
0.531000 53.099998 1.901011 1.062484 
0.531000 54.000000 1.901011 1.062484 
0.531000 54.899998 1.901011 1.062484 
0.531000 55.799999 1.901011 1.062484 
0.531000 56.699997 1.901011 1.062484 
0.531000 57.599998 1.901011 1.062484 
0.531000 58.500000 1.901011 1.062484 
0.531000 59.399998 1.901011 1.062484 
0.531000 60.299999 1.901011 1.062484 
0.531000 61.199997 1.901011 1.062484 
0.531000 62.099998 1.901011 1.062484 
0.531000 63.000000 1.901011 1.062484 
0.531000 63.899998 1.901011 1.062484 
0.531000 64.799995 1.901011 1.062484 
0.531000 65.699997 1.901011 1.062484 
0.531000 66.599998 1.901011 1.062484 
0.531000 67.500000 1.901011 1.062484 
0.531000 68.400002 1.901011 1.062484 
0.531000 69.299995 1.901011 1.062484 
0.531000 70.199997 1.901011 1.062484 
0.531000 71.099998 1.901011 1.062484 
0.531000 72.000000 1.901011 1.062484 
0.531000 72.900002 1.901011 1.062484 
0.531000 73.799995 1.901011 1.062484 
0.531000 74.699997 1.901011 1.062484 
0.531000 75.599998 1.901011 1.062484 
0.531000 76.500000 1.901011 1.062484 
0.531000 77.400002 1.901011 1.062484 
0.531000 78.299995 1.901011 1.062484 
0.531000 79.199997 1.901011 1.062484 
0.531000 80.099998 1.901011 1.062484 
0.531000 81.000000 1.901011 1.062484 
0.531000 81.900002 1.901011 1.062484 
0.531000 82.799995 1.901011 1.062484 
0.531000 83.699997 1.901011 1.062484 
0.531000 84.599998 1.901011 1.062484 
0.531000 85.500000 1.901011 1.062484 
0.531000 86.399994 1.901011 1.062484 
0.531000 87.299995 1.901011 1.062484 
0.531000 88.199997 1.901011 1.062484 
0.531000 89.099998 1.901011 1.062484 
0.531000 90.000000 1.901011 1.062484 
0.531000 90.899994 1.901011 1.062484 
0.531000 91.799995 1.901011 1.062484 
0.531000 92.699997 1.901011 1.062484 
0.531000 93.599998 1.901011 1.062484 
0.531000 94.500000 1.901011 1.062484 
0.531000 95.399994 1.901011 1.062484 
0.531000 96.299995 1.901011 1.062484 
0.531000 97.199997 1.901011 1.062484 
0.531000 98.099998 1.901011 1.062484 
0.531000 99.000000 1.901011 1.062484 
0.531000 99.899994 1.901011 1.062484 
0.531000 100.799995 1.901011 1.062484 
0.531000 101.699997 1.901011 1.062484 
0.531000 102.599998 1.901011 1.062484 
0.531000 103.500000 1.901011 1.062484 
0.531000 104.399994 1.901011 1.062484 
0.531000 105.299995 1.901011 1.062484 
0.531000 106.199997 1.901011 1.062484 
0.531000 107.099998 1.901011 1.062484 
0.531000 108.000000 1.901011 1.062484 
0.531000 108.899994 1.901011 1.062484 
0.531000 109.799995 1.901011 1.062484 
0.531000 110.699997 1.901011 1.062484 
0.531000 111.599998 1.901011 1.062484 
0.531000 112.500000 1.901011 1.062484 
0.531000 113.399994 1.901011 1.062484 
0.531000 114.299995 1.901011 1.062484 
0.531000 115.199997 1.901011 1.062484 
0.531000 116.099998 1.901011 1.062484 
0.531000 117.000000 1.901011 1.062484 
0.531000 117.899994 1.901011 1.062484 
0.531000 118.799995 1.901011 1.062484 
0.531000 119.699997 1.901011 1.062484 
0.531000 120.599998 1.901011 1.062484 
0.531000 121.500000 1.901011 1.062484 
0.531000 122.399994 1.901011 1.062484 
0.531000 123.299995 1.901011 1.062484 
0.531000 124.199997 1.901011 1.062484 
0.531000 125.099998 1.901011 1.062484 
0.531000 126.000000 1.901011 1.062484 
0.531000 126.899994 1.901011 1.062484 
0.531000 127.799995 1.901011 1.062484 
0.531000 128.699997 1.901011 1.062484 
0.531000 129.599991 1.901011 1.062484 
0.531000 130.500000 1.901011 1.062484 
0.531000 131.399994 1.901011 1.062484 
0.531000 132.300003 1.901011 1.062484 
0.531000 133.199997 1.901011 1.062484 
0.531000 134.099991 1.901011 1.062484 
0.531000 135.000000 1.901011 1.062484 
0.531000 135.899994 1.901011 1.062484 
0.531000 136.800003 1.901011 1.062484 
0.531000 137.699997 1.901011 1.062484 
0.531000 138.599991 1.901011 1.062484 
0.531000 139.500000 1.901011 1.062484 
0.531000 140.399994 1.901011 1.062484 
0.531000 141.300003 1.901011 1.062484 
0.531000 142.199997 1.901011 1.062484 
0.531000 143.099991 1.901011 1.062484 
0.531000 144.000000 1.901011 1.062484 
0.531000 144.899994 1.901011 1.062484 
0.531000 145.800003 1.901011 1.062484 
0.531000 146.699997 1.901011 1.062484 
0.531000 147.599991 1.901011 1.062484 
0.531000 148.500000 1.901011 1.062484 
0.531000 149.399994 1.901011 1.062484 
0.531000 150.300003 1.901011 1.062484 
0.531000 151.199997 1.901011 1.062484 
0.531000 152.099991 1.901011 1.062484 
0.531000 153.000000 1.901011 1.062484 
0.531000 153.899994 1.901011 1.062484 
0.531000 154.800003 1.901011 1.062484 
0.531000 155.699997 1.901011 1.062484 
0.531000 156.599991 1.901011 1.062484 
0.531000 157.500000 1.901011 1.062484 
0.531000 158.399994 1.901011 1.062484 
0.531000 159.300003 1.901011 1.062484 
0.531000 160.199997 1.901011 1.062484 
0.531000 161.099991 1.901011 1.062484 
0.531000 162.000000 1.901011 1.062484 
0.531000 162.899994 1.901011 1.062484 
0.531000 163.800003 1.901011 1.062484 
0.531000 164.699997 1.901011 1.062484 
0.531000 165.599991 1.901011 1.062484 
0.531000 166.500000 1.901011 1.062484 
0.531000 167.399994 1.901011 1.062484 
0.531000 168.300003 1.901011 1.062484 
0.531000 169.199997 1.901011 1.062484 
0.531000 170.099991 1.901011 1.062484 
0.531000 171.000000 1.901011 1.062484 
0.531000 171.899994 1.901011 1.062484 
0.531000 172.799988 1.901011 1.062484 
0.531000 173.699997 1.901011 1.062484 
0.531000 174.599991 1.901011 1.062484 
0.531000 175.500000 1.901011 1.062484 
0.531000 176.399994 1.901011 1.062484 
0.531000 177.299988 1.901011 1.062484 
0.531000 178.199997 1.901011 1.062484 
0.531000 179.099991 1.901011 1.062484 
0.531000 180.000000 1.901011 1.062484 
0.531000 180.899994 1.901011 1.062484 
0.531000 181.799988 1.901011 1.062484 
0.531000 182.699997 1.901011 1.062484 
0.531000 183.599991 1.901011 1.062484 
0.531000 184.500000 1.901011 1.062484 
0.531000 185.399994 1.901011 1.062484 
0.531000 186.299988 1.901011 1.062484 
0.531000 187.199997 1.901011 1.062484 
0.531000 188.099991 1.901011 1.062484 
0.531000 189.000000 1.901011 1.062484 
0.531000 189.899994 1.901011 1.062484 
0.531000 190.799988 1.901011 1.062484 
0.531000 191.699997 1.901011 1.062484 
0.531000 192.599991 1.901011 1.062484 
0.531000 193.500000 1.901011 1.062484 
0.531000 194.399994 1.901011 1.062484 
0.531000 195.299988 1.901011 1.062484 
0.531000 196.199997 1.901011 1.062484 
0.531000 197.099991 1.901011 1.062484 
0.531000 198.000000 1.901011 1.062484 
0.531000 198.899994 1.901011 1.062484 
0.531000 199.799988 1.901011 1.062484 
0.531000 200.699997 1.901011 1.062484 
0.531000 201.599991 1.901011 1.062484 
0.531000 202.500000 1.901011 1.062484 
0.531000 203.399994 1.901011 1.062484 
0.531000 204.299988 1.901011 1.062484 
0.531000 205.199997 1.901011 1.062484 
0.531000 206.099991 1.901011 1.062484 
0.531000 207.000000 1.901011 1.062484 
0.531000 207.899994 1.901011 1.062484 
0.531000 208.799988 1.901011 1.062484 
0.531000 209.699997 1.901011 1.062484 
0.531000 210.599991 1.901011 1.062484 
0.531000 211.500000 1.901011 1.062484 
0.531000 212.399994 1.901011 1.062484 
0.531000 213.299988 1.901011 1.062484 
0.531000 214.199997 1.901011 1.062484 
0.531000 215.099991 1.901011 1.062484 
0.531000 216.000000 1.901011 1.062484 
0.531000 216.899994 1.901011 1.062484 
0.531000 217.799988 1.901011 1.062484 
0.531000 218.699997 1.901011 1.062484 
0.531000 219.599991 1.901011 1.062484 
0.531000 220.500000 1.901011 1.062484 
0.531000 221.399994 1.901011 1.062484 
0.531000 222.299988 1.901011 1.062484 
0.531000 223.199997 1.901011 1.062484 
0.531000 224.099991 1.901011 1.062484 
0.531000 225.000000 1.901011 1.062484 
0.531000 225.899994 1.901011 1.062484 
0.531000 226.799988 1.901011 1.062484 
0.531000 227.699997 1.901011 1.062484 
0.531000 228.599991 1.901007 1.062484 
0.531000 229.500000 1.900984 1.062484 
