0.827000 0.000000 1.809417 0.896022 
0.827000 0.900000 1.809369 0.896022 
0.827000 1.800000 1.809389 0.896022 
0.827000 2.700000 1.809398 0.896022 
0.827000 3.600000 1.809404 0.896022 
0.827000 4.500000 1.809407 0.896022 
0.827000 5.400000 1.809409 0.896022 
0.827000 6.300000 1.809411 0.896022 
0.827000 7.200000 1.809412 0.896022 
0.827000 8.099999 1.809413 0.896022 
0.827000 9.000000 1.809413 0.896022 
0.827000 9.900000 1.809413 0.896022 
0.827000 10.799999 1.809413 0.896022 
0.827000 11.700000 1.809413 0.896022 
0.827000 12.599999 1.809413 0.896022 
0.827000 13.500000 1.809413 0.896021 
0.827000 14.400000 1.809413 0.896021 
0.827000 15.299999 1.809413 0.896021 
0.827000 16.199999 1.809413 0.896021 
0.827000 17.100000 1.809413 0.896021 
0.827000 18.000000 1.809413 0.896021 
0.827000 18.900000 1.809413 0.896021 
0.827000 19.799999 1.809413 0.896021 
0.827000 20.699999 1.809413 0.896021 
0.827000 21.599998 1.809413 0.896021 
0.827000 22.500000 1.809413 0.896021 
0.827000 23.400000 1.809413 0.896021 
0.827000 24.299999 1.809413 0.896021 
0.827000 25.199999 1.809413 0.896021 
0.827000 26.099998 1.809413 0.896021 
0.827000 27.000000 1.809413 0.896021 
0.827000 27.900000 1.809413 0.896021 
0.827000 28.799999 1.809413 0.896021 
0.827000 29.699999 1.809413 0.896021 
0.827000 30.599998 1.809413 0.896021 
0.827000 31.500000 1.809413 0.896021 
0.827000 32.399998 1.809413 0.896021 
0.827000 33.299999 1.809413 0.896021 
0.827000 34.200001 1.809413 0.896021 
0.827000 35.099998 1.809413 0.896021 
0.827000 36.000000 1.809413 0.896021 
0.827000 36.899998 1.809413 0.896021 
0.827000 37.799999 1.809413 0.896021 
0.827000 38.700001 1.809413 0.896021 
0.827000 39.599998 1.809413 0.896021 
0.827000 40.500000 1.809413 0.896021 
0.827000 41.399998 1.809413 0.896021 
0.827000 42.299999 1.809413 0.896021 
0.827000 43.199997 1.809413 0.896021 
0.827000 44.099998 1.809413 0.896021 
0.827000 45.000000 1.809413 0.896021 
0.827000 45.899998 1.809413 0.896021 
0.827000 46.799999 1.809413 0.896021 
0.827000 47.699997 1.809413 0.896021 
0.827000 48.599998 1.809413 0.896021 
0.827000 49.500000 1.809413 0.896021 
0.827000 50.399998 1.809413 0.896021 
0.827000 51.299999 1.809413 0.896021 
0.827000 52.199997 1.809413 0.896021 
0.827000 53.099998 1.809413 0.896021 
0.827000 54.000000 1.809413 0.896021 
0.827000 54.899998 1.809413 0.896021 
0.827000 55.799999 1.809413 0.896021 
0.827000 56.699997 1.809413 0.896021 
0.827000 57.599998 1.809413 0.896021 
0.827000 58.500000 1.809413 0.896021 
0.827000 59.399998 1.809413 0.896021 
0.827000 60.299999 1.809413 0.896021 
0.827000 61.199997 1.809413 0.896021 
0.827000 62.099998 1.809413 0.896021 
0.827000 63.000000 1.809413 0.896021 
0.827000 63.899998 1.809413 0.896021 
0.827000 64.799995 1.809413 0.896021 
0.827000 65.699997 1.809413 0.896021 
0.827000 66.599998 1.809413 0.896021 
0.827000 67.500000 1.809413 0.896021 
0.827000 68.400002 1.809413 0.896021 
0.827000 69.299995 1.809413 0.896021 
0.827000 70.199997 1.809413 0.896021 
0.827000 71.099998 1.809413 0.896021 
0.827000 72.000000 1.809413 0.896021 
0.827000 72.900002 1.809413 0.896021 
0.827000 73.799995 1.809413 0.896021 
0.827000 74.699997 1.809413 0.896021 
0.827000 75.599998 1.809413 0.896021 
0.827000 76.500000 1.809413 0.896021 
0.827000 77.400002 1.809413 0.896021 
0.827000 78.299995 1.809413 0.896021 
0.827000 79.199997 1.809413 0.896021 
0.827000 80.099998 1.809413 0.896021 
0.827000 81.000000 1.809413 0.896021 
0.827000 81.900002 1.809413 0.896021 
0.827000 82.799995 1.809413 0.896021 
0.827000 83.699997 1.809413 0.896021 
0.827000 84.599998 1.809413 0.896021 
0.827000 85.500000 1.809413 0.896021 
0.827000 86.399994 1.809413 0.896021 
0.827000 87.299995 1.809413 0.896021 
0.827000 88.199997 1.809413 0.896021 
0.827000 89.099998 1.809413 0.896021 
0.827000 90.000000 1.809413 0.896021 
0.827000 90.899994 1.809413 0.896021 
0.827000 91.799995 1.809413 0.896021 
0.827000 92.699997 1.809413 0.896021 
0.827000 93.599998 1.809413 0.896021 
0.827000 94.500000 1.809413 0.896021 
0.827000 95.399994 1.809413 0.896021 
0.827000 96.299995 1.809413 0.896021 
0.827000 97.199997 1.809413 0.896021 
0.827000 98.099998 1.809413 0.896021 
0.827000 99.000000 1.809413 0.896021 
0.827000 99.899994 1.809413 0.896021 
0.827000 100.799995 1.809413 0.896021 
0.827000 101.699997 1.809413 0.896021 
0.827000 102.599998 1.809413 0.896021 
0.827000 103.500000 1.809413 0.896021 
0.827000 104.399994 1.809413 0.896021 
0.827000 105.299995 1.809413 0.896021 
0.827000 106.199997 1.809413 0.896021 
0.827000 107.099998 1.809413 0.896021 
0.827000 108.000000 1.809413 0.896021 
0.827000 108.899994 1.809413 0.896021 
0.827000 109.799995 1.809413 0.896021 
0.827000 110.699997 1.809413 0.896021 
0.827000 111.599998 1.809413 0.896021 
0.827000 112.500000 1.809413 0.896021 
0.827000 113.399994 1.809413 0.896021 
0.827000 114.299995 1.809413 0.896021 
0.827000 115.199997 1.809413 0.896021 
0.827000 116.099998 1.809413 0.896021 
0.827000 117.000000 1.809413 0.896021 
0.827000 117.899994 1.809413 0.896021 
0.827000 118.799995 1.809413 0.896021 
0.827000 119.699997 1.809413 0.896021 
0.827000 120.599998 1.809413 0.896021 
0.827000 121.500000 1.809413 0.896021 
0.827000 122.399994 1.809413 0.896021 
0.827000 123.299995 1.809413 0.896021 
0.827000 124.199997 1.809413 0.896021 
0.827000 125.099998 1.809413 0.896021 
0.827000 126.000000 1.809413 0.896021 
0.827000 126.899994 1.809413 0.896021 
0.827000 127.799995 1.809413 0.896021 
0.827000 128.699997 1.809413 0.896021 
0.827000 129.599991 1.809413 0.896021 
0.827000 130.500000 1.809413 0.896021 
0.827000 131.399994 1.809413 0.896021 
0.827000 132.300003 1.809413 0.896021 
0.827000 133.199997 1.809413 0.896021 
0.827000 134.099991 1.809413 0.896021 
0.827000 135.000000 1.809413 0.896021 
0.827000 135.899994 1.809413 0.896021 
0.827000 136.800003 1.809413 0.896021 
0.827000 137.699997 1.809413 0.896021 
0.827000 138.599991 1.809413 0.896021 
0.827000 139.500000 1.809413 0.896021 
0.827000 140.399994 1.809413 0.896021 
0.827000 141.300003 1.809413 0.896021 
0.827000 142.199997 1.809413 0.896021 
0.827000 143.099991 1.809413 0.896021 
0.827000 144.000000 1.809413 0.896021 
0.827000 144.899994 1.809413 0.896021 
0.827000 145.800003 1.809413 0.896021 
0.827000 146.699997 1.809413 0.896021 
0.827000 147.599991 1.809413 0.896021 
0.827000 148.500000 1.809413 0.896021 
0.827000 149.399994 1.809413 0.896021 
0.827000 150.300003 1.809413 0.896021 
0.827000 151.199997 1.809413 0.896021 
0.827000 152.099991 1.809413 0.896021 
0.827000 153.000000 1.809413 0.896021 
0.827000 153.899994 1.809413 0.896021 
0.827000 154.800003 1.809413 0.896021 
0.827000 155.699997 1.809413 0.896021 
0.827000 156.599991 1.809413 0.896021 
0.827000 157.500000 1.809413 0.896021 
0.827000 158.399994 1.809413 0.896021 
0.827000 159.300003 1.809413 0.896021 
0.827000 160.199997 1.809413 0.896021 
0.827000 161.099991 1.809413 0.896021 
0.827000 162.000000 1.809413 0.896021 
0.827000 162.899994 1.809413 0.896021 
0.827000 163.800003 1.809413 0.896021 
0.827000 164.699997 1.809413 0.896021 
0.827000 165.599991 1.809413 0.896021 
0.827000 166.500000 1.809413 0.896021 
0.827000 167.399994 1.809413 0.896021 
0.827000 168.300003 1.809413 0.896021 
0.827000 169.199997 1.809413 0.896021 
0.827000 170.099991 1.809413 0.896021 
0.827000 171.000000 1.809413 0.896021 
0.827000 171.899994 1.809413 0.896021 
0.827000 172.799988 1.809413 0.896021 
0.827000 173.699997 1.809413 0.896021 
0.827000 174.599991 1.809413 0.896021 
0.827000 175.500000 1.809413 0.896021 
0.827000 176.399994 1.809413 0.896021 
0.827000 177.299988 1.809413 0.896021 
0.827000 178.199997 1.809413 0.896021 
0.827000 179.099991 1.809413 0.896021 
0.827000 180.000000 1.809413 0.896021 
0.827000 180.899994 1.809413 0.896021 
0.827000 181.799988 1.809413 0.896021 
0.827000 182.699997 1.809413 0.896021 
0.827000 183.599991 1.809413 0.896021 
0.827000 184.500000 1.809413 0.896021 
0.827000 185.399994 1.809413 0.896021 
0.827000 186.299988 1.809413 0.896021 
0.827000 187.199997 1.809413 0.896021 
0.827000 188.099991 1.809413 0.896021 
0.827000 189.000000 1.809413 0.896021 
0.827000 189.899994 1.809413 0.896021 
0.827000 190.799988 1.809413 0.896021 
0.827000 191.699997 1.809413 0.896021 
0.827000 192.599991 1.809413 0.896021 
0.827000 193.500000 1.809413 0.896021 
0.827000 194.399994 1.809413 0.896021 
0.827000 195.299988 1.809413 0.896021 
0.827000 196.199997 1.809413 0.896021 
0.827000 197.099991 1.809413 0.896021 
0.827000 198.000000 1.809413 0.896021 
0.827000 198.899994 1.809413 0.896021 
0.827000 199.799988 1.809413 0.896021 
0.827000 200.699997 1.809413 0.896021 
0.827000 201.599991 1.809413 0.896021 
0.827000 202.500000 1.809413 0.896021 
0.827000 203.399994 1.809413 0.896021 
0.827000 204.299988 1.809413 0.896021 
0.827000 205.199997 1.809413 0.896021 
0.827000 206.099991 1.809413 0.896021 
0.827000 207.000000 1.809413 0.896021 
0.827000 207.899994 1.809413 0.896021 
0.827000 208.799988 1.809413 0.896021 
0.827000 209.699997 1.809413 0.896021 
0.827000 210.599991 1.809413 0.896021 
0.827000 211.500000 1.809413 0.896021 
0.827000 212.399994 1.809413 0.896021 
0.827000 213.299988 1.809413 0.896021 
0.827000 214.199997 1.809413 0.896021 
0.827000 215.099991 1.809413 0.896021 
0.827000 216.000000 1.809413 0.896021 
0.827000 216.899994 1.809413 0.896021 
0.827000 217.799988 1.809413 0.896021 
0.827000 218.699997 1.809413 0.896022 
0.827000 219.599991 1.809413 0.896022 
0.827000 220.500000 1.809413 0.896022 
0.827000 221.399994 1.809413 0.896022 
0.827000 222.299988 1.809413 0.896022 
0.827000 223.199997 1.809413 0.896022 
0.827000 224.099991 1.809413 0.896022 
0.827000 225.000000 1.809413 0.896022 
0.827000 225.899994 1.809414 0.896022 
0.827000 226.799988 1.809414 0.896022 
0.827000 227.699997 1.809412 0.896022 
0.827000 228.599991 1.809403 0.896023 
0.827000 229.500000 1.809372 0.896023 
