0.625000 0.000000 1.895015 0.983867 
0.625000 0.900000 1.894971 0.983867 
0.625000 1.800000 1.894990 0.983867 
0.625000 2.700000 1.894995 0.983867 
0.625000 3.600000 1.895001 0.983867 
0.625000 4.500000 1.895003 0.983867 
0.625000 5.400000 1.895005 0.983867 
0.625000 6.300000 1.895006 0.983867 
0.625000 7.200000 1.895007 0.983867 
0.625000 8.099999 1.895008 0.983867 
0.625000 9.000000 1.895008 0.983867 
0.625000 9.900000 1.895008 0.983867 
0.625000 10.799999 1.895008 0.983867 
0.625000 11.700000 1.895008 0.983867 
0.625000 12.599999 1.895008 0.983867 
0.625000 13.500000 1.895008 0.983867 
0.625000 14.400000 1.895008 0.983867 
0.625000 15.299999 1.895008 0.983867 
0.625000 16.199999 1.895008 0.983867 
0.625000 17.100000 1.895008 0.983867 
0.625000 18.000000 1.895008 0.983867 
0.625000 18.900000 1.895008 0.983867 
0.625000 19.799999 1.895008 0.983867 
0.625000 20.699999 1.895008 0.983867 
0.625000 21.599998 1.895008 0.983867 
0.625000 22.500000 1.895008 0.983867 
0.625000 23.400000 1.895008 0.983867 
0.625000 24.299999 1.895008 0.983867 
0.625000 25.199999 1.895008 0.983867 
0.625000 26.099998 1.895008 0.983867 
0.625000 27.000000 1.895008 0.983867 
0.625000 27.900000 1.895008 0.983867 
0.625000 28.799999 1.895008 0.983867 
0.625000 29.699999 1.895008 0.983867 
0.625000 30.599998 1.895008 0.983867 
0.625000 31.500000 1.895008 0.983867 
0.625000 32.399998 1.895008 0.983867 
0.625000 33.299999 1.895008 0.983867 
0.625000 34.200001 1.895008 0.983867 
0.625000 35.099998 1.895008 0.983867 
0.625000 36.000000 1.895008 0.983867 
0.625000 36.899998 1.895008 0.983867 
0.625000 37.799999 1.895008 0.983867 
0.625000 38.700001 1.895008 0.983867 
0.625000 39.599998 1.895008 0.983867 
0.625000 40.500000 1.895008 0.983867 
0.625000 41.399998 1.895008 0.983867 
0.625000 42.299999 1.895008 0.983867 
0.625000 43.199997 1.895008 0.983867 
0.625000 44.099998 1.895008 0.983867 
0.625000 45.000000 1.895008 0.983867 
0.625000 45.899998 1.895008 0.983867 
0.625000 46.799999 1.895008 0.983867 
0.625000 47.699997 1.895008 0.983867 
0.625000 48.599998 1.895008 0.983867 
0.625000 49.500000 1.895008 0.983867 
0.625000 50.399998 1.895008 0.983867 
0.625000 51.299999 1.895008 0.983867 
0.625000 52.199997 1.895008 0.983867 
0.625000 53.099998 1.895008 0.983867 
0.625000 54.000000 1.895008 0.983867 
0.625000 54.899998 1.895008 0.983867 
0.625000 55.799999 1.895008 0.983867 
0.625000 56.699997 1.895008 0.983867 
0.625000 57.599998 1.895008 0.983867 
0.625000 58.500000 1.895008 0.983867 
0.625000 59.399998 1.895008 0.983867 
0.625000 60.299999 1.895008 0.983867 
0.625000 61.199997 1.895008 0.983867 
0.625000 62.099998 1.895008 0.983867 
0.625000 63.000000 1.895008 0.983867 
0.625000 63.899998 1.895008 0.983867 
0.625000 64.799995 1.895008 0.983867 
0.625000 65.699997 1.895008 0.983867 
0.625000 66.599998 1.895008 0.983867 
0.625000 67.500000 1.895008 0.983867 
0.625000 68.400002 1.895008 0.983867 
0.625000 69.299995 1.895008 0.983867 
0.625000 70.199997 1.895008 0.983867 
0.625000 71.099998 1.895008 0.983867 
0.625000 72.000000 1.895008 0.983867 
0.625000 72.900002 1.895008 0.983867 
0.625000 73.799995 1.895008 0.983867 
0.625000 74.699997 1.895008 0.983867 
0.625000 75.599998 1.895008 0.983867 
0.625000 76.500000 1.895008 0.983867 
0.625000 77.400002 1.895008 0.983867 
0.625000 78.299995 1.895008 0.983867 
0.625000 79.199997 1.895008 0.983867 
0.625000 80.099998 1.895008 0.983867 
0.625000 81.000000 1.895008 0.983867 
0.625000 81.900002 1.895008 0.983867 
0.625000 82.799995 1.895008 0.983867 
0.625000 83.699997 1.895008 0.983867 
0.625000 84.599998 1.895008 0.983867 
0.625000 85.500000 1.895008 0.983867 
0.625000 86.399994 1.895008 0.983867 
0.625000 87.299995 1.895008 0.983867 
0.625000 88.199997 1.895008 0.983867 
0.625000 89.099998 1.895008 0.983867 
0.625000 90.000000 1.895008 0.983867 
0.625000 90.899994 1.895008 0.983867 
0.625000 91.799995 1.895008 0.983867 
0.625000 92.699997 1.895008 0.983867 
0.625000 93.599998 1.895008 0.983867 
0.625000 94.500000 1.895008 0.983867 
0.625000 95.399994 1.895008 0.983867 
0.625000 96.299995 1.895008 0.983867 
0.625000 97.199997 1.895008 0.983867 
0.625000 98.099998 1.895008 0.983867 
0.625000 99.000000 1.895008 0.983867 
0.625000 99.899994 1.895008 0.983867 
0.625000 100.799995 1.895008 0.983867 
0.625000 101.699997 1.895008 0.983867 
0.625000 102.599998 1.895008 0.983867 
0.625000 103.500000 1.895008 0.983867 
0.625000 104.399994 1.895008 0.983867 
0.625000 105.299995 1.895008 0.983867 
0.625000 106.199997 1.895008 0.983867 
0.625000 107.099998 1.895008 0.983867 
0.625000 108.000000 1.895008 0.983867 
0.625000 108.899994 1.895008 0.983867 
0.625000 109.799995 1.895008 0.983867 
0.625000 110.699997 1.895008 0.983867 
0.625000 111.599998 1.895008 0.983867 
0.625000 112.500000 1.895008 0.983867 
0.625000 113.399994 1.895008 0.983867 
0.625000 114.299995 1.895008 0.983867 
0.625000 115.199997 1.895008 0.983867 
0.625000 116.099998 1.895008 0.983867 
0.625000 117.000000 1.895008 0.983867 
0.625000 117.899994 1.895008 0.983867 
0.625000 118.799995 1.895008 0.983867 
0.625000 119.699997 1.895008 0.983867 
0.625000 120.599998 1.895008 0.983867 
0.625000 121.500000 1.895008 0.983867 
0.625000 122.399994 1.895008 0.983867 
0.625000 123.299995 1.895008 0.983867 
0.625000 124.199997 1.895008 0.983867 
0.625000 125.099998 1.895008 0.983867 
0.625000 126.000000 1.895008 0.983867 
0.625000 126.899994 1.895008 0.983867 
0.625000 127.799995 1.895008 0.983867 
0.625000 128.699997 1.895008 0.983867 
0.625000 129.599991 1.895008 0.983867 
0.625000 130.500000 1.895008 0.983867 
0.625000 131.399994 1.895008 0.983867 
0.625000 132.300003 1.895008 0.983867 
0.625000 133.199997 1.895008 0.983867 
0.625000 134.099991 1.895008 0.983867 
0.625000 135.000000 1.895008 0.983867 
0.625000 135.899994 1.895008 0.983867 
0.625000 136.800003 1.895008 0.983867 
0.625000 137.699997 1.895008 0.983867 
0.625000 138.599991 1.895008 0.983867 
0.625000 139.500000 1.895008 0.983867 
0.625000 140.399994 1.895008 0.983867 
0.625000 141.300003 1.895008 0.983867 
0.625000 142.199997 1.895008 0.983867 
0.625000 143.099991 1.895008 0.983867 
0.625000 144.000000 1.895008 0.983867 
0.625000 144.899994 1.895008 0.983867 
0.625000 145.800003 1.895008 0.983867 
0.625000 146.699997 1.895008 0.983867 
0.625000 147.599991 1.895008 0.983867 
0.625000 148.500000 1.895008 0.983867 
0.625000 149.399994 1.895008 0.983867 
0.625000 150.300003 1.895008 0.983867 
0.625000 151.199997 1.895008 0.983867 
0.625000 152.099991 1.895008 0.983867 
0.625000 153.000000 1.895008 0.983867 
0.625000 153.899994 1.895008 0.983867 
0.625000 154.800003 1.895008 0.983867 
0.625000 155.699997 1.895008 0.983867 
0.625000 156.599991 1.895008 0.983867 
0.625000 157.500000 1.895008 0.983867 
0.625000 158.399994 1.895008 0.983867 
0.625000 159.300003 1.895008 0.983867 
0.625000 160.199997 1.895008 0.983867 
0.625000 161.099991 1.895008 0.983867 
0.625000 162.000000 1.895008 0.983867 
0.625000 162.899994 1.895008 0.983867 
0.625000 163.800003 1.895008 0.983867 
0.625000 164.699997 1.895008 0.983867 
0.625000 165.599991 1.895008 0.983867 
0.625000 166.500000 1.895008 0.983867 
0.625000 167.399994 1.895008 0.983867 
0.625000 168.300003 1.895008 0.983867 
0.625000 169.199997 1.895008 0.983867 
0.625000 170.099991 1.895008 0.983867 
0.625000 171.000000 1.895008 0.983867 
0.625000 171.899994 1.895008 0.983867 
0.625000 172.799988 1.895008 0.983867 
0.625000 173.699997 1.895008 0.983867 
0.625000 174.599991 1.895008 0.983867 
0.625000 175.500000 1.895008 0.983867 
0.625000 176.399994 1.895008 0.983867 
0.625000 177.299988 1.895008 0.983867 
0.625000 178.199997 1.895008 0.983867 
0.625000 179.099991 1.895008 0.983867 
0.625000 180.000000 1.895008 0.983867 
0.625000 180.899994 1.895008 0.983867 
0.625000 181.799988 1.895008 0.983867 
0.625000 182.699997 1.895008 0.983867 
0.625000 183.599991 1.895008 0.983867 
0.625000 184.500000 1.895008 0.983867 
0.625000 185.399994 1.895008 0.983867 
0.625000 186.299988 1.895008 0.983867 
0.625000 187.199997 1.895008 0.983867 
0.625000 188.099991 1.895008 0.983867 
0.625000 189.000000 1.895008 0.983867 
0.625000 189.899994 1.895008 0.983867 
0.625000 190.799988 1.895008 0.983867 
0.625000 191.699997 1.895008 0.983867 
0.625000 192.599991 1.895008 0.983867 
0.625000 193.500000 1.895008 0.983867 
0.625000 194.399994 1.895008 0.983867 
0.625000 195.299988 1.895008 0.983867 
0.625000 196.199997 1.895008 0.983867 
0.625000 197.099991 1.895008 0.983867 
0.625000 198.000000 1.895008 0.983867 
0.625000 198.899994 1.895008 0.983867 
0.625000 199.799988 1.895008 0.983867 
0.625000 200.699997 1.895008 0.983867 
0.625000 201.599991 1.895008 0.983867 
0.625000 202.500000 1.895008 0.983867 
0.625000 203.399994 1.895008 0.983867 
0.625000 204.299988 1.895008 0.983867 
0.625000 205.199997 1.895008 0.983867 
0.625000 206.099991 1.895008 0.983867 
0.625000 207.000000 1.895008 0.983867 
0.625000 207.899994 1.895008 0.983867 
0.625000 208.799988 1.895008 0.983867 
0.625000 209.699997 1.895008 0.983867 
0.625000 210.599991 1.895008 0.983867 
0.625000 211.500000 1.895008 0.983867 
0.625000 212.399994 1.895008 0.983867 
0.625000 213.299988 1.895008 0.983867 
0.625000 214.199997 1.895008 0.983867 
0.625000 215.099991 1.895008 0.983867 
0.625000 216.000000 1.895008 0.983867 
0.625000 216.899994 1.895008 0.983867 
0.625000 217.799988 1.895008 0.983867 
0.625000 218.699997 1.895008 0.983867 
0.625000 219.599991 1.895008 0.983867 
0.625000 220.500000 1.895008 0.983867 
0.625000 221.399994 1.895008 0.983867 
0.625000 222.299988 1.895008 0.983867 
0.625000 223.199997 1.895008 0.983867 
0.625000 224.099991 1.895008 0.983867 
0.625000 225.000000 1.895008 0.983867 
0.625000 225.899994 1.895009 0.983867 
0.625000 226.799988 1.895008 0.983867 
0.625000 227.699997 1.895008 0.983868 
0.625000 228.599991 1.895002 0.983868 
0.625000 229.500000 1.894976 0.983868 
