0.071000 0.000000 1.511101 1.800575 
0.071000 0.900000 1.511096 1.800575 
0.071000 1.800000 1.511098 1.800576 
0.071000 2.700000 1.511098 1.800577 
0.071000 3.600000 1.511099 1.800578 
0.071000 4.500000 1.511099 1.800578 
0.071000 5.400000 1.511099 1.800578 
0.071000 6.300000 1.511099 1.800579 
0.071000 7.200000 1.511099 1.800579 
0.071000 8.099999 1.511099 1.800579 
0.071000 9.000000 1.511099 1.800579 
0.071000 9.900000 1.511099 1.800579 
0.071000 10.799999 1.511099 1.800579 
0.071000 11.700000 1.511099 1.800579 
0.071000 12.599999 1.511099 1.800579 
0.071000 13.500000 1.511099 1.800579 
0.071000 14.400000 1.511099 1.800579 
0.071000 15.299999 1.511099 1.800579 
0.071000 16.199999 1.511099 1.800579 
0.071000 17.100000 1.511099 1.800579 
0.071000 18.000000 1.511099 1.800579 
0.071000 18.900000 1.511099 1.800579 
0.071000 19.799999 1.511099 1.800579 
0.071000 20.699999 1.511099 1.800579 
0.071000 21.599998 1.511099 1.800579 
0.071000 22.500000 1.511099 1.800579 
0.071000 23.400000 1.511099 1.800579 
0.071000 24.299999 1.511099 1.800579 
0.071000 25.199999 1.511099 1.800579 
0.071000 26.099998 1.511099 1.800579 
0.071000 27.000000 1.511099 1.800579 
0.071000 27.900000 1.511099 1.800579 
0.071000 28.799999 1.511099 1.800579 
0.071000 29.699999 1.511099 1.800579 
0.071000 30.599998 1.511099 1.800579 
0.071000 31.500000 1.511099 1.800579 
0.071000 32.399998 1.511099 1.800579 
0.071000 33.299999 1.511099 1.800579 
0.071000 34.200001 1.511099 1.800579 
0.071000 35.099998 1.511099 1.800579 
0.071000 36.000000 1.511099 1.800579 
0.071000 36.899998 1.511099 1.800579 
0.071000 37.799999 1.511099 1.800579 
0.071000 38.700001 1.511099 1.800579 
0.071000 39.599998 1.511099 1.800579 
0.071000 40.500000 1.511099 1.800579 
0.071000 41.399998 1.511099 1.800579 
0.071000 42.299999 1.511099 1.800579 
0.071000 43.199997 1.511099 1.800579 
0.071000 44.099998 1.511099 1.800579 
0.071000 45.000000 1.511099 1.800579 
0.071000 45.899998 1.511099 1.800579 
0.071000 46.799999 1.511099 1.800579 
0.071000 47.699997 1.511099 1.800579 
0.071000 48.599998 1.511099 1.800579 
0.071000 49.500000 1.511099 1.800579 
0.071000 50.399998 1.511099 1.800579 
0.071000 51.299999 1.511099 1.800579 
0.071000 52.199997 1.511099 1.800579 
0.071000 53.099998 1.511099 1.800579 
0.071000 54.000000 1.511099 1.800579 
0.071000 54.899998 1.511099 1.800579 
0.071000 55.799999 1.511099 1.800579 
0.071000 56.699997 1.511099 1.800579 
0.071000 57.599998 1.511099 1.800579 
0.071000 58.500000 1.511099 1.800579 
0.071000 59.399998 1.511099 1.800579 
0.071000 60.299999 1.511099 1.800579 
0.071000 61.199997 1.511099 1.800579 
0.071000 62.099998 1.511099 1.800579 
0.071000 63.000000 1.511099 1.800579 
0.071000 63.899998 1.511099 1.800579 
0.071000 64.799995 1.511099 1.800579 
0.071000 65.699997 1.511099 1.800579 
0.071000 66.599998 1.511099 1.800579 
0.071000 67.500000 1.511099 1.800579 
0.071000 68.400002 1.511099 1.800579 
0.071000 69.299995 1.511099 1.800579 
0.071000 70.199997 1.511099 1.800579 
0.071000 71.099998 1.511099 1.800579 
0.071000 72.000000 1.511099 1.800579 
0.071000 72.900002 1.511099 1.800579 
0.071000 73.799995 1.511099 1.800579 
0.071000 74.699997 1.511099 1.800579 
0.071000 75.599998 1.511099 1.800579 
0.071000 76.500000 1.511099 1.800579 
0.071000 77.400002 1.511099 1.800579 
0.071000 78.299995 1.511099 1.800579 
0.071000 79.199997 1.511099 1.800579 
0.071000 80.099998 1.511099 1.800579 
0.071000 81.000000 1.511099 1.800579 
0.071000 81.900002 1.511099 1.800579 
0.071000 82.799995 1.511099 1.800579 
0.071000 83.699997 1.511099 1.800579 
0.071000 84.599998 1.511099 1.800579 
0.071000 85.500000 1.511099 1.800579 
0.071000 86.399994 1.511099 1.800579 
0.071000 87.299995 1.511099 1.800579 
0.071000 88.199997 1.511099 1.800579 
0.071000 89.099998 1.511099 1.800579 
0.071000 90.000000 1.511099 1.800579 
0.071000 90.899994 1.511099 1.800579 
0.071000 91.799995 1.511099 1.800579 
0.071000 92.699997 1.511099 1.800579 
0.071000 93.599998 1.511099 1.800579 
0.071000 94.500000 1.511099 1.800579 
0.071000 95.399994 1.511099 1.800579 
0.071000 96.299995 1.511099 1.800579 
0.071000 97.199997 1.511099 1.800579 
0.071000 98.099998 1.511099 1.800579 
0.071000 99.000000 1.511099 1.800579 
0.071000 99.899994 1.511099 1.800579 
0.071000 100.799995 1.511099 1.800579 
0.071000 101.699997 1.511099 1.800579 
0.071000 102.599998 1.511099 1.800579 
0.071000 103.500000 1.511099 1.800579 
0.071000 104.399994 1.511099 1.800579 
0.071000 105.299995 1.511099 1.800579 
0.071000 106.199997 1.511099 1.800579 
0.071000 107.099998 1.511099 1.800579 
0.071000 108.000000 1.511099 1.800579 
0.071000 108.899994 1.511099 1.800579 
0.071000 109.799995 1.511099 1.800579 
0.071000 110.699997 1.511099 1.800579 
0.071000 111.599998 1.511099 1.800579 
0.071000 112.500000 1.511099 1.800579 
0.071000 113.399994 1.511099 1.800579 
0.071000 114.299995 1.511099 1.800579 
0.071000 115.199997 1.511099 1.800579 
0.071000 116.099998 1.511099 1.800579 
0.071000 117.000000 1.511099 1.800579 
0.071000 117.899994 1.511099 1.800579 
0.071000 118.799995 1.511099 1.800579 
0.071000 119.699997 1.511099 1.800579 
0.071000 120.599998 1.511099 1.800579 
0.071000 121.500000 1.511099 1.800579 
0.071000 122.399994 1.511099 1.800579 
0.071000 123.299995 1.511099 1.800579 
0.071000 124.199997 1.511099 1.800579 
0.071000 125.099998 1.511099 1.800579 
0.071000 126.000000 1.511099 1.800579 
0.071000 126.899994 1.511099 1.800579 
0.071000 127.799995 1.511099 1.800579 
0.071000 128.699997 1.511099 1.800579 
0.071000 129.599991 1.511099 1.800579 
0.071000 130.500000 1.511099 1.800579 
0.071000 131.399994 1.511099 1.800579 
0.071000 132.300003 1.511099 1.800579 
0.071000 133.199997 1.511099 1.800579 
0.071000 134.099991 1.511099 1.800579 
0.071000 135.000000 1.511099 1.800579 
0.071000 135.899994 1.511099 1.800579 
0.071000 136.800003 1.511099 1.800579 
0.071000 137.699997 1.511099 1.800579 
0.071000 138.599991 1.511099 1.800579 
0.071000 139.500000 1.511099 1.800579 
0.071000 140.399994 1.511099 1.800579 
0.071000 141.300003 1.511099 1.800579 
0.071000 142.199997 1.511099 1.800579 
0.071000 143.099991 1.511099 1.800579 
0.071000 144.000000 1.511099 1.800579 
0.071000 144.899994 1.511099 1.800579 
0.071000 145.800003 1.511099 1.800579 
0.071000 146.699997 1.511099 1.800579 
0.071000 147.599991 1.511099 1.800579 
0.071000 148.500000 1.511099 1.800579 
0.071000 149.399994 1.511099 1.800579 
0.071000 150.300003 1.511099 1.800579 
0.071000 151.199997 1.511099 1.800579 
0.071000 152.099991 1.511099 1.800579 
0.071000 153.000000 1.511099 1.800579 
0.071000 153.899994 1.511099 1.800579 
0.071000 154.800003 1.511099 1.800579 
0.071000 155.699997 1.511099 1.800579 
0.071000 156.599991 1.511099 1.800579 
0.071000 157.500000 1.511099 1.800579 
0.071000 158.399994 1.511099 1.800579 
0.071000 159.300003 1.511099 1.800579 
0.071000 160.199997 1.511099 1.800579 
0.071000 161.099991 1.511099 1.800579 
0.071000 162.000000 1.511099 1.800579 
0.071000 162.899994 1.511099 1.800579 
0.071000 163.800003 1.511099 1.800579 
0.071000 164.699997 1.511099 1.800579 
0.071000 165.599991 1.511099 1.800579 
0.071000 166.500000 1.511099 1.800579 
0.071000 167.399994 1.511099 1.800579 
0.071000 168.300003 1.511099 1.800579 
0.071000 169.199997 1.511099 1.800579 
0.071000 170.099991 1.511099 1.800579 
0.071000 171.000000 1.511099 1.800579 
0.071000 171.899994 1.511099 1.800579 
0.071000 172.799988 1.511099 1.800579 
0.071000 173.699997 1.511099 1.800579 
0.071000 174.599991 1.511099 1.800579 
0.071000 175.500000 1.511099 1.800579 
0.071000 176.399994 1.511099 1.800579 
0.071000 177.299988 1.511099 1.800579 
0.071000 178.199997 1.511099 1.800579 
0.071000 179.099991 1.511099 1.800579 
0.071000 180.000000 1.511099 1.800579 
0.071000 180.899994 1.511099 1.800579 
0.071000 181.799988 1.511099 1.800579 
0.071000 182.699997 1.511099 1.800579 
0.071000 183.599991 1.511099 1.800579 
0.071000 184.500000 1.511099 1.800579 
0.071000 185.399994 1.511099 1.800579 
0.071000 186.299988 1.511099 1.800579 
0.071000 187.199997 1.511099 1.800579 
0.071000 188.099991 1.511099 1.800579 
0.071000 189.000000 1.511099 1.800579 
0.071000 189.899994 1.511099 1.800579 
0.071000 190.799988 1.511099 1.800579 
0.071000 191.699997 1.511099 1.800579 
0.071000 192.599991 1.511099 1.800579 
0.071000 193.500000 1.511099 1.800579 
0.071000 194.399994 1.511099 1.800579 
0.071000 195.299988 1.511099 1.800579 
0.071000 196.199997 1.511099 1.800579 
0.071000 197.099991 1.511099 1.800579 
0.071000 198.000000 1.511099 1.800579 
0.071000 198.899994 1.511099 1.800579 
0.071000 199.799988 1.511099 1.800579 
0.071000 200.699997 1.511099 1.800579 
0.071000 201.599991 1.511099 1.800579 
0.071000 202.500000 1.511099 1.800579 
0.071000 203.399994 1.511099 1.800579 
0.071000 204.299988 1.511099 1.800579 
0.071000 205.199997 1.511099 1.800579 
0.071000 206.099991 1.511099 1.800579 
0.071000 207.000000 1.511099 1.800579 
0.071000 207.899994 1.511099 1.800579 
0.071000 208.799988 1.511099 1.800579 
0.071000 209.699997 1.511099 1.800579 
0.071000 210.599991 1.511099 1.800579 
0.071000 211.500000 1.511099 1.800579 
0.071000 212.399994 1.511099 1.800579 
0.071000 213.299988 1.511099 1.800579 
0.071000 214.199997 1.511099 1.800579 
0.071000 215.099991 1.511099 1.800579 
0.071000 216.000000 1.511099 1.800579 
0.071000 216.899994 1.511099 1.800579 
0.071000 217.799988 1.511099 1.800579 
0.071000 218.699997 1.511099 1.800579 
0.071000 219.599991 1.511099 1.800579 
0.071000 220.500000 1.511099 1.800579 
0.071000 221.399994 1.511099 1.800579 
0.071000 222.299988 1.511099 1.800579 
0.071000 223.199997 1.511099 1.800579 
0.071000 224.099991 1.511099 1.800579 
0.071000 225.000000 1.511099 1.800579 
0.071000 225.899994 1.511099 1.800579 
0.071000 226.799988 1.511099 1.800579 
0.071000 227.699997 1.511099 1.800579 
0.071000 228.599991 1.511099 1.800579 
0.071000 229.500000 1.511096 1.800579 
