0.837000 0.000000 1.803462 0.893913 
0.837000 0.900000 1.803414 0.893913 
0.837000 1.800000 1.803434 0.893913 
0.837000 2.700000 1.803442 0.893913 
0.837000 3.600000 1.803449 0.893913 
0.837000 4.500000 1.803452 0.893913 
0.837000 5.400000 1.803454 0.893913 
0.837000 6.300000 1.803456 0.893913 
0.837000 7.200000 1.803457 0.893913 
0.837000 8.099999 1.803458 0.893913 
0.837000 9.000000 1.803458 0.893913 
0.837000 9.900000 1.803458 0.893913 
0.837000 10.799999 1.803458 0.893913 
0.837000 11.700000 1.803458 0.893913 
0.837000 12.599999 1.803458 0.893913 
0.837000 13.500000 1.803458 0.893912 
0.837000 14.400000 1.803458 0.893912 
0.837000 15.299999 1.803458 0.893912 
0.837000 16.199999 1.803458 0.893912 
0.837000 17.100000 1.803458 0.893912 
0.837000 18.000000 1.803458 0.893912 
0.837000 18.900000 1.803458 0.893912 
0.837000 19.799999 1.803458 0.893912 
0.837000 20.699999 1.803458 0.893912 
0.837000 21.599998 1.803458 0.893912 
0.837000 22.500000 1.803458 0.893912 
0.837000 23.400000 1.803458 0.893912 
0.837000 24.299999 1.803458 0.893912 
0.837000 25.199999 1.803458 0.893912 
0.837000 26.099998 1.803458 0.893912 
0.837000 27.000000 1.803458 0.893912 
0.837000 27.900000 1.803458 0.893912 
0.837000 28.799999 1.803458 0.893912 
0.837000 29.699999 1.803458 0.893912 
0.837000 30.599998 1.803458 0.893912 
0.837000 31.500000 1.803458 0.893912 
0.837000 32.399998 1.803458 0.893912 
0.837000 33.299999 1.803458 0.893912 
0.837000 34.200001 1.803458 0.893912 
0.837000 35.099998 1.803458 0.893912 
0.837000 36.000000 1.803458 0.893912 
0.837000 36.899998 1.803458 0.893912 
0.837000 37.799999 1.803458 0.893912 
0.837000 38.700001 1.803458 0.893912 
0.837000 39.599998 1.803458 0.893912 
0.837000 40.500000 1.803458 0.893912 
0.837000 41.399998 1.803458 0.893912 
0.837000 42.299999 1.803458 0.893912 
0.837000 43.199997 1.803458 0.893912 
0.837000 44.099998 1.803458 0.893912 
0.837000 45.000000 1.803458 0.893912 
0.837000 45.899998 1.803458 0.893912 
0.837000 46.799999 1.803458 0.893912 
0.837000 47.699997 1.803458 0.893912 
0.837000 48.599998 1.803458 0.893912 
0.837000 49.500000 1.803458 0.893912 
0.837000 50.399998 1.803458 0.893912 
0.837000 51.299999 1.803458 0.893912 
0.837000 52.199997 1.803458 0.893912 
0.837000 53.099998 1.803458 0.893912 
0.837000 54.000000 1.803458 0.893912 
0.837000 54.899998 1.803458 0.893912 
0.837000 55.799999 1.803458 0.893912 
0.837000 56.699997 1.803458 0.893912 
0.837000 57.599998 1.803458 0.893912 
0.837000 58.500000 1.803458 0.893912 
0.837000 59.399998 1.803458 0.893912 
0.837000 60.299999 1.803458 0.893912 
0.837000 61.199997 1.803458 0.893912 
0.837000 62.099998 1.803458 0.893912 
0.837000 63.000000 1.803458 0.893912 
0.837000 63.899998 1.803458 0.893912 
0.837000 64.799995 1.803458 0.893912 
0.837000 65.699997 1.803458 0.893912 
0.837000 66.599998 1.803458 0.893912 
0.837000 67.500000 1.803458 0.893912 
0.837000 68.400002 1.803458 0.893912 
0.837000 69.299995 1.803458 0.893912 
0.837000 70.199997 1.803458 0.893912 
0.837000 71.099998 1.803458 0.893912 
0.837000 72.000000 1.803458 0.893912 
0.837000 72.900002 1.803458 0.893912 
0.837000 73.799995 1.803458 0.893912 
0.837000 74.699997 1.803458 0.893912 
0.837000 75.599998 1.803458 0.893912 
0.837000 76.500000 1.803458 0.893912 
0.837000 77.400002 1.803458 0.893912 
0.837000 78.299995 1.803458 0.893912 
0.837000 79.199997 1.803458 0.893912 
0.837000 80.099998 1.803458 0.893912 
0.837000 81.000000 1.803458 0.893912 
0.837000 81.900002 1.803458 0.893912 
0.837000 82.799995 1.803458 0.893912 
0.837000 83.699997 1.803458 0.893912 
0.837000 84.599998 1.803458 0.893912 
0.837000 85.500000 1.803458 0.893912 
0.837000 86.399994 1.803458 0.893912 
0.837000 87.299995 1.803458 0.893912 
0.837000 88.199997 1.803458 0.893912 
0.837000 89.099998 1.803458 0.893912 
0.837000 90.000000 1.803458 0.893912 
0.837000 90.899994 1.803458 0.893912 
0.837000 91.799995 1.803458 0.893912 
0.837000 92.699997 1.803458 0.893912 
0.837000 93.599998 1.803458 0.893912 
0.837000 94.500000 1.803458 0.893912 
0.837000 95.399994 1.803458 0.893912 
0.837000 96.299995 1.803458 0.893912 
0.837000 97.199997 1.803458 0.893912 
0.837000 98.099998 1.803458 0.893912 
0.837000 99.000000 1.803458 0.893912 
0.837000 99.899994 1.803458 0.893912 
0.837000 100.799995 1.803458 0.893912 
0.837000 101.699997 1.803458 0.893912 
0.837000 102.599998 1.803458 0.893912 
0.837000 103.500000 1.803458 0.893912 
0.837000 104.399994 1.803458 0.893912 
0.837000 105.299995 1.803458 0.893912 
0.837000 106.199997 1.803458 0.893912 
0.837000 107.099998 1.803458 0.893912 
0.837000 108.000000 1.803458 0.893912 
0.837000 108.899994 1.803458 0.893912 
0.837000 109.799995 1.803458 0.893912 
0.837000 110.699997 1.803458 0.893912 
0.837000 111.599998 1.803458 0.893912 
0.837000 112.500000 1.803458 0.893912 
0.837000 113.399994 1.803458 0.893912 
0.837000 114.299995 1.803458 0.893912 
0.837000 115.199997 1.803458 0.893912 
0.837000 116.099998 1.803458 0.893912 
0.837000 117.000000 1.803458 0.893912 
0.837000 117.899994 1.803458 0.893912 
0.837000 118.799995 1.803458 0.893912 
0.837000 119.699997 1.803458 0.893912 
0.837000 120.599998 1.803458 0.893912 
0.837000 121.500000 1.803458 0.893912 
0.837000 122.399994 1.803458 0.893912 
0.837000 123.299995 1.803458 0.893912 
0.837000 124.199997 1.803458 0.893912 
0.837000 125.099998 1.803458 0.893912 
0.837000 126.000000 1.803458 0.893912 
0.837000 126.899994 1.803458 0.893912 
0.837000 127.799995 1.803458 0.893912 
0.837000 128.699997 1.803458 0.893912 
0.837000 129.599991 1.803458 0.893912 
0.837000 130.500000 1.803458 0.893912 
0.837000 131.399994 1.803458 0.893912 
0.837000 132.300003 1.803458 0.893912 
0.837000 133.199997 1.803458 0.893912 
0.837000 134.099991 1.803458 0.893912 
0.837000 135.000000 1.803458 0.893912 
0.837000 135.899994 1.803458 0.893912 
0.837000 136.800003 1.803458 0.893912 
0.837000 137.699997 1.803458 0.893912 
0.837000 138.599991 1.803458 0.893912 
0.837000 139.500000 1.803458 0.893912 
0.837000 140.399994 1.803458 0.893912 
0.837000 141.300003 1.803458 0.893912 
0.837000 142.199997 1.803458 0.893912 
0.837000 143.099991 1.803458 0.893912 
0.837000 144.000000 1.803458 0.893912 
0.837000 144.899994 1.803458 0.893912 
0.837000 145.800003 1.803458 0.893912 
0.837000 146.699997 1.803458 0.893912 
0.837000 147.599991 1.803458 0.893912 
0.837000 148.500000 1.803458 0.893912 
0.837000 149.399994 1.803458 0.893912 
0.837000 150.300003 1.803458 0.893912 
0.837000 151.199997 1.803458 0.893912 
0.837000 152.099991 1.803458 0.893912 
0.837000 153.000000 1.803458 0.893912 
0.837000 153.899994 1.803458 0.893912 
0.837000 154.800003 1.803458 0.893912 
0.837000 155.699997 1.803458 0.893912 
0.837000 156.599991 1.803458 0.893912 
0.837000 157.500000 1.803458 0.893912 
0.837000 158.399994 1.803458 0.893912 
0.837000 159.300003 1.803458 0.893912 
0.837000 160.199997 1.803458 0.893912 
0.837000 161.099991 1.803458 0.893912 
0.837000 162.000000 1.803458 0.893912 
0.837000 162.899994 1.803458 0.893912 
0.837000 163.800003 1.803458 0.893912 
0.837000 164.699997 1.803458 0.893912 
0.837000 165.599991 1.803458 0.893912 
0.837000 166.500000 1.803458 0.893912 
0.837000 167.399994 1.803458 0.893912 
0.837000 168.300003 1.803458 0.893912 
0.837000 169.199997 1.803458 0.893912 
0.837000 170.099991 1.803458 0.893912 
0.837000 171.000000 1.803458 0.893912 
0.837000 171.899994 1.803458 0.893912 
0.837000 172.799988 1.803458 0.893912 
0.837000 173.699997 1.803458 0.893912 
0.837000 174.599991 1.803458 0.893912 
0.837000 175.500000 1.803458 0.893912 
0.837000 176.399994 1.803458 0.893912 
0.837000 177.299988 1.803458 0.893912 
0.837000 178.199997 1.803458 0.893912 
0.837000 179.099991 1.803458 0.893912 
0.837000 180.000000 1.803458 0.893912 
0.837000 180.899994 1.803458 0.893912 
0.837000 181.799988 1.803458 0.893912 
0.837000 182.699997 1.803458 0.893912 
0.837000 183.599991 1.803458 0.893912 
0.837000 184.500000 1.803458 0.893912 
0.837000 185.399994 1.803458 0.893912 
0.837000 186.299988 1.803458 0.893912 
0.837000 187.199997 1.803458 0.893912 
0.837000 188.099991 1.803458 0.893912 
0.837000 189.000000 1.803458 0.893912 
0.837000 189.899994 1.803458 0.893912 
0.837000 190.799988 1.803458 0.893912 
0.837000 191.699997 1.803458 0.893912 
0.837000 192.599991 1.803458 0.893912 
0.837000 193.500000 1.803458 0.893912 
0.837000 194.399994 1.803458 0.893912 
0.837000 195.299988 1.803458 0.893912 
0.837000 196.199997 1.803458 0.893912 
0.837000 197.099991 1.803458 0.893912 
0.837000 198.000000 1.803458 0.893912 
0.837000 198.899994 1.803458 0.893912 
0.837000 199.799988 1.803458 0.893912 
0.837000 200.699997 1.803458 0.893912 
0.837000 201.599991 1.803458 0.893912 
0.837000 202.500000 1.803458 0.893912 
0.837000 203.399994 1.803458 0.893912 
0.837000 204.299988 1.803458 0.893912 
0.837000 205.199997 1.803458 0.893912 
0.837000 206.099991 1.803458 0.893912 
0.837000 207.000000 1.803458 0.893912 
0.837000 207.899994 1.803458 0.893912 
0.837000 208.799988 1.803458 0.893912 
0.837000 209.699997 1.803458 0.893912 
0.837000 210.599991 1.803458 0.893912 
0.837000 211.500000 1.803458 0.893912 
0.837000 212.399994 1.803458 0.893912 
0.837000 213.299988 1.803458 0.893912 
0.837000 214.199997 1.803458 0.893912 
0.837000 215.099991 1.803458 0.893912 
0.837000 216.000000 1.803458 0.893912 
0.837000 216.899994 1.803458 0.893912 
0.837000 217.799988 1.803458 0.893912 
0.837000 218.699997 1.803458 0.893912 
0.837000 219.599991 1.803458 0.893912 
0.837000 220.500000 1.803458 0.893912 
0.837000 221.399994 1.803458 0.893913 
0.837000 222.299988 1.803458 0.893913 
0.837000 223.199997 1.803458 0.893913 
0.837000 224.099991 1.803458 0.893913 
0.837000 225.000000 1.803459 0.893913 
0.837000 225.899994 1.803459 0.893913 
0.837000 226.799988 1.803459 0.893913 
0.837000 227.699997 1.803457 0.893913 
0.837000 228.599991 1.803448 0.893914 
0.837000 229.500000 1.803417 0.893914 
