0.746000 0.000000 1.852797 0.920023 
0.746000 0.900000 1.852748 0.920023 
0.746000 1.800000 1.852769 0.920023 
0.746000 2.700000 1.852776 0.920023 
0.746000 3.600000 1.852782 0.920023 
0.746000 4.500000 1.852784 0.920023 
0.746000 5.400000 1.852786 0.920023 
0.746000 6.300000 1.852788 0.920023 
0.746000 7.200000 1.852789 0.920023 
0.746000 8.099999 1.852790 0.920023 
0.746000 9.000000 1.852790 0.920022 
0.746000 9.900000 1.852790 0.920022 
0.746000 10.799999 1.852790 0.920022 
0.746000 11.700000 1.852790 0.920022 
0.746000 12.599999 1.852790 0.920022 
0.746000 13.500000 1.852790 0.920022 
0.746000 14.400000 1.852790 0.920022 
0.746000 15.299999 1.852790 0.920022 
0.746000 16.199999 1.852790 0.920022 
0.746000 17.100000 1.852790 0.920022 
0.746000 18.000000 1.852790 0.920022 
0.746000 18.900000 1.852790 0.920022 
0.746000 19.799999 1.852790 0.920022 
0.746000 20.699999 1.852790 0.920022 
0.746000 21.599998 1.852790 0.920022 
0.746000 22.500000 1.852790 0.920022 
0.746000 23.400000 1.852790 0.920022 
0.746000 24.299999 1.852790 0.920022 
0.746000 25.199999 1.852790 0.920022 
0.746000 26.099998 1.852790 0.920022 
0.746000 27.000000 1.852790 0.920022 
0.746000 27.900000 1.852790 0.920022 
0.746000 28.799999 1.852790 0.920022 
0.746000 29.699999 1.852790 0.920022 
0.746000 30.599998 1.852790 0.920022 
0.746000 31.500000 1.852790 0.920022 
0.746000 32.399998 1.852790 0.920022 
0.746000 33.299999 1.852790 0.920022 
0.746000 34.200001 1.852790 0.920022 
0.746000 35.099998 1.852790 0.920022 
0.746000 36.000000 1.852790 0.920022 
0.746000 36.899998 1.852790 0.920022 
0.746000 37.799999 1.852790 0.920022 
0.746000 38.700001 1.852790 0.920022 
0.746000 39.599998 1.852790 0.920022 
0.746000 40.500000 1.852790 0.920022 
0.746000 41.399998 1.852790 0.920022 
0.746000 42.299999 1.852790 0.920022 
0.746000 43.199997 1.852790 0.920022 
0.746000 44.099998 1.852790 0.920022 
0.746000 45.000000 1.852790 0.920022 
0.746000 45.899998 1.852790 0.920022 
0.746000 46.799999 1.852790 0.920022 
0.746000 47.699997 1.852790 0.920022 
0.746000 48.599998 1.852790 0.920022 
0.746000 49.500000 1.852790 0.920022 
0.746000 50.399998 1.852790 0.920022 
0.746000 51.299999 1.852790 0.920022 
0.746000 52.199997 1.852790 0.920022 
0.746000 53.099998 1.852790 0.920022 
0.746000 54.000000 1.852790 0.920022 
0.746000 54.899998 1.852790 0.920022 
0.746000 55.799999 1.852790 0.920022 
0.746000 56.699997 1.852790 0.920022 
0.746000 57.599998 1.852790 0.920022 
0.746000 58.500000 1.852790 0.920022 
0.746000 59.399998 1.852790 0.920022 
0.746000 60.299999 1.852790 0.920022 
0.746000 61.199997 1.852790 0.920022 
0.746000 62.099998 1.852790 0.920022 
0.746000 63.000000 1.852790 0.920022 
0.746000 63.899998 1.852790 0.920022 
0.746000 64.799995 1.852790 0.920022 
0.746000 65.699997 1.852790 0.920022 
0.746000 66.599998 1.852790 0.920022 
0.746000 67.500000 1.852790 0.920022 
0.746000 68.400002 1.852790 0.920022 
0.746000 69.299995 1.852790 0.920022 
0.746000 70.199997 1.852790 0.920022 
0.746000 71.099998 1.852790 0.920022 
0.746000 72.000000 1.852790 0.920022 
0.746000 72.900002 1.852790 0.920022 
0.746000 73.799995 1.852790 0.920022 
0.746000 74.699997 1.852790 0.920022 
0.746000 75.599998 1.852790 0.920022 
0.746000 76.500000 1.852790 0.920022 
0.746000 77.400002 1.852790 0.920022 
0.746000 78.299995 1.852790 0.920022 
0.746000 79.199997 1.852790 0.920022 
0.746000 80.099998 1.852790 0.920022 
0.746000 81.000000 1.852790 0.920022 
0.746000 81.900002 1.852790 0.920022 
0.746000 82.799995 1.852790 0.920022 
0.746000 83.699997 1.852790 0.920022 
0.746000 84.599998 1.852790 0.920022 
0.746000 85.500000 1.852790 0.920022 
0.746000 86.399994 1.852790 0.920022 
0.746000 87.299995 1.852790 0.920022 
0.746000 88.199997 1.852790 0.920022 
0.746000 89.099998 1.852790 0.920022 
0.746000 90.000000 1.852790 0.920022 
0.746000 90.899994 1.852790 0.920022 
0.746000 91.799995 1.852790 0.920022 
0.746000 92.699997 1.852790 0.920022 
0.746000 93.599998 1.852790 0.920022 
0.746000 94.500000 1.852790 0.920022 
0.746000 95.399994 1.852790 0.920022 
0.746000 96.299995 1.852790 0.920022 
0.746000 97.199997 1.852790 0.920022 
0.746000 98.099998 1.852790 0.920022 
0.746000 99.000000 1.852790 0.920022 
0.746000 99.899994 1.852790 0.920022 
0.746000 100.799995 1.852790 0.920022 
0.746000 101.699997 1.852790 0.920022 
0.746000 102.599998 1.852790 0.920022 
0.746000 103.500000 1.852790 0.920022 
0.746000 104.399994 1.852790 0.920022 
0.746000 105.299995 1.852790 0.920022 
0.746000 106.199997 1.852790 0.920022 
0.746000 107.099998 1.852790 0.920022 
0.746000 108.000000 1.852790 0.920022 
0.746000 108.899994 1.852790 0.920022 
0.746000 109.799995 1.852790 0.920022 
0.746000 110.699997 1.852790 0.920022 
0.746000 111.599998 1.852790 0.920022 
0.746000 112.500000 1.852790 0.920022 
0.746000 113.399994 1.852790 0.920022 
0.746000 114.299995 1.852790 0.920022 
0.746000 115.199997 1.852790 0.920022 
0.746000 116.099998 1.852790 0.920022 
0.746000 117.000000 1.852790 0.920022 
0.746000 117.899994 1.852790 0.920022 
0.746000 118.799995 1.852790 0.920022 
0.746000 119.699997 1.852790 0.920022 
0.746000 120.599998 1.852790 0.920022 
0.746000 121.500000 1.852790 0.920022 
0.746000 122.399994 1.852790 0.920022 
0.746000 123.299995 1.852790 0.920022 
0.746000 124.199997 1.852790 0.920022 
0.746000 125.099998 1.852790 0.920022 
0.746000 126.000000 1.852790 0.920022 
0.746000 126.899994 1.852790 0.920022 
0.746000 127.799995 1.852790 0.920022 
0.746000 128.699997 1.852790 0.920022 
0.746000 129.599991 1.852790 0.920022 
0.746000 130.500000 1.852790 0.920022 
0.746000 131.399994 1.852790 0.920022 
0.746000 132.300003 1.852790 0.920022 
0.746000 133.199997 1.852790 0.920022 
0.746000 134.099991 1.852790 0.920022 
0.746000 135.000000 1.852790 0.920022 
0.746000 135.899994 1.852790 0.920022 
0.746000 136.800003 1.852790 0.920022 
0.746000 137.699997 1.852790 0.920022 
0.746000 138.599991 1.852790 0.920022 
0.746000 139.500000 1.852790 0.920022 
0.746000 140.399994 1.852790 0.920022 
0.746000 141.300003 1.852790 0.920022 
0.746000 142.199997 1.852790 0.920022 
0.746000 143.099991 1.852790 0.920022 
0.746000 144.000000 1.852790 0.920022 
0.746000 144.899994 1.852790 0.920022 
0.746000 145.800003 1.852790 0.920022 
0.746000 146.699997 1.852790 0.920022 
0.746000 147.599991 1.852790 0.920022 
0.746000 148.500000 1.852790 0.920022 
0.746000 149.399994 1.852790 0.920022 
0.746000 150.300003 1.852790 0.920022 
0.746000 151.199997 1.852790 0.920022 
0.746000 152.099991 1.852790 0.920022 
0.746000 153.000000 1.852790 0.920022 
0.746000 153.899994 1.852790 0.920022 
0.746000 154.800003 1.852790 0.920022 
0.746000 155.699997 1.852790 0.920022 
0.746000 156.599991 1.852790 0.920022 
0.746000 157.500000 1.852790 0.920022 
0.746000 158.399994 1.852790 0.920022 
0.746000 159.300003 1.852790 0.920022 
0.746000 160.199997 1.852790 0.920022 
0.746000 161.099991 1.852790 0.920022 
0.746000 162.000000 1.852790 0.920022 
0.746000 162.899994 1.852790 0.920022 
0.746000 163.800003 1.852790 0.920022 
0.746000 164.699997 1.852790 0.920022 
0.746000 165.599991 1.852790 0.920022 
0.746000 166.500000 1.852790 0.920022 
0.746000 167.399994 1.852790 0.920022 
0.746000 168.300003 1.852790 0.920022 
0.746000 169.199997 1.852790 0.920022 
0.746000 170.099991 1.852790 0.920022 
0.746000 171.000000 1.852790 0.920022 
0.746000 171.899994 1.852790 0.920022 
0.746000 172.799988 1.852790 0.920022 
0.746000 173.699997 1.852790 0.920022 
0.746000 174.599991 1.852790 0.920022 
0.746000 175.500000 1.852790 0.920022 
0.746000 176.399994 1.852790 0.920022 
0.746000 177.299988 1.852790 0.920022 
0.746000 178.199997 1.852790 0.920022 
0.746000 179.099991 1.852790 0.920022 
0.746000 180.000000 1.852790 0.920022 
0.746000 180.899994 1.852790 0.920022 
0.746000 181.799988 1.852790 0.920022 
0.746000 182.699997 1.852790 0.920022 
0.746000 183.599991 1.852790 0.920022 
0.746000 184.500000 1.852790 0.920022 
0.746000 185.399994 1.852790 0.920022 
0.746000 186.299988 1.852790 0.920022 
0.746000 187.199997 1.852790 0.920022 
0.746000 188.099991 1.852790 0.920022 
0.746000 189.000000 1.852790 0.920022 
0.746000 189.899994 1.852790 0.920022 
0.746000 190.799988 1.852790 0.920022 
0.746000 191.699997 1.852790 0.920022 
0.746000 192.599991 1.852790 0.920022 
0.746000 193.500000 1.852790 0.920022 
0.746000 194.399994 1.852790 0.920022 
0.746000 195.299988 1.852790 0.920022 
0.746000 196.199997 1.852790 0.920022 
0.746000 197.099991 1.852790 0.920022 
0.746000 198.000000 1.852790 0.920022 
0.746000 198.899994 1.852790 0.920022 
0.746000 199.799988 1.852790 0.920022 
0.746000 200.699997 1.852790 0.920022 
0.746000 201.599991 1.852790 0.920022 
0.746000 202.500000 1.852790 0.920022 
0.746000 203.399994 1.852790 0.920022 
0.746000 204.299988 1.852790 0.920022 
0.746000 205.199997 1.852790 0.920022 
0.746000 206.099991 1.852790 0.920022 
0.746000 207.000000 1.852790 0.920022 
0.746000 207.899994 1.852790 0.920022 
0.746000 208.799988 1.852790 0.920022 
0.746000 209.699997 1.852790 0.920022 
0.746000 210.599991 1.852790 0.920022 
0.746000 211.500000 1.852790 0.920022 
0.746000 212.399994 1.852790 0.920022 
0.746000 213.299988 1.852790 0.920022 
0.746000 214.199997 1.852790 0.920022 
0.746000 215.099991 1.852790 0.920022 
0.746000 216.000000 1.852790 0.920022 
0.746000 216.899994 1.852790 0.920022 
0.746000 217.799988 1.852790 0.920022 
0.746000 218.699997 1.852790 0.920022 
0.746000 219.599991 1.852790 0.920022 
0.746000 220.500000 1.852790 0.920022 
0.746000 221.399994 1.852790 0.920023 
0.746000 222.299988 1.852790 0.920023 
0.746000 223.199997 1.852790 0.920023 
0.746000 224.099991 1.852790 0.920023 
0.746000 225.000000 1.852790 0.920023 
0.746000 225.899994 1.852791 0.920023 
0.746000 226.799988 1.852791 0.920023 
0.746000 227.699997 1.852790 0.920024 
0.746000 228.599991 1.852782 0.920024 
0.746000 229.500000 1.852753 0.920024 
