0.848000 0.000000 1.796785 0.891788 
0.848000 0.900000 1.796737 0.891789 
0.848000 1.800000 1.796757 0.891788 
0.848000 2.700000 1.796766 0.891788 
0.848000 3.600000 1.796773 0.891788 
0.848000 4.500000 1.796776 0.891788 
0.848000 5.400000 1.796778 0.891788 
0.848000 6.300000 1.796780 0.891788 
0.848000 7.200000 1.796781 0.891788 
0.848000 8.099999 1.796781 0.891788 
0.848000 9.000000 1.796781 0.891788 
0.848000 9.900000 1.796782 0.891788 
0.848000 10.799999 1.796782 0.891788 
0.848000 11.700000 1.796782 0.891788 
0.848000 12.599999 1.796782 0.891788 
0.848000 13.500000 1.796782 0.891788 
0.848000 14.400000 1.796782 0.891788 
0.848000 15.299999 1.796782 0.891788 
0.848000 16.199999 1.796782 0.891788 
0.848000 17.100000 1.796782 0.891788 
0.848000 18.000000 1.796782 0.891788 
0.848000 18.900000 1.796782 0.891788 
0.848000 19.799999 1.796782 0.891788 
0.848000 20.699999 1.796782 0.891788 
0.848000 21.599998 1.796782 0.891788 
0.848000 22.500000 1.796782 0.891788 
0.848000 23.400000 1.796782 0.891788 
0.848000 24.299999 1.796782 0.891788 
0.848000 25.199999 1.796782 0.891788 
0.848000 26.099998 1.796782 0.891788 
0.848000 27.000000 1.796782 0.891788 
0.848000 27.900000 1.796782 0.891788 
0.848000 28.799999 1.796782 0.891788 
0.848000 29.699999 1.796782 0.891788 
0.848000 30.599998 1.796782 0.891788 
0.848000 31.500000 1.796782 0.891788 
0.848000 32.399998 1.796782 0.891788 
0.848000 33.299999 1.796782 0.891788 
0.848000 34.200001 1.796782 0.891788 
0.848000 35.099998 1.796782 0.891788 
0.848000 36.000000 1.796782 0.891788 
0.848000 36.899998 1.796782 0.891788 
0.848000 37.799999 1.796782 0.891788 
0.848000 38.700001 1.796782 0.891788 
0.848000 39.599998 1.796782 0.891788 
0.848000 40.500000 1.796782 0.891788 
0.848000 41.399998 1.796782 0.891788 
0.848000 42.299999 1.796782 0.891788 
0.848000 43.199997 1.796782 0.891788 
0.848000 44.099998 1.796782 0.891788 
0.848000 45.000000 1.796782 0.891788 
0.848000 45.899998 1.796782 0.891788 
0.848000 46.799999 1.796782 0.891788 
0.848000 47.699997 1.796782 0.891788 
0.848000 48.599998 1.796782 0.891788 
0.848000 49.500000 1.796782 0.891788 
0.848000 50.399998 1.796782 0.891788 
0.848000 51.299999 1.796782 0.891788 
0.848000 52.199997 1.796782 0.891788 
0.848000 53.099998 1.796782 0.891788 
0.848000 54.000000 1.796782 0.891788 
0.848000 54.899998 1.796782 0.891788 
0.848000 55.799999 1.796782 0.891788 
0.848000 56.699997 1.796782 0.891788 
0.848000 57.599998 1.796782 0.891788 
0.848000 58.500000 1.796782 0.891788 
0.848000 59.399998 1.796782 0.891788 
0.848000 60.299999 1.796782 0.891788 
0.848000 61.199997 1.796782 0.891788 
0.848000 62.099998 1.796782 0.891788 
0.848000 63.000000 1.796782 0.891788 
0.848000 63.899998 1.796782 0.891788 
0.848000 64.799995 1.796782 0.891788 
0.848000 65.699997 1.796782 0.891788 
0.848000 66.599998 1.796782 0.891788 
0.848000 67.500000 1.796782 0.891788 
0.848000 68.400002 1.796782 0.891788 
0.848000 69.299995 1.796782 0.891788 
0.848000 70.199997 1.796782 0.891788 
0.848000 71.099998 1.796782 0.891788 
0.848000 72.000000 1.796782 0.891788 
0.848000 72.900002 1.796782 0.891788 
0.848000 73.799995 1.796782 0.891788 
0.848000 74.699997 1.796782 0.891788 
0.848000 75.599998 1.796782 0.891788 
0.848000 76.500000 1.796782 0.891788 
0.848000 77.400002 1.796782 0.891788 
0.848000 78.299995 1.796782 0.891788 
0.848000 79.199997 1.796782 0.891788 
0.848000 80.099998 1.796782 0.891788 
0.848000 81.000000 1.796782 0.891788 
0.848000 81.900002 1.796782 0.891788 
0.848000 82.799995 1.796782 0.891788 
0.848000 83.699997 1.796782 0.891788 
0.848000 84.599998 1.796782 0.891788 
0.848000 85.500000 1.796782 0.891788 
0.848000 86.399994 1.796782 0.891788 
0.848000 87.299995 1.796782 0.891788 
0.848000 88.199997 1.796782 0.891788 
0.848000 89.099998 1.796782 0.891788 
0.848000 90.000000 1.796782 0.891788 
0.848000 90.899994 1.796782 0.891788 
0.848000 91.799995 1.796782 0.891788 
0.848000 92.699997 1.796782 0.891788 
0.848000 93.599998 1.796782 0.891788 
0.848000 94.500000 1.796782 0.891788 
0.848000 95.399994 1.796782 0.891788 
0.848000 96.299995 1.796782 0.891788 
0.848000 97.199997 1.796782 0.891788 
0.848000 98.099998 1.796782 0.891788 
0.848000 99.000000 1.796782 0.891788 
0.848000 99.899994 1.796782 0.891788 
0.848000 100.799995 1.796782 0.891788 
0.848000 101.699997 1.796782 0.891788 
0.848000 102.599998 1.796782 0.891788 
0.848000 103.500000 1.796782 0.891788 
0.848000 104.399994 1.796782 0.891788 
0.848000 105.299995 1.796782 0.891788 
0.848000 106.199997 1.796782 0.891788 
0.848000 107.099998 1.796782 0.891788 
0.848000 108.000000 1.796782 0.891788 
0.848000 108.899994 1.796782 0.891788 
0.848000 109.799995 1.796782 0.891788 
0.848000 110.699997 1.796782 0.891788 
0.848000 111.599998 1.796782 0.891788 
0.848000 112.500000 1.796782 0.891788 
0.848000 113.399994 1.796782 0.891788 
0.848000 114.299995 1.796782 0.891788 
0.848000 115.199997 1.796782 0.891788 
0.848000 116.099998 1.796782 0.891788 
0.848000 117.000000 1.796782 0.891788 
0.848000 117.899994 1.796782 0.891788 
0.848000 118.799995 1.796782 0.891788 
0.848000 119.699997 1.796782 0.891788 
0.848000 120.599998 1.796782 0.891788 
0.848000 121.500000 1.796782 0.891788 
0.848000 122.399994 1.796782 0.891788 
0.848000 123.299995 1.796782 0.891788 
0.848000 124.199997 1.796782 0.891788 
0.848000 125.099998 1.796782 0.891788 
0.848000 126.000000 1.796782 0.891788 
0.848000 126.899994 1.796782 0.891788 
0.848000 127.799995 1.796782 0.891788 
0.848000 128.699997 1.796782 0.891788 
0.848000 129.599991 1.796782 0.891788 
0.848000 130.500000 1.796782 0.891788 
0.848000 131.399994 1.796782 0.891788 
0.848000 132.300003 1.796782 0.891788 
0.848000 133.199997 1.796782 0.891788 
0.848000 134.099991 1.796782 0.891788 
0.848000 135.000000 1.796782 0.891788 
0.848000 135.899994 1.796782 0.891788 
0.848000 136.800003 1.796782 0.891788 
0.848000 137.699997 1.796782 0.891788 
0.848000 138.599991 1.796782 0.891788 
0.848000 139.500000 1.796782 0.891788 
0.848000 140.399994 1.796782 0.891788 
0.848000 141.300003 1.796782 0.891788 
0.848000 142.199997 1.796782 0.891788 
0.848000 143.099991 1.796782 0.891788 
0.848000 144.000000 1.796782 0.891788 
0.848000 144.899994 1.796782 0.891788 
0.848000 145.800003 1.796782 0.891788 
0.848000 146.699997 1.796782 0.891788 
0.848000 147.599991 1.796782 0.891788 
0.848000 148.500000 1.796782 0.891788 
0.848000 149.399994 1.796782 0.891788 
0.848000 150.300003 1.796782 0.891788 
0.848000 151.199997 1.796782 0.891788 
0.848000 152.099991 1.796782 0.891788 
0.848000 153.000000 1.796782 0.891788 
0.848000 153.899994 1.796782 0.891788 
0.848000 154.800003 1.796782 0.891788 
0.848000 155.699997 1.796782 0.891788 
0.848000 156.599991 1.796782 0.891788 
0.848000 157.500000 1.796782 0.891788 
0.848000 158.399994 1.796782 0.891788 
0.848000 159.300003 1.796782 0.891788 
0.848000 160.199997 1.796782 0.891788 
0.848000 161.099991 1.796782 0.891788 
0.848000 162.000000 1.796782 0.891788 
0.848000 162.899994 1.796782 0.891788 
0.848000 163.800003 1.796782 0.891788 
0.848000 164.699997 1.796782 0.891788 
0.848000 165.599991 1.796782 0.891788 
0.848000 166.500000 1.796782 0.891788 
0.848000 167.399994 1.796782 0.891788 
0.848000 168.300003 1.796782 0.891788 
0.848000 169.199997 1.796782 0.891788 
0.848000 170.099991 1.796782 0.891788 
0.848000 171.000000 1.796782 0.891788 
0.848000 171.899994 1.796782 0.891788 
0.848000 172.799988 1.796782 0.891788 
0.848000 173.699997 1.796782 0.891788 
0.848000 174.599991 1.796782 0.891788 
0.848000 175.500000 1.796782 0.891788 
0.848000 176.399994 1.796782 0.891788 
0.848000 177.299988 1.796782 0.891788 
0.848000 178.199997 1.796782 0.891788 
0.848000 179.099991 1.796782 0.891788 
0.848000 180.000000 1.796782 0.891788 
0.848000 180.899994 1.796782 0.891788 
0.848000 181.799988 1.796782 0.891788 
0.848000 182.699997 1.796782 0.891788 
0.848000 183.599991 1.796782 0.891788 
0.848000 184.500000 1.796782 0.891788 
0.848000 185.399994 1.796782 0.891788 
0.848000 186.299988 1.796782 0.891788 
0.848000 187.199997 1.796782 0.891788 
0.848000 188.099991 1.796782 0.891788 
0.848000 189.000000 1.796782 0.891788 
0.848000 189.899994 1.796782 0.891788 
0.848000 190.799988 1.796782 0.891788 
0.848000 191.699997 1.796782 0.891788 
0.848000 192.599991 1.796782 0.891788 
0.848000 193.500000 1.796782 0.891788 
0.848000 194.399994 1.796782 0.891788 
0.848000 195.299988 1.796782 0.891788 
0.848000 196.199997 1.796782 0.891788 
0.848000 197.099991 1.796782 0.891788 
0.848000 198.000000 1.796782 0.891788 
0.848000 198.899994 1.796782 0.891788 
0.848000 199.799988 1.796782 0.891788 
0.848000 200.699997 1.796782 0.891788 
0.848000 201.599991 1.796782 0.891788 
0.848000 202.500000 1.796782 0.891788 
0.848000 203.399994 1.796782 0.891788 
0.848000 204.299988 1.796782 0.891788 
0.848000 205.199997 1.796782 0.891788 
0.848000 206.099991 1.796782 0.891788 
0.848000 207.000000 1.796782 0.891788 
0.848000 207.899994 1.796782 0.891788 
0.848000 208.799988 1.796782 0.891788 
0.848000 209.699997 1.796782 0.891788 
0.848000 210.599991 1.796782 0.891788 
0.848000 211.500000 1.796782 0.891788 
0.848000 212.399994 1.796782 0.891788 
0.848000 213.299988 1.796782 0.891788 
0.848000 214.199997 1.796782 0.891788 
0.848000 215.099991 1.796782 0.891788 
0.848000 216.000000 1.796782 0.891788 
0.848000 216.899994 1.796782 0.891788 
0.848000 217.799988 1.796782 0.891788 
0.848000 218.699997 1.796782 0.891788 
0.848000 219.599991 1.796782 0.891788 
0.848000 220.500000 1.796782 0.891788 
0.848000 221.399994 1.796782 0.891788 
0.848000 222.299988 1.796782 0.891788 
0.848000 223.199997 1.796782 0.891788 
0.848000 224.099991 1.796782 0.891788 
0.848000 225.000000 1.796782 0.891788 
0.848000 225.899994 1.796782 0.891788 
0.848000 226.799988 1.796783 0.891789 
0.848000 227.699997 1.796781 0.891789 
0.848000 228.599991 1.796772 0.891789 
0.848000 229.500000 1.796740 0.891790 
