0.594000 0.000000 1.899988 1.006720 
0.594000 0.900000 1.899945 1.006721 
0.594000 1.800000 1.899963 1.006721 
0.594000 2.700000 1.899968 1.006721 
0.594000 3.600000 1.899974 1.006721 
0.594000 4.500000 1.899976 1.006721 
0.594000 5.400000 1.899978 1.006721 
0.594000 6.300000 1.899979 1.006721 
0.594000 7.200000 1.899980 1.006721 
0.594000 8.099999 1.899980 1.006721 
0.594000 9.000000 1.899980 1.006721 
0.594000 9.900000 1.899980 1.006721 
0.594000 10.799999 1.899981 1.006721 
0.594000 11.700000 1.899981 1.006721 
0.594000 12.599999 1.899981 1.006721 
0.594000 13.500000 1.899981 1.006721 
0.594000 14.400000 1.899981 1.006721 
0.594000 15.299999 1.899981 1.006721 
0.594000 16.199999 1.899981 1.006721 
0.594000 17.100000 1.899981 1.006721 
0.594000 18.000000 1.899981 1.006721 
0.594000 18.900000 1.899981 1.006721 
0.594000 19.799999 1.899981 1.006721 
0.594000 20.699999 1.899981 1.006721 
0.594000 21.599998 1.899981 1.006721 
0.594000 22.500000 1.899981 1.006721 
0.594000 23.400000 1.899981 1.006721 
0.594000 24.299999 1.899981 1.006721 
0.594000 25.199999 1.899981 1.006721 
0.594000 26.099998 1.899981 1.006721 
0.594000 27.000000 1.899981 1.006721 
0.594000 27.900000 1.899981 1.006721 
0.594000 28.799999 1.899981 1.006721 
0.594000 29.699999 1.899981 1.006721 
0.594000 30.599998 1.899981 1.006721 
0.594000 31.500000 1.899981 1.006721 
0.594000 32.399998 1.899981 1.006721 
0.594000 33.299999 1.899981 1.006721 
0.594000 34.200001 1.899981 1.006721 
0.594000 35.099998 1.899981 1.006721 
0.594000 36.000000 1.899981 1.006721 
0.594000 36.899998 1.899981 1.006721 
0.594000 37.799999 1.899981 1.006721 
0.594000 38.700001 1.899981 1.006721 
0.594000 39.599998 1.899981 1.006721 
0.594000 40.500000 1.899981 1.006721 
0.594000 41.399998 1.899981 1.006721 
0.594000 42.299999 1.899981 1.006721 
0.594000 43.199997 1.899981 1.006721 
0.594000 44.099998 1.899981 1.006721 
0.594000 45.000000 1.899981 1.006721 
0.594000 45.899998 1.899981 1.006721 
0.594000 46.799999 1.899981 1.006721 
0.594000 47.699997 1.899981 1.006721 
0.594000 48.599998 1.899981 1.006721 
0.594000 49.500000 1.899981 1.006721 
0.594000 50.399998 1.899981 1.006721 
0.594000 51.299999 1.899981 1.006721 
0.594000 52.199997 1.899981 1.006721 
0.594000 53.099998 1.899981 1.006721 
0.594000 54.000000 1.899981 1.006721 
0.594000 54.899998 1.899981 1.006721 
0.594000 55.799999 1.899981 1.006721 
0.594000 56.699997 1.899981 1.006721 
0.594000 57.599998 1.899981 1.006721 
0.594000 58.500000 1.899981 1.006721 
0.594000 59.399998 1.899981 1.006721 
0.594000 60.299999 1.899981 1.006721 
0.594000 61.199997 1.899981 1.006721 
0.594000 62.099998 1.899981 1.006721 
0.594000 63.000000 1.899981 1.006721 
0.594000 63.899998 1.899981 1.006721 
0.594000 64.799995 1.899981 1.006721 
0.594000 65.699997 1.899981 1.006721 
0.594000 66.599998 1.899981 1.006721 
0.594000 67.500000 1.899981 1.006721 
0.594000 68.400002 1.899981 1.006721 
0.594000 69.299995 1.899981 1.006721 
0.594000 70.199997 1.899981 1.006721 
0.594000 71.099998 1.899981 1.006721 
0.594000 72.000000 1.899981 1.006721 
0.594000 72.900002 1.899981 1.006721 
0.594000 73.799995 1.899981 1.006721 
0.594000 74.699997 1.899981 1.006721 
0.594000 75.599998 1.899981 1.006721 
0.594000 76.500000 1.899981 1.006721 
0.594000 77.400002 1.899981 1.006721 
0.594000 78.299995 1.899981 1.006721 
0.594000 79.199997 1.899981 1.006721 
0.594000 80.099998 1.899981 1.006721 
0.594000 81.000000 1.899981 1.006721 
0.594000 81.900002 1.899981 1.006721 
0.594000 82.799995 1.899981 1.006721 
0.594000 83.699997 1.899981 1.006721 
0.594000 84.599998 1.899981 1.006721 
0.594000 85.500000 1.899981 1.006721 
0.594000 86.399994 1.899981 1.006721 
0.594000 87.299995 1.899981 1.006721 
0.594000 88.199997 1.899981 1.006721 
0.594000 89.099998 1.899981 1.006721 
0.594000 90.000000 1.899981 1.006721 
0.594000 90.899994 1.899981 1.006721 
0.594000 91.799995 1.899981 1.006721 
0.594000 92.699997 1.899981 1.006721 
0.594000 93.599998 1.899981 1.006721 
0.594000 94.500000 1.899981 1.006721 
0.594000 95.399994 1.899981 1.006721 
0.594000 96.299995 1.899981 1.006721 
0.594000 97.199997 1.899981 1.006721 
0.594000 98.099998 1.899981 1.006721 
0.594000 99.000000 1.899981 1.006721 
0.594000 99.899994 1.899981 1.006721 
0.594000 100.799995 1.899981 1.006721 
0.594000 101.699997 1.899981 1.006721 
0.594000 102.599998 1.899981 1.006721 
0.594000 103.500000 1.899981 1.006721 
0.594000 104.399994 1.899981 1.006721 
0.594000 105.299995 1.899981 1.006721 
0.594000 106.199997 1.899981 1.006721 
0.594000 107.099998 1.899981 1.006721 
0.594000 108.000000 1.899981 1.006721 
0.594000 108.899994 1.899981 1.006721 
0.594000 109.799995 1.899981 1.006721 
0.594000 110.699997 1.899981 1.006721 
0.594000 111.599998 1.899981 1.006721 
0.594000 112.500000 1.899981 1.006721 
0.594000 113.399994 1.899981 1.006721 
0.594000 114.299995 1.899981 1.006721 
0.594000 115.199997 1.899981 1.006721 
0.594000 116.099998 1.899981 1.006721 
0.594000 117.000000 1.899981 1.006721 
0.594000 117.899994 1.899981 1.006721 
0.594000 118.799995 1.899981 1.006721 
0.594000 119.699997 1.899981 1.006721 
0.594000 120.599998 1.899981 1.006721 
0.594000 121.500000 1.899981 1.006721 
0.594000 122.399994 1.899981 1.006721 
0.594000 123.299995 1.899981 1.006721 
0.594000 124.199997 1.899981 1.006721 
0.594000 125.099998 1.899981 1.006721 
0.594000 126.000000 1.899981 1.006721 
0.594000 126.899994 1.899981 1.006721 
0.594000 127.799995 1.899981 1.006721 
0.594000 128.699997 1.899981 1.006721 
0.594000 129.599991 1.899981 1.006721 
0.594000 130.500000 1.899981 1.006721 
0.594000 131.399994 1.899981 1.006721 
0.594000 132.300003 1.899981 1.006721 
0.594000 133.199997 1.899981 1.006721 
0.594000 134.099991 1.899981 1.006721 
0.594000 135.000000 1.899981 1.006721 
0.594000 135.899994 1.899981 1.006721 
0.594000 136.800003 1.899981 1.006721 
0.594000 137.699997 1.899981 1.006721 
0.594000 138.599991 1.899981 1.006721 
0.594000 139.500000 1.899981 1.006721 
0.594000 140.399994 1.899981 1.006721 
0.594000 141.300003 1.899981 1.006721 
0.594000 142.199997 1.899981 1.006721 
0.594000 143.099991 1.899981 1.006721 
0.594000 144.000000 1.899981 1.006721 
0.594000 144.899994 1.899981 1.006721 
0.594000 145.800003 1.899981 1.006721 
0.594000 146.699997 1.899981 1.006721 
0.594000 147.599991 1.899981 1.006721 
0.594000 148.500000 1.899981 1.006721 
0.594000 149.399994 1.899981 1.006721 
0.594000 150.300003 1.899981 1.006721 
0.594000 151.199997 1.899981 1.006721 
0.594000 152.099991 1.899981 1.006721 
0.594000 153.000000 1.899981 1.006721 
0.594000 153.899994 1.899981 1.006721 
0.594000 154.800003 1.899981 1.006721 
0.594000 155.699997 1.899981 1.006721 
0.594000 156.599991 1.899981 1.006721 
0.594000 157.500000 1.899981 1.006721 
0.594000 158.399994 1.899981 1.006721 
0.594000 159.300003 1.899981 1.006721 
0.594000 160.199997 1.899981 1.006721 
0.594000 161.099991 1.899981 1.006721 
0.594000 162.000000 1.899981 1.006721 
0.594000 162.899994 1.899981 1.006721 
0.594000 163.800003 1.899981 1.006721 
0.594000 164.699997 1.899981 1.006721 
0.594000 165.599991 1.899981 1.006721 
0.594000 166.500000 1.899981 1.006721 
0.594000 167.399994 1.899981 1.006721 
0.594000 168.300003 1.899981 1.006721 
0.594000 169.199997 1.899981 1.006721 
0.594000 170.099991 1.899981 1.006721 
0.594000 171.000000 1.899981 1.006721 
0.594000 171.899994 1.899981 1.006721 
0.594000 172.799988 1.899981 1.006721 
0.594000 173.699997 1.899981 1.006721 
0.594000 174.599991 1.899981 1.006721 
0.594000 175.500000 1.899981 1.006721 
0.594000 176.399994 1.899981 1.006721 
0.594000 177.299988 1.899981 1.006721 
0.594000 178.199997 1.899981 1.006721 
0.594000 179.099991 1.899981 1.006721 
0.594000 180.000000 1.899981 1.006721 
0.594000 180.899994 1.899981 1.006721 
0.594000 181.799988 1.899981 1.006721 
0.594000 182.699997 1.899981 1.006721 
0.594000 183.599991 1.899981 1.006721 
0.594000 184.500000 1.899981 1.006721 
0.594000 185.399994 1.899981 1.006721 
0.594000 186.299988 1.899981 1.006721 
0.594000 187.199997 1.899981 1.006721 
0.594000 188.099991 1.899981 1.006721 
0.594000 189.000000 1.899981 1.006721 
0.594000 189.899994 1.899981 1.006721 
0.594000 190.799988 1.899981 1.006721 
0.594000 191.699997 1.899981 1.006721 
0.594000 192.599991 1.899981 1.006721 
0.594000 193.500000 1.899981 1.006721 
0.594000 194.399994 1.899981 1.006721 
0.594000 195.299988 1.899981 1.006721 
0.594000 196.199997 1.899981 1.006721 
0.594000 197.099991 1.899981 1.006721 
0.594000 198.000000 1.899981 1.006721 
0.594000 198.899994 1.899981 1.006721 
0.594000 199.799988 1.899981 1.006721 
0.594000 200.699997 1.899981 1.006721 
0.594000 201.599991 1.899981 1.006721 
0.594000 202.500000 1.899981 1.006721 
0.594000 203.399994 1.899981 1.006721 
0.594000 204.299988 1.899981 1.006721 
0.594000 205.199997 1.899981 1.006721 
0.594000 206.099991 1.899981 1.006721 
0.594000 207.000000 1.899981 1.006721 
0.594000 207.899994 1.899981 1.006721 
0.594000 208.799988 1.899981 1.006721 
0.594000 209.699997 1.899981 1.006721 
0.594000 210.599991 1.899981 1.006721 
0.594000 211.500000 1.899981 1.006721 
0.594000 212.399994 1.899981 1.006721 
0.594000 213.299988 1.899981 1.006721 
0.594000 214.199997 1.899981 1.006721 
0.594000 215.099991 1.899981 1.006721 
0.594000 216.000000 1.899981 1.006721 
0.594000 216.899994 1.899981 1.006721 
0.594000 217.799988 1.899981 1.006721 
0.594000 218.699997 1.899981 1.006721 
0.594000 219.599991 1.899981 1.006721 
0.594000 220.500000 1.899981 1.006721 
0.594000 221.399994 1.899981 1.006721 
0.594000 222.299988 1.899981 1.006721 
0.594000 223.199997 1.899981 1.006721 
0.594000 224.099991 1.899981 1.006721 
0.594000 225.000000 1.899981 1.006721 
0.594000 225.899994 1.899981 1.006721 
0.594000 226.799988 1.899981 1.006721 
0.594000 227.699997 1.899980 1.006722 
0.594000 228.599991 1.899976 1.006722 
0.594000 229.500000 1.899951 1.006722 
