0.124000 0.000000 1.581089 1.701647 
0.124000 0.900000 1.581080 1.701647 
0.124000 1.800000 1.581084 1.701648 
0.124000 2.700000 1.581084 1.701648 
0.124000 3.600000 1.581085 1.701650 
0.124000 4.500000 1.581085 1.701651 
0.124000 5.400000 1.581085 1.701651 
0.124000 6.300000 1.581085 1.701652 
0.124000 7.200000 1.581085 1.701652 
0.124000 8.099999 1.581085 1.701652 
0.124000 9.000000 1.581085 1.701652 
0.124000 9.900000 1.581085 1.701652 
0.124000 10.799999 1.581085 1.701652 
0.124000 11.700000 1.581085 1.701652 
0.124000 12.599999 1.581085 1.701652 
0.124000 13.500000 1.581085 1.701652 
0.124000 14.400000 1.581085 1.701652 
0.124000 15.299999 1.581085 1.701652 
0.124000 16.199999 1.581085 1.701652 
0.124000 17.100000 1.581085 1.701652 
0.124000 18.000000 1.581085 1.701652 
0.124000 18.900000 1.581085 1.701652 
0.124000 19.799999 1.581085 1.701652 
0.124000 20.699999 1.581085 1.701652 
0.124000 21.599998 1.581085 1.701652 
0.124000 22.500000 1.581085 1.701652 
0.124000 23.400000 1.581085 1.701652 
0.124000 24.299999 1.581085 1.701652 
0.124000 25.199999 1.581085 1.701652 
0.124000 26.099998 1.581085 1.701652 
0.124000 27.000000 1.581085 1.701652 
0.124000 27.900000 1.581085 1.701652 
0.124000 28.799999 1.581085 1.701652 
0.124000 29.699999 1.581085 1.701652 
0.124000 30.599998 1.581085 1.701652 
0.124000 31.500000 1.581085 1.701652 
0.124000 32.399998 1.581085 1.701652 
0.124000 33.299999 1.581085 1.701652 
0.124000 34.200001 1.581085 1.701652 
0.124000 35.099998 1.581085 1.701652 
0.124000 36.000000 1.581085 1.701652 
0.124000 36.899998 1.581085 1.701652 
0.124000 37.799999 1.581085 1.701652 
0.124000 38.700001 1.581085 1.701652 
0.124000 39.599998 1.581085 1.701652 
0.124000 40.500000 1.581085 1.701652 
0.124000 41.399998 1.581085 1.701652 
0.124000 42.299999 1.581085 1.701652 
0.124000 43.199997 1.581085 1.701652 
0.124000 44.099998 1.581085 1.701652 
0.124000 45.000000 1.581085 1.701652 
0.124000 45.899998 1.581085 1.701652 
0.124000 46.799999 1.581085 1.701652 
0.124000 47.699997 1.581085 1.701652 
0.124000 48.599998 1.581085 1.701652 
0.124000 49.500000 1.581085 1.701652 
0.124000 50.399998 1.581085 1.701652 
0.124000 51.299999 1.581085 1.701652 
0.124000 52.199997 1.581085 1.701652 
0.124000 53.099998 1.581085 1.701652 
0.124000 54.000000 1.581085 1.701652 
0.124000 54.899998 1.581085 1.701652 
0.124000 55.799999 1.581085 1.701652 
0.124000 56.699997 1.581085 1.701652 
0.124000 57.599998 1.581085 1.701652 
0.124000 58.500000 1.581085 1.701652 
0.124000 59.399998 1.581085 1.701652 
0.124000 60.299999 1.581085 1.701652 
0.124000 61.199997 1.581085 1.701652 
0.124000 62.099998 1.581085 1.701652 
0.124000 63.000000 1.581085 1.701652 
0.124000 63.899998 1.581085 1.701652 
0.124000 64.799995 1.581085 1.701652 
0.124000 65.699997 1.581085 1.701652 
0.124000 66.599998 1.581085 1.701652 
0.124000 67.500000 1.581085 1.701652 
0.124000 68.400002 1.581085 1.701652 
0.124000 69.299995 1.581085 1.701652 
0.124000 70.199997 1.581085 1.701652 
0.124000 71.099998 1.581085 1.701652 
0.124000 72.000000 1.581085 1.701652 
0.124000 72.900002 1.581085 1.701652 
0.124000 73.799995 1.581085 1.701652 
0.124000 74.699997 1.581085 1.701652 
0.124000 75.599998 1.581085 1.701652 
0.124000 76.500000 1.581085 1.701652 
0.124000 77.400002 1.581085 1.701652 
0.124000 78.299995 1.581085 1.701652 
0.124000 79.199997 1.581085 1.701652 
0.124000 80.099998 1.581085 1.701652 
0.124000 81.000000 1.581085 1.701652 
0.124000 81.900002 1.581085 1.701652 
0.124000 82.799995 1.581085 1.701652 
0.124000 83.699997 1.581085 1.701652 
0.124000 84.599998 1.581085 1.701652 
0.124000 85.500000 1.581085 1.701652 
0.124000 86.399994 1.581085 1.701652 
0.124000 87.299995 1.581085 1.701652 
0.124000 88.199997 1.581085 1.701652 
0.124000 89.099998 1.581085 1.701652 
0.124000 90.000000 1.581085 1.701652 
0.124000 90.899994 1.581085 1.701652 
0.124000 91.799995 1.581085 1.701652 
0.124000 92.699997 1.581085 1.701652 
0.124000 93.599998 1.581085 1.701652 
0.124000 94.500000 1.581085 1.701652 
0.124000 95.399994 1.581085 1.701652 
0.124000 96.299995 1.581085 1.701652 
0.124000 97.199997 1.581085 1.701652 
0.124000 98.099998 1.581085 1.701652 
0.124000 99.000000 1.581085 1.701652 
0.124000 99.899994 1.581085 1.701652 
0.124000 100.799995 1.581085 1.701652 
0.124000 101.699997 1.581085 1.701652 
0.124000 102.599998 1.581085 1.701652 
0.124000 103.500000 1.581085 1.701652 
0.124000 104.399994 1.581085 1.701652 
0.124000 105.299995 1.581085 1.701652 
0.124000 106.199997 1.581085 1.701652 
0.124000 107.099998 1.581085 1.701652 
0.124000 108.000000 1.581085 1.701652 
0.124000 108.899994 1.581085 1.701652 
0.124000 109.799995 1.581085 1.701652 
0.124000 110.699997 1.581085 1.701652 
0.124000 111.599998 1.581085 1.701652 
0.124000 112.500000 1.581085 1.701652 
0.124000 113.399994 1.581085 1.701652 
0.124000 114.299995 1.581085 1.701652 
0.124000 115.199997 1.581085 1.701652 
0.124000 116.099998 1.581085 1.701652 
0.124000 117.000000 1.581085 1.701652 
0.124000 117.899994 1.581085 1.701652 
0.124000 118.799995 1.581085 1.701652 
0.124000 119.699997 1.581085 1.701652 
0.124000 120.599998 1.581085 1.701652 
0.124000 121.500000 1.581085 1.701652 
0.124000 122.399994 1.581085 1.701652 
0.124000 123.299995 1.581085 1.701652 
0.124000 124.199997 1.581085 1.701652 
0.124000 125.099998 1.581085 1.701652 
0.124000 126.000000 1.581085 1.701652 
0.124000 126.899994 1.581085 1.701652 
0.124000 127.799995 1.581085 1.701652 
0.124000 128.699997 1.581085 1.701652 
0.124000 129.599991 1.581085 1.701652 
0.124000 130.500000 1.581085 1.701652 
0.124000 131.399994 1.581085 1.701652 
0.124000 132.300003 1.581085 1.701652 
0.124000 133.199997 1.581085 1.701652 
0.124000 134.099991 1.581085 1.701652 
0.124000 135.000000 1.581085 1.701652 
0.124000 135.899994 1.581085 1.701652 
0.124000 136.800003 1.581085 1.701652 
0.124000 137.699997 1.581085 1.701652 
0.124000 138.599991 1.581085 1.701652 
0.124000 139.500000 1.581085 1.701652 
0.124000 140.399994 1.581085 1.701652 
0.124000 141.300003 1.581085 1.701652 
0.124000 142.199997 1.581085 1.701652 
0.124000 143.099991 1.581085 1.701652 
0.124000 144.000000 1.581085 1.701652 
0.124000 144.899994 1.581085 1.701652 
0.124000 145.800003 1.581085 1.701652 
0.124000 146.699997 1.581085 1.701652 
0.124000 147.599991 1.581085 1.701652 
0.124000 148.500000 1.581085 1.701652 
0.124000 149.399994 1.581085 1.701652 
0.124000 150.300003 1.581085 1.701652 
0.124000 151.199997 1.581085 1.701652 
0.124000 152.099991 1.581085 1.701652 
0.124000 153.000000 1.581085 1.701652 
0.124000 153.899994 1.581085 1.701652 
0.124000 154.800003 1.581085 1.701652 
0.124000 155.699997 1.581085 1.701652 
0.124000 156.599991 1.581085 1.701652 
0.124000 157.500000 1.581085 1.701652 
0.124000 158.399994 1.581085 1.701652 
0.124000 159.300003 1.581085 1.701652 
0.124000 160.199997 1.581085 1.701652 
0.124000 161.099991 1.581085 1.701652 
0.124000 162.000000 1.581085 1.701652 
0.124000 162.899994 1.581085 1.701652 
0.124000 163.800003 1.581085 1.701652 
0.124000 164.699997 1.581085 1.701652 
0.124000 165.599991 1.581085 1.701652 
0.124000 166.500000 1.581085 1.701652 
0.124000 167.399994 1.581085 1.701652 
0.124000 168.300003 1.581085 1.701652 
0.124000 169.199997 1.581085 1.701652 
0.124000 170.099991 1.581085 1.701652 
0.124000 171.000000 1.581085 1.701652 
0.124000 171.899994 1.581085 1.701652 
0.124000 172.799988 1.581085 1.701652 
0.124000 173.699997 1.581085 1.701652 
0.124000 174.599991 1.581085 1.701652 
0.124000 175.500000 1.581085 1.701652 
0.124000 176.399994 1.581085 1.701652 
0.124000 177.299988 1.581085 1.701652 
0.124000 178.199997 1.581085 1.701652 
0.124000 179.099991 1.581085 1.701652 
0.124000 180.000000 1.581085 1.701652 
0.124000 180.899994 1.581085 1.701652 
0.124000 181.799988 1.581085 1.701652 
0.124000 182.699997 1.581085 1.701652 
0.124000 183.599991 1.581085 1.701652 
0.124000 184.500000 1.581085 1.701652 
0.124000 185.399994 1.581085 1.701652 
0.124000 186.299988 1.581085 1.701652 
0.124000 187.199997 1.581085 1.701652 
0.124000 188.099991 1.581085 1.701652 
0.124000 189.000000 1.581085 1.701652 
0.124000 189.899994 1.581085 1.701652 
0.124000 190.799988 1.581085 1.701652 
0.124000 191.699997 1.581085 1.701652 
0.124000 192.599991 1.581085 1.701652 
0.124000 193.500000 1.581085 1.701652 
0.124000 194.399994 1.581085 1.701652 
0.124000 195.299988 1.581085 1.701652 
0.124000 196.199997 1.581085 1.701652 
0.124000 197.099991 1.581085 1.701652 
0.124000 198.000000 1.581085 1.701652 
0.124000 198.899994 1.581085 1.701652 
0.124000 199.799988 1.581085 1.701652 
0.124000 200.699997 1.581085 1.701652 
0.124000 201.599991 1.581085 1.701652 
0.124000 202.500000 1.581085 1.701652 
0.124000 203.399994 1.581085 1.701652 
0.124000 204.299988 1.581085 1.701652 
0.124000 205.199997 1.581085 1.701652 
0.124000 206.099991 1.581085 1.701652 
0.124000 207.000000 1.581085 1.701652 
0.124000 207.899994 1.581085 1.701652 
0.124000 208.799988 1.581085 1.701652 
0.124000 209.699997 1.581085 1.701652 
0.124000 210.599991 1.581085 1.701652 
0.124000 211.500000 1.581085 1.701652 
0.124000 212.399994 1.581085 1.701652 
0.124000 213.299988 1.581085 1.701652 
0.124000 214.199997 1.581085 1.701652 
0.124000 215.099991 1.581085 1.701652 
0.124000 216.000000 1.581085 1.701652 
0.124000 216.899994 1.581085 1.701652 
0.124000 217.799988 1.581085 1.701652 
0.124000 218.699997 1.581085 1.701652 
0.124000 219.599991 1.581085 1.701652 
0.124000 220.500000 1.581085 1.701652 
0.124000 221.399994 1.581085 1.701652 
0.124000 222.299988 1.581085 1.701652 
0.124000 223.199997 1.581085 1.701652 
0.124000 224.099991 1.581085 1.701652 
0.124000 225.000000 1.581085 1.701652 
0.124000 225.899994 1.581085 1.701652 
0.124000 226.799988 1.581085 1.701652 
0.124000 227.699997 1.581085 1.701652 
0.124000 228.599991 1.581085 1.701652 
0.124000 229.500000 1.581080 1.701652 
