0.724000 0.000000 1.862780 0.928912 
0.724000 0.900000 1.862732 0.928912 
0.724000 1.800000 1.862752 0.928912 
0.724000 2.700000 1.862759 0.928912 
0.724000 3.600000 1.862765 0.928912 
0.724000 4.500000 1.862768 0.928911 
0.724000 5.400000 1.862769 0.928911 
0.724000 6.300000 1.862771 0.928911 
0.724000 7.200000 1.862772 0.928911 
0.724000 8.099999 1.862772 0.928911 
0.724000 9.000000 1.862772 0.928911 
0.724000 9.900000 1.862773 0.928911 
0.724000 10.799999 1.862773 0.928911 
0.724000 11.700000 1.862773 0.928911 
0.724000 12.599999 1.862773 0.928911 
0.724000 13.500000 1.862773 0.928911 
0.724000 14.400000 1.862773 0.928911 
0.724000 15.299999 1.862773 0.928911 
0.724000 16.199999 1.862773 0.928911 
0.724000 17.100000 1.862773 0.928911 
0.724000 18.000000 1.862773 0.928911 
0.724000 18.900000 1.862773 0.928911 
0.724000 19.799999 1.862773 0.928911 
0.724000 20.699999 1.862773 0.928911 
0.724000 21.599998 1.862773 0.928911 
0.724000 22.500000 1.862773 0.928911 
0.724000 23.400000 1.862773 0.928911 
0.724000 24.299999 1.862773 0.928911 
0.724000 25.199999 1.862773 0.928911 
0.724000 26.099998 1.862773 0.928911 
0.724000 27.000000 1.862773 0.928911 
0.724000 27.900000 1.862773 0.928911 
0.724000 28.799999 1.862773 0.928911 
0.724000 29.699999 1.862773 0.928911 
0.724000 30.599998 1.862773 0.928911 
0.724000 31.500000 1.862773 0.928911 
0.724000 32.399998 1.862773 0.928911 
0.724000 33.299999 1.862773 0.928911 
0.724000 34.200001 1.862773 0.928911 
0.724000 35.099998 1.862773 0.928911 
0.724000 36.000000 1.862773 0.928911 
0.724000 36.899998 1.862773 0.928911 
0.724000 37.799999 1.862773 0.928911 
0.724000 38.700001 1.862773 0.928911 
0.724000 39.599998 1.862773 0.928911 
0.724000 40.500000 1.862773 0.928911 
0.724000 41.399998 1.862773 0.928911 
0.724000 42.299999 1.862773 0.928911 
0.724000 43.199997 1.862773 0.928911 
0.724000 44.099998 1.862773 0.928911 
0.724000 45.000000 1.862773 0.928911 
0.724000 45.899998 1.862773 0.928911 
0.724000 46.799999 1.862773 0.928911 
0.724000 47.699997 1.862773 0.928911 
0.724000 48.599998 1.862773 0.928911 
0.724000 49.500000 1.862773 0.928911 
0.724000 50.399998 1.862773 0.928911 
0.724000 51.299999 1.862773 0.928911 
0.724000 52.199997 1.862773 0.928911 
0.724000 53.099998 1.862773 0.928911 
0.724000 54.000000 1.862773 0.928911 
0.724000 54.899998 1.862773 0.928911 
0.724000 55.799999 1.862773 0.928911 
0.724000 56.699997 1.862773 0.928911 
0.724000 57.599998 1.862773 0.928911 
0.724000 58.500000 1.862773 0.928911 
0.724000 59.399998 1.862773 0.928911 
0.724000 60.299999 1.862773 0.928911 
0.724000 61.199997 1.862773 0.928911 
0.724000 62.099998 1.862773 0.928911 
0.724000 63.000000 1.862773 0.928911 
0.724000 63.899998 1.862773 0.928911 
0.724000 64.799995 1.862773 0.928911 
0.724000 65.699997 1.862773 0.928911 
0.724000 66.599998 1.862773 0.928911 
0.724000 67.500000 1.862773 0.928911 
0.724000 68.400002 1.862773 0.928911 
0.724000 69.299995 1.862773 0.928911 
0.724000 70.199997 1.862773 0.928911 
0.724000 71.099998 1.862773 0.928911 
0.724000 72.000000 1.862773 0.928911 
0.724000 72.900002 1.862773 0.928911 
0.724000 73.799995 1.862773 0.928911 
0.724000 74.699997 1.862773 0.928911 
0.724000 75.599998 1.862773 0.928911 
0.724000 76.500000 1.862773 0.928911 
0.724000 77.400002 1.862773 0.928911 
0.724000 78.299995 1.862773 0.928911 
0.724000 79.199997 1.862773 0.928911 
0.724000 80.099998 1.862773 0.928911 
0.724000 81.000000 1.862773 0.928911 
0.724000 81.900002 1.862773 0.928911 
0.724000 82.799995 1.862773 0.928911 
0.724000 83.699997 1.862773 0.928911 
0.724000 84.599998 1.862773 0.928911 
0.724000 85.500000 1.862773 0.928911 
0.724000 86.399994 1.862773 0.928911 
0.724000 87.299995 1.862773 0.928911 
0.724000 88.199997 1.862773 0.928911 
0.724000 89.099998 1.862773 0.928911 
0.724000 90.000000 1.862773 0.928911 
0.724000 90.899994 1.862773 0.928911 
0.724000 91.799995 1.862773 0.928911 
0.724000 92.699997 1.862773 0.928911 
0.724000 93.599998 1.862773 0.928911 
0.724000 94.500000 1.862773 0.928911 
0.724000 95.399994 1.862773 0.928911 
0.724000 96.299995 1.862773 0.928911 
0.724000 97.199997 1.862773 0.928911 
0.724000 98.099998 1.862773 0.928911 
0.724000 99.000000 1.862773 0.928911 
0.724000 99.899994 1.862773 0.928911 
0.724000 100.799995 1.862773 0.928911 
0.724000 101.699997 1.862773 0.928911 
0.724000 102.599998 1.862773 0.928911 
0.724000 103.500000 1.862773 0.928911 
0.724000 104.399994 1.862773 0.928911 
0.724000 105.299995 1.862773 0.928911 
0.724000 106.199997 1.862773 0.928911 
0.724000 107.099998 1.862773 0.928911 
0.724000 108.000000 1.862773 0.928911 
0.724000 108.899994 1.862773 0.928911 
0.724000 109.799995 1.862773 0.928911 
0.724000 110.699997 1.862773 0.928911 
0.724000 111.599998 1.862773 0.928911 
0.724000 112.500000 1.862773 0.928911 
0.724000 113.399994 1.862773 0.928911 
0.724000 114.299995 1.862773 0.928911 
0.724000 115.199997 1.862773 0.928911 
0.724000 116.099998 1.862773 0.928911 
0.724000 117.000000 1.862773 0.928911 
0.724000 117.899994 1.862773 0.928911 
0.724000 118.799995 1.862773 0.928911 
0.724000 119.699997 1.862773 0.928911 
0.724000 120.599998 1.862773 0.928911 
0.724000 121.500000 1.862773 0.928911 
0.724000 122.399994 1.862773 0.928911 
0.724000 123.299995 1.862773 0.928911 
0.724000 124.199997 1.862773 0.928911 
0.724000 125.099998 1.862773 0.928911 
0.724000 126.000000 1.862773 0.928911 
0.724000 126.899994 1.862773 0.928911 
0.724000 127.799995 1.862773 0.928911 
0.724000 128.699997 1.862773 0.928911 
0.724000 129.599991 1.862773 0.928911 
0.724000 130.500000 1.862773 0.928911 
0.724000 131.399994 1.862773 0.928911 
0.724000 132.300003 1.862773 0.928911 
0.724000 133.199997 1.862773 0.928911 
0.724000 134.099991 1.862773 0.928911 
0.724000 135.000000 1.862773 0.928911 
0.724000 135.899994 1.862773 0.928911 
0.724000 136.800003 1.862773 0.928911 
0.724000 137.699997 1.862773 0.928911 
0.724000 138.599991 1.862773 0.928911 
0.724000 139.500000 1.862773 0.928911 
0.724000 140.399994 1.862773 0.928911 
0.724000 141.300003 1.862773 0.928911 
0.724000 142.199997 1.862773 0.928911 
0.724000 143.099991 1.862773 0.928911 
0.724000 144.000000 1.862773 0.928911 
0.724000 144.899994 1.862773 0.928911 
0.724000 145.800003 1.862773 0.928911 
0.724000 146.699997 1.862773 0.928911 
0.724000 147.599991 1.862773 0.928911 
0.724000 148.500000 1.862773 0.928911 
0.724000 149.399994 1.862773 0.928911 
0.724000 150.300003 1.862773 0.928911 
0.724000 151.199997 1.862773 0.928911 
0.724000 152.099991 1.862773 0.928911 
0.724000 153.000000 1.862773 0.928911 
0.724000 153.899994 1.862773 0.928911 
0.724000 154.800003 1.862773 0.928911 
0.724000 155.699997 1.862773 0.928911 
0.724000 156.599991 1.862773 0.928911 
0.724000 157.500000 1.862773 0.928911 
0.724000 158.399994 1.862773 0.928911 
0.724000 159.300003 1.862773 0.928911 
0.724000 160.199997 1.862773 0.928911 
0.724000 161.099991 1.862773 0.928911 
0.724000 162.000000 1.862773 0.928911 
0.724000 162.899994 1.862773 0.928911 
0.724000 163.800003 1.862773 0.928911 
0.724000 164.699997 1.862773 0.928911 
0.724000 165.599991 1.862773 0.928911 
0.724000 166.500000 1.862773 0.928911 
0.724000 167.399994 1.862773 0.928911 
0.724000 168.300003 1.862773 0.928911 
0.724000 169.199997 1.862773 0.928911 
0.724000 170.099991 1.862773 0.928911 
0.724000 171.000000 1.862773 0.928911 
0.724000 171.899994 1.862773 0.928911 
0.724000 172.799988 1.862773 0.928911 
0.724000 173.699997 1.862773 0.928911 
0.724000 174.599991 1.862773 0.928911 
0.724000 175.500000 1.862773 0.928911 
0.724000 176.399994 1.862773 0.928911 
0.724000 177.299988 1.862773 0.928911 
0.724000 178.199997 1.862773 0.928911 
0.724000 179.099991 1.862773 0.928911 
0.724000 180.000000 1.862773 0.928911 
0.724000 180.899994 1.862773 0.928911 
0.724000 181.799988 1.862773 0.928911 
0.724000 182.699997 1.862773 0.928911 
0.724000 183.599991 1.862773 0.928911 
0.724000 184.500000 1.862773 0.928911 
0.724000 185.399994 1.862773 0.928911 
0.724000 186.299988 1.862773 0.928911 
0.724000 187.199997 1.862773 0.928911 
0.724000 188.099991 1.862773 0.928911 
0.724000 189.000000 1.862773 0.928911 
0.724000 189.899994 1.862773 0.928911 
0.724000 190.799988 1.862773 0.928911 
0.724000 191.699997 1.862773 0.928911 
0.724000 192.599991 1.862773 0.928911 
0.724000 193.500000 1.862773 0.928911 
0.724000 194.399994 1.862773 0.928911 
0.724000 195.299988 1.862773 0.928911 
0.724000 196.199997 1.862773 0.928911 
0.724000 197.099991 1.862773 0.928911 
0.724000 198.000000 1.862773 0.928911 
0.724000 198.899994 1.862773 0.928911 
0.724000 199.799988 1.862773 0.928911 
0.724000 200.699997 1.862773 0.928911 
0.724000 201.599991 1.862773 0.928911 
0.724000 202.500000 1.862773 0.928911 
0.724000 203.399994 1.862773 0.928911 
0.724000 204.299988 1.862773 0.928911 
0.724000 205.199997 1.862773 0.928911 
0.724000 206.099991 1.862773 0.928911 
0.724000 207.000000 1.862773 0.928911 
0.724000 207.899994 1.862773 0.928911 
0.724000 208.799988 1.862773 0.928911 
0.724000 209.699997 1.862773 0.928911 
0.724000 210.599991 1.862773 0.928911 
0.724000 211.500000 1.862773 0.928911 
0.724000 212.399994 1.862773 0.928911 
0.724000 213.299988 1.862773 0.928911 
0.724000 214.199997 1.862773 0.928911 
0.724000 215.099991 1.862773 0.928911 
0.724000 216.000000 1.862773 0.928911 
0.724000 216.899994 1.862773 0.928911 
0.724000 217.799988 1.862773 0.928911 
0.724000 218.699997 1.862773 0.928911 
0.724000 219.599991 1.862773 0.928911 
0.724000 220.500000 1.862773 0.928911 
0.724000 221.399994 1.862773 0.928911 
0.724000 222.299988 1.862773 0.928911 
0.724000 223.199997 1.862773 0.928911 
0.724000 224.099991 1.862773 0.928911 
0.724000 225.000000 1.862773 0.928912 
0.724000 225.899994 1.862773 0.928912 
0.724000 226.799988 1.862773 0.928912 
0.724000 227.699997 1.862773 0.928912 
0.724000 228.599991 1.862765 0.928913 
0.724000 229.500000 1.862737 0.928913 
