0.983000 0.000000 1.706950 0.879987 
0.983000 0.900000 1.706902 0.879987 
0.983000 1.800000 1.706922 0.879987 
0.983000 2.700000 1.706932 0.879987 
0.983000 3.600000 1.706940 0.879987 
0.983000 4.500000 1.706944 0.879987 
0.983000 5.400000 1.706946 0.879987 
0.983000 6.300000 1.706948 0.879987 
0.983000 7.200000 1.706949 0.879986 
0.983000 8.099999 1.706950 0.879986 
0.983000 9.000000 1.706950 0.879986 
0.983000 9.900000 1.706950 0.879986 
0.983000 10.799999 1.706950 0.879986 
0.983000 11.700000 1.706950 0.879986 
0.983000 12.599999 1.706950 0.879986 
0.983000 13.500000 1.706950 0.879986 
0.983000 14.400000 1.706950 0.879986 
0.983000 15.299999 1.706951 0.879986 
0.983000 16.199999 1.706951 0.879986 
0.983000 17.100000 1.706951 0.879986 
0.983000 18.000000 1.706950 0.879986 
0.983000 18.900000 1.706950 0.879986 
0.983000 19.799999 1.706950 0.879986 
0.983000 20.699999 1.706950 0.879986 
0.983000 21.599998 1.706950 0.879986 
0.983000 22.500000 1.706950 0.879986 
0.983000 23.400000 1.706950 0.879986 
0.983000 24.299999 1.706950 0.879986 
0.983000 25.199999 1.706950 0.879986 
0.983000 26.099998 1.706950 0.879986 
0.983000 27.000000 1.706950 0.879986 
0.983000 27.900000 1.706950 0.879986 
0.983000 28.799999 1.706950 0.879986 
0.983000 29.699999 1.706950 0.879986 
0.983000 30.599998 1.706950 0.879986 
0.983000 31.500000 1.706950 0.879986 
0.983000 32.399998 1.706950 0.879986 
0.983000 33.299999 1.706950 0.879986 
0.983000 34.200001 1.706950 0.879986 
0.983000 35.099998 1.706950 0.879986 
0.983000 36.000000 1.706950 0.879986 
0.983000 36.899998 1.706950 0.879986 
0.983000 37.799999 1.706950 0.879986 
0.983000 38.700001 1.706950 0.879986 
0.983000 39.599998 1.706950 0.879986 
0.983000 40.500000 1.706950 0.879986 
0.983000 41.399998 1.706950 0.879986 
0.983000 42.299999 1.706950 0.879986 
0.983000 43.199997 1.706950 0.879986 
0.983000 44.099998 1.706950 0.879986 
0.983000 45.000000 1.706950 0.879986 
0.983000 45.899998 1.706950 0.879986 
0.983000 46.799999 1.706950 0.879986 
0.983000 47.699997 1.706950 0.879986 
0.983000 48.599998 1.706950 0.879986 
0.983000 49.500000 1.706950 0.879986 
0.983000 50.399998 1.706950 0.879986 
0.983000 51.299999 1.706950 0.879986 
0.983000 52.199997 1.706950 0.879986 
0.983000 53.099998 1.706950 0.879986 
0.983000 54.000000 1.706950 0.879986 
0.983000 54.899998 1.706950 0.879986 
0.983000 55.799999 1.706950 0.879986 
0.983000 56.699997 1.706950 0.879986 
0.983000 57.599998 1.706950 0.879986 
0.983000 58.500000 1.706950 0.879986 
0.983000 59.399998 1.706950 0.879986 
0.983000 60.299999 1.706950 0.879986 
0.983000 61.199997 1.706950 0.879986 
0.983000 62.099998 1.706950 0.879986 
0.983000 63.000000 1.706950 0.879986 
0.983000 63.899998 1.706950 0.879986 
0.983000 64.799995 1.706950 0.879986 
0.983000 65.699997 1.706950 0.879986 
0.983000 66.599998 1.706950 0.879986 
0.983000 67.500000 1.706950 0.879986 
0.983000 68.400002 1.706950 0.879986 
0.983000 69.299995 1.706950 0.879986 
0.983000 70.199997 1.706950 0.879986 
0.983000 71.099998 1.706950 0.879986 
0.983000 72.000000 1.706950 0.879986 
0.983000 72.900002 1.706950 0.879986 
0.983000 73.799995 1.706950 0.879986 
0.983000 74.699997 1.706950 0.879986 
0.983000 75.599998 1.706950 0.879986 
0.983000 76.500000 1.706950 0.879986 
0.983000 77.400002 1.706950 0.879986 
0.983000 78.299995 1.706950 0.879986 
0.983000 79.199997 1.706950 0.879986 
0.983000 80.099998 1.706950 0.879986 
0.983000 81.000000 1.706950 0.879986 
0.983000 81.900002 1.706950 0.879986 
0.983000 82.799995 1.706950 0.879986 
0.983000 83.699997 1.706950 0.879986 
0.983000 84.599998 1.706950 0.879986 
0.983000 85.500000 1.706950 0.879986 
0.983000 86.399994 1.706950 0.879986 
0.983000 87.299995 1.706950 0.879986 
0.983000 88.199997 1.706950 0.879986 
0.983000 89.099998 1.706950 0.879986 
0.983000 90.000000 1.706950 0.879986 
0.983000 90.899994 1.706950 0.879986 
0.983000 91.799995 1.706950 0.879986 
0.983000 92.699997 1.706950 0.879986 
0.983000 93.599998 1.706950 0.879986 
0.983000 94.500000 1.706950 0.879986 
0.983000 95.399994 1.706950 0.879986 
0.983000 96.299995 1.706950 0.879986 
0.983000 97.199997 1.706950 0.879986 
0.983000 98.099998 1.706950 0.879986 
0.983000 99.000000 1.706950 0.879986 
0.983000 99.899994 1.706950 0.879986 
0.983000 100.799995 1.706950 0.879986 
0.983000 101.699997 1.706950 0.879986 
0.983000 102.599998 1.706950 0.879986 
0.983000 103.500000 1.706950 0.879986 
0.983000 104.399994 1.706950 0.879986 
0.983000 105.299995 1.706950 0.879986 
0.983000 106.199997 1.706950 0.879986 
0.983000 107.099998 1.706950 0.879986 
0.983000 108.000000 1.706950 0.879986 
0.983000 108.899994 1.706950 0.879986 
0.983000 109.799995 1.706950 0.879986 
0.983000 110.699997 1.706950 0.879986 
0.983000 111.599998 1.706950 0.879986 
0.983000 112.500000 1.706950 0.879986 
0.983000 113.399994 1.706950 0.879986 
0.983000 114.299995 1.706950 0.879986 
0.983000 115.199997 1.706950 0.879986 
0.983000 116.099998 1.706950 0.879986 
0.983000 117.000000 1.706950 0.879986 
0.983000 117.899994 1.706950 0.879986 
0.983000 118.799995 1.706950 0.879986 
0.983000 119.699997 1.706950 0.879986 
0.983000 120.599998 1.706950 0.879986 
0.983000 121.500000 1.706950 0.879986 
0.983000 122.399994 1.706950 0.879986 
0.983000 123.299995 1.706950 0.879986 
0.983000 124.199997 1.706950 0.879986 
0.983000 125.099998 1.706950 0.879986 
0.983000 126.000000 1.706950 0.879986 
0.983000 126.899994 1.706950 0.879986 
0.983000 127.799995 1.706950 0.879986 
0.983000 128.699997 1.706950 0.879986 
0.983000 129.599991 1.706950 0.879986 
0.983000 130.500000 1.706950 0.879986 
0.983000 131.399994 1.706950 0.879986 
0.983000 132.300003 1.706950 0.879986 
0.983000 133.199997 1.706950 0.879986 
0.983000 134.099991 1.706950 0.879986 
0.983000 135.000000 1.706950 0.879986 
0.983000 135.899994 1.706950 0.879986 
0.983000 136.800003 1.706950 0.879986 
0.983000 137.699997 1.706950 0.879986 
0.983000 138.599991 1.706950 0.879986 
0.983000 139.500000 1.706950 0.879986 
0.983000 140.399994 1.706950 0.879986 
0.983000 141.300003 1.706950 0.879986 
0.983000 142.199997 1.706950 0.879986 
0.983000 143.099991 1.706950 0.879986 
0.983000 144.000000 1.706950 0.879986 
0.983000 144.899994 1.706950 0.879986 
0.983000 145.800003 1.706950 0.879986 
0.983000 146.699997 1.706950 0.879986 
0.983000 147.599991 1.706950 0.879986 
0.983000 148.500000 1.706950 0.879986 
0.983000 149.399994 1.706950 0.879986 
0.983000 150.300003 1.706950 0.879986 
0.983000 151.199997 1.706950 0.879986 
0.983000 152.099991 1.706950 0.879986 
0.983000 153.000000 1.706950 0.879986 
0.983000 153.899994 1.706950 0.879986 
0.983000 154.800003 1.706950 0.879986 
0.983000 155.699997 1.706950 0.879986 
0.983000 156.599991 1.706950 0.879986 
0.983000 157.500000 1.706950 0.879986 
0.983000 158.399994 1.706950 0.879986 
0.983000 159.300003 1.706950 0.879986 
0.983000 160.199997 1.706950 0.879986 
0.983000 161.099991 1.706950 0.879986 
0.983000 162.000000 1.706950 0.879986 
0.983000 162.899994 1.706950 0.879986 
0.983000 163.800003 1.706950 0.879986 
0.983000 164.699997 1.706950 0.879986 
0.983000 165.599991 1.706950 0.879986 
0.983000 166.500000 1.706950 0.879986 
0.983000 167.399994 1.706950 0.879986 
0.983000 168.300003 1.706950 0.879986 
0.983000 169.199997 1.706950 0.879986 
0.983000 170.099991 1.706950 0.879986 
0.983000 171.000000 1.706950 0.879986 
0.983000 171.899994 1.706950 0.879986 
0.983000 172.799988 1.706950 0.879986 
0.983000 173.699997 1.706950 0.879986 
0.983000 174.599991 1.706950 0.879986 
0.983000 175.500000 1.706950 0.879986 
0.983000 176.399994 1.706950 0.879986 
0.983000 177.299988 1.706950 0.879986 
0.983000 178.199997 1.706950 0.879986 
0.983000 179.099991 1.706950 0.879986 
0.983000 180.000000 1.706950 0.879986 
0.983000 180.899994 1.706950 0.879986 
0.983000 181.799988 1.706950 0.879986 
0.983000 182.699997 1.706950 0.879986 
0.983000 183.599991 1.706950 0.879986 
0.983000 184.500000 1.706950 0.879986 
0.983000 185.399994 1.706950 0.879986 
0.983000 186.299988 1.706950 0.879986 
0.983000 187.199997 1.706950 0.879986 
0.983000 188.099991 1.706950 0.879986 
0.983000 189.000000 1.706950 0.879986 
0.983000 189.899994 1.706950 0.879986 
0.983000 190.799988 1.706950 0.879986 
0.983000 191.699997 1.706950 0.879986 
0.983000 192.599991 1.706950 0.879986 
0.983000 193.500000 1.706950 0.879986 
0.983000 194.399994 1.706950 0.879986 
0.983000 195.299988 1.706950 0.879986 
0.983000 196.199997 1.706950 0.879986 
0.983000 197.099991 1.706950 0.879986 
0.983000 198.000000 1.706950 0.879986 
0.983000 198.899994 1.706950 0.879986 
0.983000 199.799988 1.706950 0.879986 
0.983000 200.699997 1.706950 0.879986 
0.983000 201.599991 1.706950 0.879986 
0.983000 202.500000 1.706950 0.879986 
0.983000 203.399994 1.706950 0.879986 
0.983000 204.299988 1.706950 0.879986 
0.983000 205.199997 1.706950 0.879986 
0.983000 206.099991 1.706950 0.879986 
0.983000 207.000000 1.706950 0.879986 
0.983000 207.899994 1.706950 0.879986 
0.983000 208.799988 1.706950 0.879986 
0.983000 209.699997 1.706950 0.879986 
0.983000 210.599991 1.706950 0.879986 
0.983000 211.500000 1.706950 0.879986 
0.983000 212.399994 1.706950 0.879986 
0.983000 213.299988 1.706950 0.879986 
0.983000 214.199997 1.706950 0.879986 
0.983000 215.099991 1.706950 0.879986 
0.983000 216.000000 1.706950 0.879986 
0.983000 216.899994 1.706951 0.879986 
0.983000 217.799988 1.706951 0.879986 
0.983000 218.699997 1.706951 0.879986 
0.983000 219.599991 1.706951 0.879986 
0.983000 220.500000 1.706951 0.879986 
0.983000 221.399994 1.706951 0.879986 
0.983000 222.299988 1.706951 0.879986 
0.983000 223.199997 1.706951 0.879986 
0.983000 224.099991 1.706951 0.879986 
0.983000 225.000000 1.706951 0.879986 
0.983000 225.899994 1.706951 0.879987 
0.983000 226.799988 1.706951 0.879987 
0.983000 227.699997 1.706949 0.879987 
0.983000 228.599991 1.706938 0.879987 
0.983000 229.500000 1.706907 0.879988 
