0.438000 0.000000 1.877334 1.169091 
0.438000 0.900000 1.877301 1.169092 
0.438000 1.800000 1.877317 1.169092 
0.438000 2.700000 1.877319 1.169092 
0.438000 3.600000 1.877322 1.169093 
0.438000 4.500000 1.877324 1.169093 
0.438000 5.400000 1.877324 1.169094 
0.438000 6.300000 1.877325 1.169094 
0.438000 7.200000 1.877326 1.169094 
0.438000 8.099999 1.877326 1.169094 
0.438000 9.000000 1.877326 1.169094 
0.438000 9.900000 1.877326 1.169094 
0.438000 10.799999 1.877326 1.169094 
0.438000 11.700000 1.877326 1.169094 
0.438000 12.599999 1.877326 1.169094 
0.438000 13.500000 1.877326 1.169095 
0.438000 14.400000 1.877326 1.169095 
0.438000 15.299999 1.877326 1.169095 
0.438000 16.199999 1.877326 1.169095 
0.438000 17.100000 1.877326 1.169095 
0.438000 18.000000 1.877326 1.169095 
0.438000 18.900000 1.877326 1.169095 
0.438000 19.799999 1.877326 1.169095 
0.438000 20.699999 1.877326 1.169095 
0.438000 21.599998 1.877326 1.169095 
0.438000 22.500000 1.877326 1.169095 
0.438000 23.400000 1.877326 1.169095 
0.438000 24.299999 1.877326 1.169095 
0.438000 25.199999 1.877326 1.169095 
0.438000 26.099998 1.877326 1.169095 
0.438000 27.000000 1.877326 1.169095 
0.438000 27.900000 1.877326 1.169095 
0.438000 28.799999 1.877326 1.169095 
0.438000 29.699999 1.877326 1.169095 
0.438000 30.599998 1.877326 1.169095 
0.438000 31.500000 1.877326 1.169095 
0.438000 32.399998 1.877326 1.169095 
0.438000 33.299999 1.877326 1.169095 
0.438000 34.200001 1.877326 1.169095 
0.438000 35.099998 1.877326 1.169095 
0.438000 36.000000 1.877326 1.169095 
0.438000 36.899998 1.877326 1.169095 
0.438000 37.799999 1.877326 1.169095 
0.438000 38.700001 1.877326 1.169095 
0.438000 39.599998 1.877326 1.169095 
0.438000 40.500000 1.877326 1.169095 
0.438000 41.399998 1.877326 1.169095 
0.438000 42.299999 1.877326 1.169095 
0.438000 43.199997 1.877326 1.169095 
0.438000 44.099998 1.877326 1.169095 
0.438000 45.000000 1.877326 1.169095 
0.438000 45.899998 1.877326 1.169095 
0.438000 46.799999 1.877326 1.169095 
0.438000 47.699997 1.877326 1.169095 
0.438000 48.599998 1.877326 1.169095 
0.438000 49.500000 1.877326 1.169095 
0.438000 50.399998 1.877326 1.169095 
0.438000 51.299999 1.877326 1.169095 
0.438000 52.199997 1.877326 1.169095 
0.438000 53.099998 1.877326 1.169095 
0.438000 54.000000 1.877326 1.169095 
0.438000 54.899998 1.877326 1.169095 
0.438000 55.799999 1.877326 1.169095 
0.438000 56.699997 1.877326 1.169095 
0.438000 57.599998 1.877326 1.169095 
0.438000 58.500000 1.877326 1.169095 
0.438000 59.399998 1.877326 1.169095 
0.438000 60.299999 1.877326 1.169095 
0.438000 61.199997 1.877326 1.169095 
0.438000 62.099998 1.877326 1.169095 
0.438000 63.000000 1.877326 1.169095 
0.438000 63.899998 1.877326 1.169095 
0.438000 64.799995 1.877326 1.169095 
0.438000 65.699997 1.877326 1.169095 
0.438000 66.599998 1.877326 1.169095 
0.438000 67.500000 1.877326 1.169095 
0.438000 68.400002 1.877326 1.169095 
0.438000 69.299995 1.877326 1.169095 
0.438000 70.199997 1.877326 1.169095 
0.438000 71.099998 1.877326 1.169095 
0.438000 72.000000 1.877326 1.169095 
0.438000 72.900002 1.877326 1.169095 
0.438000 73.799995 1.877326 1.169095 
0.438000 74.699997 1.877326 1.169095 
0.438000 75.599998 1.877326 1.169095 
0.438000 76.500000 1.877326 1.169095 
0.438000 77.400002 1.877326 1.169095 
0.438000 78.299995 1.877326 1.169095 
0.438000 79.199997 1.877326 1.169095 
0.438000 80.099998 1.877326 1.169095 
0.438000 81.000000 1.877326 1.169095 
0.438000 81.900002 1.877326 1.169095 
0.438000 82.799995 1.877326 1.169095 
0.438000 83.699997 1.877326 1.169095 
0.438000 84.599998 1.877326 1.169095 
0.438000 85.500000 1.877326 1.169095 
0.438000 86.399994 1.877326 1.169095 
0.438000 87.299995 1.877326 1.169095 
0.438000 88.199997 1.877326 1.169095 
0.438000 89.099998 1.877326 1.169095 
0.438000 90.000000 1.877326 1.169095 
0.438000 90.899994 1.877326 1.169095 
0.438000 91.799995 1.877326 1.169095 
0.438000 92.699997 1.877326 1.169095 
0.438000 93.599998 1.877326 1.169095 
0.438000 94.500000 1.877326 1.169095 
0.438000 95.399994 1.877326 1.169095 
0.438000 96.299995 1.877326 1.169095 
0.438000 97.199997 1.877326 1.169095 
0.438000 98.099998 1.877326 1.169095 
0.438000 99.000000 1.877326 1.169095 
0.438000 99.899994 1.877326 1.169095 
0.438000 100.799995 1.877326 1.169095 
0.438000 101.699997 1.877326 1.169095 
0.438000 102.599998 1.877326 1.169095 
0.438000 103.500000 1.877326 1.169095 
0.438000 104.399994 1.877326 1.169095 
0.438000 105.299995 1.877326 1.169095 
0.438000 106.199997 1.877326 1.169095 
0.438000 107.099998 1.877326 1.169095 
0.438000 108.000000 1.877326 1.169095 
0.438000 108.899994 1.877326 1.169095 
0.438000 109.799995 1.877326 1.169095 
0.438000 110.699997 1.877326 1.169095 
0.438000 111.599998 1.877326 1.169095 
0.438000 112.500000 1.877326 1.169095 
0.438000 113.399994 1.877326 1.169095 
0.438000 114.299995 1.877326 1.169095 
0.438000 115.199997 1.877326 1.169095 
0.438000 116.099998 1.877326 1.169095 
0.438000 117.000000 1.877326 1.169095 
0.438000 117.899994 1.877326 1.169095 
0.438000 118.799995 1.877326 1.169095 
0.438000 119.699997 1.877326 1.169095 
0.438000 120.599998 1.877326 1.169095 
0.438000 121.500000 1.877326 1.169095 
0.438000 122.399994 1.877326 1.169095 
0.438000 123.299995 1.877326 1.169095 
0.438000 124.199997 1.877326 1.169095 
0.438000 125.099998 1.877326 1.169095 
0.438000 126.000000 1.877326 1.169095 
0.438000 126.899994 1.877326 1.169095 
0.438000 127.799995 1.877326 1.169095 
0.438000 128.699997 1.877326 1.169095 
0.438000 129.599991 1.877326 1.169095 
0.438000 130.500000 1.877326 1.169095 
0.438000 131.399994 1.877326 1.169095 
0.438000 132.300003 1.877326 1.169095 
0.438000 133.199997 1.877326 1.169095 
0.438000 134.099991 1.877326 1.169095 
0.438000 135.000000 1.877326 1.169095 
0.438000 135.899994 1.877326 1.169095 
0.438000 136.800003 1.877326 1.169095 
0.438000 137.699997 1.877326 1.169095 
0.438000 138.599991 1.877326 1.169095 
0.438000 139.500000 1.877326 1.169095 
0.438000 140.399994 1.877326 1.169095 
0.438000 141.300003 1.877326 1.169095 
0.438000 142.199997 1.877326 1.169095 
0.438000 143.099991 1.877326 1.169095 
0.438000 144.000000 1.877326 1.169095 
0.438000 144.899994 1.877326 1.169095 
0.438000 145.800003 1.877326 1.169095 
0.438000 146.699997 1.877326 1.169095 
0.438000 147.599991 1.877326 1.169095 
0.438000 148.500000 1.877326 1.169095 
0.438000 149.399994 1.877326 1.169095 
0.438000 150.300003 1.877326 1.169095 
0.438000 151.199997 1.877326 1.169095 
0.438000 152.099991 1.877326 1.169095 
0.438000 153.000000 1.877326 1.169095 
0.438000 153.899994 1.877326 1.169095 
0.438000 154.800003 1.877326 1.169095 
0.438000 155.699997 1.877326 1.169095 
0.438000 156.599991 1.877326 1.169095 
0.438000 157.500000 1.877326 1.169095 
0.438000 158.399994 1.877326 1.169095 
0.438000 159.300003 1.877326 1.169095 
0.438000 160.199997 1.877326 1.169095 
0.438000 161.099991 1.877326 1.169095 
0.438000 162.000000 1.877326 1.169095 
0.438000 162.899994 1.877326 1.169095 
0.438000 163.800003 1.877326 1.169095 
0.438000 164.699997 1.877326 1.169095 
0.438000 165.599991 1.877326 1.169095 
0.438000 166.500000 1.877326 1.169095 
0.438000 167.399994 1.877326 1.169095 
0.438000 168.300003 1.877326 1.169095 
0.438000 169.199997 1.877326 1.169095 
0.438000 170.099991 1.877326 1.169095 
0.438000 171.000000 1.877326 1.169095 
0.438000 171.899994 1.877326 1.169095 
0.438000 172.799988 1.877326 1.169095 
0.438000 173.699997 1.877326 1.169095 
0.438000 174.599991 1.877326 1.169095 
0.438000 175.500000 1.877326 1.169095 
0.438000 176.399994 1.877326 1.169095 
0.438000 177.299988 1.877326 1.169095 
0.438000 178.199997 1.877326 1.169095 
0.438000 179.099991 1.877326 1.169095 
0.438000 180.000000 1.877326 1.169095 
0.438000 180.899994 1.877326 1.169095 
0.438000 181.799988 1.877326 1.169095 
0.438000 182.699997 1.877326 1.169095 
0.438000 183.599991 1.877326 1.169095 
0.438000 184.500000 1.877326 1.169095 
0.438000 185.399994 1.877326 1.169095 
0.438000 186.299988 1.877326 1.169095 
0.438000 187.199997 1.877326 1.169095 
0.438000 188.099991 1.877326 1.169095 
0.438000 189.000000 1.877326 1.169095 
0.438000 189.899994 1.877326 1.169095 
0.438000 190.799988 1.877326 1.169095 
0.438000 191.699997 1.877326 1.169095 
0.438000 192.599991 1.877326 1.169095 
0.438000 193.500000 1.877326 1.169095 
0.438000 194.399994 1.877326 1.169095 
0.438000 195.299988 1.877326 1.169095 
0.438000 196.199997 1.877326 1.169095 
0.438000 197.099991 1.877326 1.169095 
0.438000 198.000000 1.877326 1.169095 
0.438000 198.899994 1.877326 1.169095 
0.438000 199.799988 1.877326 1.169095 
0.438000 200.699997 1.877326 1.169095 
0.438000 201.599991 1.877326 1.169095 
0.438000 202.500000 1.877326 1.169095 
0.438000 203.399994 1.877326 1.169095 
0.438000 204.299988 1.877326 1.169095 
0.438000 205.199997 1.877326 1.169095 
0.438000 206.099991 1.877326 1.169095 
0.438000 207.000000 1.877326 1.169095 
0.438000 207.899994 1.877326 1.169095 
0.438000 208.799988 1.877326 1.169095 
0.438000 209.699997 1.877326 1.169095 
0.438000 210.599991 1.877326 1.169095 
0.438000 211.500000 1.877326 1.169095 
0.438000 212.399994 1.877326 1.169095 
0.438000 213.299988 1.877326 1.169095 
0.438000 214.199997 1.877326 1.169095 
0.438000 215.099991 1.877326 1.169095 
0.438000 216.000000 1.877326 1.169095 
0.438000 216.899994 1.877326 1.169095 
0.438000 217.799988 1.877326 1.169095 
0.438000 218.699997 1.877326 1.169095 
0.438000 219.599991 1.877326 1.169095 
0.438000 220.500000 1.877326 1.169095 
0.438000 221.399994 1.877326 1.169095 
0.438000 222.299988 1.877326 1.169095 
0.438000 223.199997 1.877326 1.169095 
0.438000 224.099991 1.877326 1.169095 
0.438000 225.000000 1.877326 1.169095 
0.438000 225.899994 1.877326 1.169095 
0.438000 226.799988 1.877326 1.169095 
0.438000 227.699997 1.877326 1.169095 
0.438000 228.599991 1.877323 1.169095 
0.438000 229.500000 1.877306 1.169095 
