0.817000 0.000000 1.815256 0.898306 
0.817000 0.900000 1.815208 0.898306 
0.817000 1.800000 1.815229 0.898306 
0.817000 2.700000 1.815236 0.898306 
0.817000 3.600000 1.815243 0.898306 
0.817000 4.500000 1.815246 0.898306 
0.817000 5.400000 1.815248 0.898306 
0.817000 6.300000 1.815249 0.898306 
0.817000 7.200000 1.815251 0.898306 
0.817000 8.099999 1.815251 0.898306 
0.817000 9.000000 1.815251 0.898306 
0.817000 9.900000 1.815251 0.898306 
0.817000 10.799999 1.815252 0.898306 
0.817000 11.700000 1.815252 0.898305 
0.817000 12.599999 1.815252 0.898305 
0.817000 13.500000 1.815252 0.898305 
0.817000 14.400000 1.815252 0.898305 
0.817000 15.299999 1.815252 0.898305 
0.817000 16.199999 1.815252 0.898305 
0.817000 17.100000 1.815252 0.898305 
0.817000 18.000000 1.815252 0.898305 
0.817000 18.900000 1.815252 0.898305 
0.817000 19.799999 1.815252 0.898305 
0.817000 20.699999 1.815252 0.898305 
0.817000 21.599998 1.815252 0.898305 
0.817000 22.500000 1.815252 0.898305 
0.817000 23.400000 1.815252 0.898305 
0.817000 24.299999 1.815252 0.898305 
0.817000 25.199999 1.815252 0.898305 
0.817000 26.099998 1.815252 0.898305 
0.817000 27.000000 1.815252 0.898305 
0.817000 27.900000 1.815252 0.898305 
0.817000 28.799999 1.815252 0.898305 
0.817000 29.699999 1.815252 0.898305 
0.817000 30.599998 1.815252 0.898305 
0.817000 31.500000 1.815252 0.898305 
0.817000 32.399998 1.815252 0.898305 
0.817000 33.299999 1.815252 0.898305 
0.817000 34.200001 1.815252 0.898305 
0.817000 35.099998 1.815252 0.898305 
0.817000 36.000000 1.815252 0.898305 
0.817000 36.899998 1.815252 0.898305 
0.817000 37.799999 1.815252 0.898305 
0.817000 38.700001 1.815252 0.898305 
0.817000 39.599998 1.815252 0.898305 
0.817000 40.500000 1.815252 0.898305 
0.817000 41.399998 1.815252 0.898305 
0.817000 42.299999 1.815252 0.898305 
0.817000 43.199997 1.815252 0.898305 
0.817000 44.099998 1.815252 0.898305 
0.817000 45.000000 1.815252 0.898305 
0.817000 45.899998 1.815252 0.898305 
0.817000 46.799999 1.815252 0.898305 
0.817000 47.699997 1.815252 0.898305 
0.817000 48.599998 1.815252 0.898305 
0.817000 49.500000 1.815252 0.898305 
0.817000 50.399998 1.815252 0.898305 
0.817000 51.299999 1.815252 0.898305 
0.817000 52.199997 1.815252 0.898305 
0.817000 53.099998 1.815252 0.898305 
0.817000 54.000000 1.815252 0.898305 
0.817000 54.899998 1.815252 0.898305 
0.817000 55.799999 1.815252 0.898305 
0.817000 56.699997 1.815252 0.898305 
0.817000 57.599998 1.815252 0.898305 
0.817000 58.500000 1.815252 0.898305 
0.817000 59.399998 1.815252 0.898305 
0.817000 60.299999 1.815252 0.898305 
0.817000 61.199997 1.815252 0.898305 
0.817000 62.099998 1.815252 0.898305 
0.817000 63.000000 1.815252 0.898305 
0.817000 63.899998 1.815252 0.898305 
0.817000 64.799995 1.815252 0.898305 
0.817000 65.699997 1.815252 0.898305 
0.817000 66.599998 1.815252 0.898305 
0.817000 67.500000 1.815252 0.898305 
0.817000 68.400002 1.815252 0.898305 
0.817000 69.299995 1.815252 0.898305 
0.817000 70.199997 1.815252 0.898305 
0.817000 71.099998 1.815252 0.898305 
0.817000 72.000000 1.815252 0.898305 
0.817000 72.900002 1.815252 0.898305 
0.817000 73.799995 1.815252 0.898305 
0.817000 74.699997 1.815252 0.898305 
0.817000 75.599998 1.815252 0.898305 
0.817000 76.500000 1.815252 0.898305 
0.817000 77.400002 1.815252 0.898305 
0.817000 78.299995 1.815252 0.898305 
0.817000 79.199997 1.815252 0.898305 
0.817000 80.099998 1.815252 0.898305 
0.817000 81.000000 1.815252 0.898305 
0.817000 81.900002 1.815252 0.898305 
0.817000 82.799995 1.815252 0.898305 
0.817000 83.699997 1.815252 0.898305 
0.817000 84.599998 1.815252 0.898305 
0.817000 85.500000 1.815252 0.898305 
0.817000 86.399994 1.815252 0.898305 
0.817000 87.299995 1.815252 0.898305 
0.817000 88.199997 1.815252 0.898305 
0.817000 89.099998 1.815252 0.898305 
0.817000 90.000000 1.815252 0.898305 
0.817000 90.899994 1.815252 0.898305 
0.817000 91.799995 1.815252 0.898305 
0.817000 92.699997 1.815252 0.898305 
0.817000 93.599998 1.815252 0.898305 
0.817000 94.500000 1.815252 0.898305 
0.817000 95.399994 1.815252 0.898305 
0.817000 96.299995 1.815252 0.898305 
0.817000 97.199997 1.815252 0.898305 
0.817000 98.099998 1.815252 0.898305 
0.817000 99.000000 1.815252 0.898305 
0.817000 99.899994 1.815252 0.898305 
0.817000 100.799995 1.815252 0.898305 
0.817000 101.699997 1.815252 0.898305 
0.817000 102.599998 1.815252 0.898305 
0.817000 103.500000 1.815252 0.898305 
0.817000 104.399994 1.815252 0.898305 
0.817000 105.299995 1.815252 0.898305 
0.817000 106.199997 1.815252 0.898305 
0.817000 107.099998 1.815252 0.898305 
0.817000 108.000000 1.815252 0.898305 
0.817000 108.899994 1.815252 0.898305 
0.817000 109.799995 1.815252 0.898305 
0.817000 110.699997 1.815252 0.898305 
0.817000 111.599998 1.815252 0.898305 
0.817000 112.500000 1.815252 0.898305 
0.817000 113.399994 1.815252 0.898305 
0.817000 114.299995 1.815252 0.898305 
0.817000 115.199997 1.815252 0.898305 
0.817000 116.099998 1.815252 0.898305 
0.817000 117.000000 1.815252 0.898305 
0.817000 117.899994 1.815252 0.898305 
0.817000 118.799995 1.815252 0.898305 
0.817000 119.699997 1.815252 0.898305 
0.817000 120.599998 1.815252 0.898305 
0.817000 121.500000 1.815252 0.898305 
0.817000 122.399994 1.815252 0.898305 
0.817000 123.299995 1.815252 0.898305 
0.817000 124.199997 1.815252 0.898305 
0.817000 125.099998 1.815252 0.898305 
0.817000 126.000000 1.815252 0.898305 
0.817000 126.899994 1.815252 0.898305 
0.817000 127.799995 1.815252 0.898305 
0.817000 128.699997 1.815252 0.898305 
0.817000 129.599991 1.815252 0.898305 
0.817000 130.500000 1.815252 0.898305 
0.817000 131.399994 1.815252 0.898305 
0.817000 132.300003 1.815252 0.898305 
0.817000 133.199997 1.815252 0.898305 
0.817000 134.099991 1.815252 0.898305 
0.817000 135.000000 1.815252 0.898305 
0.817000 135.899994 1.815252 0.898305 
0.817000 136.800003 1.815252 0.898305 
0.817000 137.699997 1.815252 0.898305 
0.817000 138.599991 1.815252 0.898305 
0.817000 139.500000 1.815252 0.898305 
0.817000 140.399994 1.815252 0.898305 
0.817000 141.300003 1.815252 0.898305 
0.817000 142.199997 1.815252 0.898305 
0.817000 143.099991 1.815252 0.898305 
0.817000 144.000000 1.815252 0.898305 
0.817000 144.899994 1.815252 0.898305 
0.817000 145.800003 1.815252 0.898305 
0.817000 146.699997 1.815252 0.898305 
0.817000 147.599991 1.815252 0.898305 
0.817000 148.500000 1.815252 0.898305 
0.817000 149.399994 1.815252 0.898305 
0.817000 150.300003 1.815252 0.898305 
0.817000 151.199997 1.815252 0.898305 
0.817000 152.099991 1.815252 0.898305 
0.817000 153.000000 1.815252 0.898305 
0.817000 153.899994 1.815252 0.898305 
0.817000 154.800003 1.815252 0.898305 
0.817000 155.699997 1.815252 0.898305 
0.817000 156.599991 1.815252 0.898305 
0.817000 157.500000 1.815252 0.898305 
0.817000 158.399994 1.815252 0.898305 
0.817000 159.300003 1.815252 0.898305 
0.817000 160.199997 1.815252 0.898305 
0.817000 161.099991 1.815252 0.898305 
0.817000 162.000000 1.815252 0.898305 
0.817000 162.899994 1.815252 0.898305 
0.817000 163.800003 1.815252 0.898305 
0.817000 164.699997 1.815252 0.898305 
0.817000 165.599991 1.815252 0.898305 
0.817000 166.500000 1.815252 0.898305 
0.817000 167.399994 1.815252 0.898305 
0.817000 168.300003 1.815252 0.898305 
0.817000 169.199997 1.815252 0.898305 
0.817000 170.099991 1.815252 0.898305 
0.817000 171.000000 1.815252 0.898305 
0.817000 171.899994 1.815252 0.898305 
0.817000 172.799988 1.815252 0.898305 
0.817000 173.699997 1.815252 0.898305 
0.817000 174.599991 1.815252 0.898305 
0.817000 175.500000 1.815252 0.898305 
0.817000 176.399994 1.815252 0.898305 
0.817000 177.299988 1.815252 0.898305 
0.817000 178.199997 1.815252 0.898305 
0.817000 179.099991 1.815252 0.898305 
0.817000 180.000000 1.815252 0.898305 
0.817000 180.899994 1.815252 0.898305 
0.817000 181.799988 1.815252 0.898305 
0.817000 182.699997 1.815252 0.898305 
0.817000 183.599991 1.815252 0.898305 
0.817000 184.500000 1.815252 0.898305 
0.817000 185.399994 1.815252 0.898305 
0.817000 186.299988 1.815252 0.898305 
0.817000 187.199997 1.815252 0.898305 
0.817000 188.099991 1.815252 0.898305 
0.817000 189.000000 1.815252 0.898305 
0.817000 189.899994 1.815252 0.898305 
0.817000 190.799988 1.815252 0.898305 
0.817000 191.699997 1.815252 0.898305 
0.817000 192.599991 1.815252 0.898305 
0.817000 193.500000 1.815252 0.898305 
0.817000 194.399994 1.815252 0.898305 
0.817000 195.299988 1.815252 0.898305 
0.817000 196.199997 1.815252 0.898305 
0.817000 197.099991 1.815252 0.898305 
0.817000 198.000000 1.815252 0.898305 
0.817000 198.899994 1.815252 0.898305 
0.817000 199.799988 1.815252 0.898305 
0.817000 200.699997 1.815252 0.898305 
0.817000 201.599991 1.815252 0.898305 
0.817000 202.500000 1.815252 0.898305 
0.817000 203.399994 1.815252 0.898305 
0.817000 204.299988 1.815252 0.898305 
0.817000 205.199997 1.815252 0.898305 
0.817000 206.099991 1.815252 0.898305 
0.817000 207.000000 1.815252 0.898305 
0.817000 207.899994 1.815252 0.898305 
0.817000 208.799988 1.815252 0.898305 
0.817000 209.699997 1.815252 0.898305 
0.817000 210.599991 1.815252 0.898305 
0.817000 211.500000 1.815252 0.898305 
0.817000 212.399994 1.815252 0.898305 
0.817000 213.299988 1.815252 0.898305 
0.817000 214.199997 1.815252 0.898305 
0.817000 215.099991 1.815252 0.898305 
0.817000 216.000000 1.815252 0.898305 
0.817000 216.899994 1.815252 0.898305 
0.817000 217.799988 1.815252 0.898305 
0.817000 218.699997 1.815252 0.898305 
0.817000 219.599991 1.815252 0.898305 
0.817000 220.500000 1.815252 0.898305 
0.817000 221.399994 1.815252 0.898306 
0.817000 222.299988 1.815252 0.898306 
0.817000 223.199997 1.815252 0.898306 
0.817000 224.099991 1.815252 0.898306 
0.817000 225.000000 1.815252 0.898306 
0.817000 225.899994 1.815252 0.898306 
0.817000 226.799988 1.815252 0.898306 
0.817000 227.699997 1.815251 0.898306 
0.817000 228.599991 1.815242 0.898307 
0.817000 229.500000 1.815211 0.898307 
