0.936000 0.000000 1.739532 0.881401 
0.936000 0.900000 1.739484 0.881401 
0.936000 1.800000 1.739504 0.881401 
0.936000 2.700000 1.739513 0.881401 
0.936000 3.600000 1.739522 0.881401 
0.936000 4.500000 1.739525 0.881400 
0.936000 5.400000 1.739527 0.881400 
0.936000 6.300000 1.739529 0.881400 
0.936000 7.200000 1.739531 0.881400 
0.936000 8.099999 1.739531 0.881400 
0.936000 9.000000 1.739531 0.881400 
0.936000 9.900000 1.739532 0.881400 
0.936000 10.799999 1.739532 0.881400 
0.936000 11.700000 1.739532 0.881400 
0.936000 12.599999 1.739532 0.881400 
0.936000 13.500000 1.739532 0.881400 
0.936000 14.400000 1.739532 0.881400 
0.936000 15.299999 1.739532 0.881400 
0.936000 16.199999 1.739532 0.881400 
0.936000 17.100000 1.739532 0.881400 
0.936000 18.000000 1.739532 0.881400 
0.936000 18.900000 1.739532 0.881399 
0.936000 19.799999 1.739532 0.881399 
0.936000 20.699999 1.739532 0.881399 
0.936000 21.599998 1.739532 0.881399 
0.936000 22.500000 1.739532 0.881399 
0.936000 23.400000 1.739532 0.881399 
0.936000 24.299999 1.739532 0.881399 
0.936000 25.199999 1.739532 0.881399 
0.936000 26.099998 1.739532 0.881399 
0.936000 27.000000 1.739532 0.881399 
0.936000 27.900000 1.739532 0.881399 
0.936000 28.799999 1.739532 0.881399 
0.936000 29.699999 1.739532 0.881399 
0.936000 30.599998 1.739532 0.881399 
0.936000 31.500000 1.739532 0.881399 
0.936000 32.399998 1.739532 0.881399 
0.936000 33.299999 1.739532 0.881399 
0.936000 34.200001 1.739532 0.881399 
0.936000 35.099998 1.739532 0.881399 
0.936000 36.000000 1.739532 0.881399 
0.936000 36.899998 1.739532 0.881399 
0.936000 37.799999 1.739532 0.881399 
0.936000 38.700001 1.739532 0.881399 
0.936000 39.599998 1.739532 0.881399 
0.936000 40.500000 1.739532 0.881399 
0.936000 41.399998 1.739532 0.881399 
0.936000 42.299999 1.739532 0.881399 
0.936000 43.199997 1.739532 0.881399 
0.936000 44.099998 1.739532 0.881399 
0.936000 45.000000 1.739532 0.881399 
0.936000 45.899998 1.739532 0.881399 
0.936000 46.799999 1.739532 0.881399 
0.936000 47.699997 1.739532 0.881399 
0.936000 48.599998 1.739532 0.881399 
0.936000 49.500000 1.739532 0.881399 
0.936000 50.399998 1.739532 0.881399 
0.936000 51.299999 1.739532 0.881399 
0.936000 52.199997 1.739532 0.881399 
0.936000 53.099998 1.739532 0.881399 
0.936000 54.000000 1.739532 0.881399 
0.936000 54.899998 1.739532 0.881399 
0.936000 55.799999 1.739532 0.881399 
0.936000 56.699997 1.739532 0.881399 
0.936000 57.599998 1.739532 0.881399 
0.936000 58.500000 1.739532 0.881399 
0.936000 59.399998 1.739532 0.881399 
0.936000 60.299999 1.739532 0.881399 
0.936000 61.199997 1.739532 0.881399 
0.936000 62.099998 1.739532 0.881399 
0.936000 63.000000 1.739532 0.881399 
0.936000 63.899998 1.739532 0.881399 
0.936000 64.799995 1.739532 0.881399 
0.936000 65.699997 1.739532 0.881399 
0.936000 66.599998 1.739532 0.881399 
0.936000 67.500000 1.739532 0.881399 
0.936000 68.400002 1.739532 0.881399 
0.936000 69.299995 1.739532 0.881399 
0.936000 70.199997 1.739532 0.881399 
0.936000 71.099998 1.739532 0.881399 
0.936000 72.000000 1.739532 0.881399 
0.936000 72.900002 1.739532 0.881399 
0.936000 73.799995 1.739532 0.881399 
0.936000 74.699997 1.739532 0.881399 
0.936000 75.599998 1.739532 0.881399 
0.936000 76.500000 1.739532 0.881399 
0.936000 77.400002 1.739532 0.881399 
0.936000 78.299995 1.739532 0.881399 
0.936000 79.199997 1.739532 0.881399 
0.936000 80.099998 1.739532 0.881399 
0.936000 81.000000 1.739532 0.881399 
0.936000 81.900002 1.739532 0.881399 
0.936000 82.799995 1.739532 0.881399 
0.936000 83.699997 1.739532 0.881399 
0.936000 84.599998 1.739532 0.881399 
0.936000 85.500000 1.739532 0.881399 
0.936000 86.399994 1.739532 0.881399 
0.936000 87.299995 1.739532 0.881399 
0.936000 88.199997 1.739532 0.881399 
0.936000 89.099998 1.739532 0.881399 
0.936000 90.000000 1.739532 0.881399 
0.936000 90.899994 1.739532 0.881399 
0.936000 91.799995 1.739532 0.881399 
0.936000 92.699997 1.739532 0.881399 
0.936000 93.599998 1.739532 0.881399 
0.936000 94.500000 1.739532 0.881399 
0.936000 95.399994 1.739532 0.881399 
0.936000 96.299995 1.739532 0.881399 
0.936000 97.199997 1.739532 0.881399 
0.936000 98.099998 1.739532 0.881399 
0.936000 99.000000 1.739532 0.881399 
0.936000 99.899994 1.739532 0.881399 
0.936000 100.799995 1.739532 0.881399 
0.936000 101.699997 1.739532 0.881399 
0.936000 102.599998 1.739532 0.881399 
0.936000 103.500000 1.739532 0.881399 
0.936000 104.399994 1.739532 0.881399 
0.936000 105.299995 1.739532 0.881399 
0.936000 106.199997 1.739532 0.881399 
0.936000 107.099998 1.739532 0.881399 
0.936000 108.000000 1.739532 0.881399 
0.936000 108.899994 1.739532 0.881399 
0.936000 109.799995 1.739532 0.881399 
0.936000 110.699997 1.739532 0.881399 
0.936000 111.599998 1.739532 0.881399 
0.936000 112.500000 1.739532 0.881399 
0.936000 113.399994 1.739532 0.881399 
0.936000 114.299995 1.739532 0.881399 
0.936000 115.199997 1.739532 0.881399 
0.936000 116.099998 1.739532 0.881399 
0.936000 117.000000 1.739532 0.881399 
0.936000 117.899994 1.739532 0.881399 
0.936000 118.799995 1.739532 0.881399 
0.936000 119.699997 1.739532 0.881399 
0.936000 120.599998 1.739532 0.881399 
0.936000 121.500000 1.739532 0.881399 
0.936000 122.399994 1.739532 0.881399 
0.936000 123.299995 1.739532 0.881399 
0.936000 124.199997 1.739532 0.881399 
0.936000 125.099998 1.739532 0.881399 
0.936000 126.000000 1.739532 0.881399 
0.936000 126.899994 1.739532 0.881399 
0.936000 127.799995 1.739532 0.881399 
0.936000 128.699997 1.739532 0.881399 
0.936000 129.599991 1.739532 0.881399 
0.936000 130.500000 1.739532 0.881399 
0.936000 131.399994 1.739532 0.881399 
0.936000 132.300003 1.739532 0.881399 
0.936000 133.199997 1.739532 0.881399 
0.936000 134.099991 1.739532 0.881399 
0.936000 135.000000 1.739532 0.881399 
0.936000 135.899994 1.739532 0.881399 
0.936000 136.800003 1.739532 0.881399 
0.936000 137.699997 1.739532 0.881399 
0.936000 138.599991 1.739532 0.881399 
0.936000 139.500000 1.739532 0.881399 
0.936000 140.399994 1.739532 0.881399 
0.936000 141.300003 1.739532 0.881399 
0.936000 142.199997 1.739532 0.881399 
0.936000 143.099991 1.739532 0.881399 
0.936000 144.000000 1.739532 0.881399 
0.936000 144.899994 1.739532 0.881399 
0.936000 145.800003 1.739532 0.881399 
0.936000 146.699997 1.739532 0.881399 
0.936000 147.599991 1.739532 0.881399 
0.936000 148.500000 1.739532 0.881399 
0.936000 149.399994 1.739532 0.881399 
0.936000 150.300003 1.739532 0.881399 
0.936000 151.199997 1.739532 0.881399 
0.936000 152.099991 1.739532 0.881399 
0.936000 153.000000 1.739532 0.881399 
0.936000 153.899994 1.739532 0.881399 
0.936000 154.800003 1.739532 0.881399 
0.936000 155.699997 1.739532 0.881399 
0.936000 156.599991 1.739532 0.881399 
0.936000 157.500000 1.739532 0.881399 
0.936000 158.399994 1.739532 0.881399 
0.936000 159.300003 1.739532 0.881399 
0.936000 160.199997 1.739532 0.881399 
0.936000 161.099991 1.739532 0.881399 
0.936000 162.000000 1.739532 0.881399 
0.936000 162.899994 1.739532 0.881399 
0.936000 163.800003 1.739532 0.881399 
0.936000 164.699997 1.739532 0.881399 
0.936000 165.599991 1.739532 0.881399 
0.936000 166.500000 1.739532 0.881399 
0.936000 167.399994 1.739532 0.881399 
0.936000 168.300003 1.739532 0.881399 
0.936000 169.199997 1.739532 0.881399 
0.936000 170.099991 1.739532 0.881399 
0.936000 171.000000 1.739532 0.881399 
0.936000 171.899994 1.739532 0.881399 
0.936000 172.799988 1.739532 0.881399 
0.936000 173.699997 1.739532 0.881399 
0.936000 174.599991 1.739532 0.881399 
0.936000 175.500000 1.739532 0.881399 
0.936000 176.399994 1.739532 0.881399 
0.936000 177.299988 1.739532 0.881399 
0.936000 178.199997 1.739532 0.881399 
0.936000 179.099991 1.739532 0.881399 
0.936000 180.000000 1.739532 0.881399 
0.936000 180.899994 1.739532 0.881399 
0.936000 181.799988 1.739532 0.881399 
0.936000 182.699997 1.739532 0.881399 
0.936000 183.599991 1.739532 0.881399 
0.936000 184.500000 1.739532 0.881399 
0.936000 185.399994 1.739532 0.881399 
0.936000 186.299988 1.739532 0.881399 
0.936000 187.199997 1.739532 0.881399 
0.936000 188.099991 1.739532 0.881399 
0.936000 189.000000 1.739532 0.881399 
0.936000 189.899994 1.739532 0.881399 
0.936000 190.799988 1.739532 0.881399 
0.936000 191.699997 1.739532 0.881399 
0.936000 192.599991 1.739532 0.881399 
0.936000 193.500000 1.739532 0.881399 
0.936000 194.399994 1.739532 0.881399 
0.936000 195.299988 1.739532 0.881399 
0.936000 196.199997 1.739532 0.881399 
0.936000 197.099991 1.739532 0.881399 
0.936000 198.000000 1.739532 0.881399 
0.936000 198.899994 1.739532 0.881399 
0.936000 199.799988 1.739532 0.881399 
0.936000 200.699997 1.739532 0.881399 
0.936000 201.599991 1.739532 0.881399 
0.936000 202.500000 1.739532 0.881399 
0.936000 203.399994 1.739532 0.881399 
0.936000 204.299988 1.739532 0.881399 
0.936000 205.199997 1.739532 0.881399 
0.936000 206.099991 1.739532 0.881399 
0.936000 207.000000 1.739532 0.881399 
0.936000 207.899994 1.739532 0.881399 
0.936000 208.799988 1.739532 0.881399 
0.936000 209.699997 1.739532 0.881399 
0.936000 210.599991 1.739532 0.881399 
0.936000 211.500000 1.739532 0.881399 
0.936000 212.399994 1.739532 0.881399 
0.936000 213.299988 1.739532 0.881399 
0.936000 214.199997 1.739532 0.881399 
0.936000 215.099991 1.739532 0.881399 
0.936000 216.000000 1.739532 0.881399 
0.936000 216.899994 1.739532 0.881400 
0.936000 217.799988 1.739532 0.881400 
0.936000 218.699997 1.739532 0.881400 
0.936000 219.599991 1.739532 0.881400 
0.936000 220.500000 1.739532 0.881400 
0.936000 221.399994 1.739532 0.881400 
0.936000 222.299988 1.739532 0.881400 
0.936000 223.199997 1.739532 0.881400 
0.936000 224.099991 1.739532 0.881400 
0.936000 225.000000 1.739532 0.881400 
0.936000 225.899994 1.739533 0.881400 
0.936000 226.799988 1.739533 0.881400 
0.936000 227.699997 1.739531 0.881401 
0.936000 228.599991 1.739520 0.881401 
0.936000 229.500000 1.739488 0.881402 
