0.555000 0.000000 1.902143 1.039719 
0.555000 0.900000 1.902102 1.039719 
0.555000 1.800000 1.902120 1.039719 
0.555000 2.700000 1.902124 1.039719 
0.555000 3.600000 1.902129 1.039719 
0.555000 4.500000 1.902131 1.039719 
0.555000 5.400000 1.902133 1.039719 
0.555000 6.300000 1.902133 1.039719 
0.555000 7.200000 1.902134 1.039719 
0.555000 8.099999 1.902135 1.039719 
0.555000 9.000000 1.902135 1.039719 
0.555000 9.900000 1.902135 1.039719 
0.555000 10.799999 1.902135 1.039719 
0.555000 11.700000 1.902135 1.039719 
0.555000 12.599999 1.902135 1.039719 
0.555000 13.500000 1.902135 1.039719 
0.555000 14.400000 1.902135 1.039720 
0.555000 15.299999 1.902136 1.039720 
0.555000 16.199999 1.902136 1.039720 
0.555000 17.100000 1.902136 1.039720 
0.555000 18.000000 1.902136 1.039720 
0.555000 18.900000 1.902136 1.039720 
0.555000 19.799999 1.902136 1.039720 
0.555000 20.699999 1.902136 1.039720 
0.555000 21.599998 1.902136 1.039720 
0.555000 22.500000 1.902136 1.039720 
0.555000 23.400000 1.902136 1.039720 
0.555000 24.299999 1.902136 1.039720 
0.555000 25.199999 1.902136 1.039720 
0.555000 26.099998 1.902136 1.039720 
0.555000 27.000000 1.902136 1.039720 
0.555000 27.900000 1.902136 1.039720 
0.555000 28.799999 1.902136 1.039720 
0.555000 29.699999 1.902136 1.039720 
0.555000 30.599998 1.902136 1.039720 
0.555000 31.500000 1.902136 1.039720 
0.555000 32.399998 1.902136 1.039720 
0.555000 33.299999 1.902136 1.039720 
0.555000 34.200001 1.902136 1.039720 
0.555000 35.099998 1.902136 1.039720 
0.555000 36.000000 1.902136 1.039720 
0.555000 36.899998 1.902136 1.039720 
0.555000 37.799999 1.902136 1.039720 
0.555000 38.700001 1.902136 1.039720 
0.555000 39.599998 1.902136 1.039720 
0.555000 40.500000 1.902136 1.039720 
0.555000 41.399998 1.902136 1.039720 
0.555000 42.299999 1.902136 1.039720 
0.555000 43.199997 1.902136 1.039720 
0.555000 44.099998 1.902136 1.039720 
0.555000 45.000000 1.902136 1.039720 
0.555000 45.899998 1.902136 1.039720 
0.555000 46.799999 1.902136 1.039720 
0.555000 47.699997 1.902136 1.039720 
0.555000 48.599998 1.902136 1.039720 
0.555000 49.500000 1.902136 1.039720 
0.555000 50.399998 1.902136 1.039720 
0.555000 51.299999 1.902136 1.039720 
0.555000 52.199997 1.902136 1.039720 
0.555000 53.099998 1.902136 1.039720 
0.555000 54.000000 1.902136 1.039720 
0.555000 54.899998 1.902136 1.039720 
0.555000 55.799999 1.902136 1.039720 
0.555000 56.699997 1.902136 1.039720 
0.555000 57.599998 1.902136 1.039720 
0.555000 58.500000 1.902136 1.039720 
0.555000 59.399998 1.902136 1.039720 
0.555000 60.299999 1.902136 1.039720 
0.555000 61.199997 1.902136 1.039720 
0.555000 62.099998 1.902136 1.039720 
0.555000 63.000000 1.902136 1.039720 
0.555000 63.899998 1.902136 1.039720 
0.555000 64.799995 1.902136 1.039720 
0.555000 65.699997 1.902136 1.039720 
0.555000 66.599998 1.902136 1.039720 
0.555000 67.500000 1.902136 1.039720 
0.555000 68.400002 1.902136 1.039720 
0.555000 69.299995 1.902136 1.039720 
0.555000 70.199997 1.902136 1.039720 
0.555000 71.099998 1.902136 1.039720 
0.555000 72.000000 1.902136 1.039720 
0.555000 72.900002 1.902136 1.039720 
0.555000 73.799995 1.902136 1.039720 
0.555000 74.699997 1.902136 1.039720 
0.555000 75.599998 1.902136 1.039720 
0.555000 76.500000 1.902136 1.039720 
0.555000 77.400002 1.902136 1.039720 
0.555000 78.299995 1.902136 1.039720 
0.555000 79.199997 1.902136 1.039720 
0.555000 80.099998 1.902136 1.039720 
0.555000 81.000000 1.902136 1.039720 
0.555000 81.900002 1.902136 1.039720 
0.555000 82.799995 1.902136 1.039720 
0.555000 83.699997 1.902136 1.039720 
0.555000 84.599998 1.902136 1.039720 
0.555000 85.500000 1.902136 1.039720 
0.555000 86.399994 1.902136 1.039720 
0.555000 87.299995 1.902136 1.039720 
0.555000 88.199997 1.902136 1.039720 
0.555000 89.099998 1.902136 1.039720 
0.555000 90.000000 1.902136 1.039720 
0.555000 90.899994 1.902136 1.039720 
0.555000 91.799995 1.902136 1.039720 
0.555000 92.699997 1.902136 1.039720 
0.555000 93.599998 1.902136 1.039720 
0.555000 94.500000 1.902136 1.039720 
0.555000 95.399994 1.902136 1.039720 
0.555000 96.299995 1.902136 1.039720 
0.555000 97.199997 1.902136 1.039720 
0.555000 98.099998 1.902136 1.039720 
0.555000 99.000000 1.902136 1.039720 
0.555000 99.899994 1.902136 1.039720 
0.555000 100.799995 1.902136 1.039720 
0.555000 101.699997 1.902136 1.039720 
0.555000 102.599998 1.902136 1.039720 
0.555000 103.500000 1.902136 1.039720 
0.555000 104.399994 1.902136 1.039720 
0.555000 105.299995 1.902136 1.039720 
0.555000 106.199997 1.902136 1.039720 
0.555000 107.099998 1.902136 1.039720 
0.555000 108.000000 1.902136 1.039720 
0.555000 108.899994 1.902136 1.039720 
0.555000 109.799995 1.902136 1.039720 
0.555000 110.699997 1.902136 1.039720 
0.555000 111.599998 1.902136 1.039720 
0.555000 112.500000 1.902136 1.039720 
0.555000 113.399994 1.902136 1.039720 
0.555000 114.299995 1.902136 1.039720 
0.555000 115.199997 1.902136 1.039720 
0.555000 116.099998 1.902136 1.039720 
0.555000 117.000000 1.902136 1.039720 
0.555000 117.899994 1.902136 1.039720 
0.555000 118.799995 1.902136 1.039720 
0.555000 119.699997 1.902136 1.039720 
0.555000 120.599998 1.902136 1.039720 
0.555000 121.500000 1.902136 1.039720 
0.555000 122.399994 1.902136 1.039720 
0.555000 123.299995 1.902136 1.039720 
0.555000 124.199997 1.902136 1.039720 
0.555000 125.099998 1.902136 1.039720 
0.555000 126.000000 1.902136 1.039720 
0.555000 126.899994 1.902136 1.039720 
0.555000 127.799995 1.902136 1.039720 
0.555000 128.699997 1.902136 1.039720 
0.555000 129.599991 1.902136 1.039720 
0.555000 130.500000 1.902136 1.039720 
0.555000 131.399994 1.902136 1.039720 
0.555000 132.300003 1.902136 1.039720 
0.555000 133.199997 1.902136 1.039720 
0.555000 134.099991 1.902136 1.039720 
0.555000 135.000000 1.902136 1.039720 
0.555000 135.899994 1.902136 1.039720 
0.555000 136.800003 1.902136 1.039720 
0.555000 137.699997 1.902136 1.039720 
0.555000 138.599991 1.902136 1.039720 
0.555000 139.500000 1.902136 1.039720 
0.555000 140.399994 1.902136 1.039720 
0.555000 141.300003 1.902136 1.039720 
0.555000 142.199997 1.902136 1.039720 
0.555000 143.099991 1.902136 1.039720 
0.555000 144.000000 1.902136 1.039720 
0.555000 144.899994 1.902136 1.039720 
0.555000 145.800003 1.902136 1.039720 
0.555000 146.699997 1.902136 1.039720 
0.555000 147.599991 1.902136 1.039720 
0.555000 148.500000 1.902136 1.039720 
0.555000 149.399994 1.902136 1.039720 
0.555000 150.300003 1.902136 1.039720 
0.555000 151.199997 1.902136 1.039720 
0.555000 152.099991 1.902136 1.039720 
0.555000 153.000000 1.902136 1.039720 
0.555000 153.899994 1.902136 1.039720 
0.555000 154.800003 1.902136 1.039720 
0.555000 155.699997 1.902136 1.039720 
0.555000 156.599991 1.902136 1.039720 
0.555000 157.500000 1.902136 1.039720 
0.555000 158.399994 1.902136 1.039720 
0.555000 159.300003 1.902136 1.039720 
0.555000 160.199997 1.902136 1.039720 
0.555000 161.099991 1.902136 1.039720 
0.555000 162.000000 1.902136 1.039720 
0.555000 162.899994 1.902136 1.039720 
0.555000 163.800003 1.902136 1.039720 
0.555000 164.699997 1.902136 1.039720 
0.555000 165.599991 1.902136 1.039720 
0.555000 166.500000 1.902136 1.039720 
0.555000 167.399994 1.902136 1.039720 
0.555000 168.300003 1.902136 1.039720 
0.555000 169.199997 1.902136 1.039720 
0.555000 170.099991 1.902136 1.039720 
0.555000 171.000000 1.902136 1.039720 
0.555000 171.899994 1.902136 1.039720 
0.555000 172.799988 1.902136 1.039720 
0.555000 173.699997 1.902136 1.039720 
0.555000 174.599991 1.902136 1.039720 
0.555000 175.500000 1.902136 1.039720 
0.555000 176.399994 1.902136 1.039720 
0.555000 177.299988 1.902136 1.039720 
0.555000 178.199997 1.902136 1.039720 
0.555000 179.099991 1.902136 1.039720 
0.555000 180.000000 1.902136 1.039720 
0.555000 180.899994 1.902136 1.039720 
0.555000 181.799988 1.902136 1.039720 
0.555000 182.699997 1.902136 1.039720 
0.555000 183.599991 1.902136 1.039720 
0.555000 184.500000 1.902136 1.039720 
0.555000 185.399994 1.902136 1.039720 
0.555000 186.299988 1.902136 1.039720 
0.555000 187.199997 1.902136 1.039720 
0.555000 188.099991 1.902136 1.039720 
0.555000 189.000000 1.902136 1.039720 
0.555000 189.899994 1.902136 1.039720 
0.555000 190.799988 1.902136 1.039720 
0.555000 191.699997 1.902136 1.039720 
0.555000 192.599991 1.902136 1.039720 
0.555000 193.500000 1.902136 1.039720 
0.555000 194.399994 1.902136 1.039720 
0.555000 195.299988 1.902136 1.039720 
0.555000 196.199997 1.902136 1.039720 
0.555000 197.099991 1.902136 1.039720 
0.555000 198.000000 1.902136 1.039720 
0.555000 198.899994 1.902136 1.039720 
0.555000 199.799988 1.902136 1.039720 
0.555000 200.699997 1.902136 1.039720 
0.555000 201.599991 1.902136 1.039720 
0.555000 202.500000 1.902136 1.039720 
0.555000 203.399994 1.902136 1.039720 
0.555000 204.299988 1.902136 1.039720 
0.555000 205.199997 1.902136 1.039720 
0.555000 206.099991 1.902136 1.039720 
0.555000 207.000000 1.902136 1.039720 
0.555000 207.899994 1.902136 1.039720 
0.555000 208.799988 1.902136 1.039720 
0.555000 209.699997 1.902136 1.039720 
0.555000 210.599991 1.902136 1.039720 
0.555000 211.500000 1.902136 1.039720 
0.555000 212.399994 1.902136 1.039720 
0.555000 213.299988 1.902136 1.039720 
0.555000 214.199997 1.902136 1.039720 
0.555000 215.099991 1.902136 1.039720 
0.555000 216.000000 1.902136 1.039720 
0.555000 216.899994 1.902136 1.039720 
0.555000 217.799988 1.902136 1.039720 
0.555000 218.699997 1.902136 1.039720 
0.555000 219.599991 1.902136 1.039720 
0.555000 220.500000 1.902136 1.039720 
0.555000 221.399994 1.902136 1.039720 
0.555000 222.299988 1.902136 1.039720 
0.555000 223.199997 1.902136 1.039720 
0.555000 224.099991 1.902136 1.039720 
0.555000 225.000000 1.902136 1.039720 
0.555000 225.899994 1.902136 1.039720 
0.555000 226.799988 1.902135 1.039720 
0.555000 227.699997 1.902135 1.039720 
0.555000 228.599991 1.902130 1.039721 
0.555000 229.500000 1.902107 1.039721 
