0.777000 0.000000 1.837323 0.909296 
0.777000 0.900000 1.837275 0.909297 
0.777000 1.800000 1.837295 0.909296 
0.777000 2.700000 1.837303 0.909296 
0.777000 3.600000 1.837309 0.909297 
0.777000 4.500000 1.837312 0.909297 
0.777000 5.400000 1.837314 0.909296 
0.777000 6.300000 1.837315 0.909296 
0.777000 7.200000 1.837317 0.909296 
0.777000 8.099999 1.837317 0.909296 
0.777000 9.000000 1.837317 0.909296 
0.777000 9.900000 1.837317 0.909296 
0.777000 10.799999 1.837317 0.909296 
0.777000 11.700000 1.837317 0.909296 
0.777000 12.599999 1.837317 0.909296 
0.777000 13.500000 1.837317 0.909296 
0.777000 14.400000 1.837317 0.909296 
0.777000 15.299999 1.837317 0.909296 
0.777000 16.199999 1.837317 0.909296 
0.777000 17.100000 1.837317 0.909296 
0.777000 18.000000 1.837317 0.909296 
0.777000 18.900000 1.837317 0.909296 
0.777000 19.799999 1.837317 0.909296 
0.777000 20.699999 1.837317 0.909296 
0.777000 21.599998 1.837317 0.909296 
0.777000 22.500000 1.837317 0.909296 
0.777000 23.400000 1.837317 0.909296 
0.777000 24.299999 1.837317 0.909296 
0.777000 25.199999 1.837317 0.909296 
0.777000 26.099998 1.837317 0.909296 
0.777000 27.000000 1.837317 0.909296 
0.777000 27.900000 1.837317 0.909296 
0.777000 28.799999 1.837317 0.909296 
0.777000 29.699999 1.837317 0.909296 
0.777000 30.599998 1.837317 0.909296 
0.777000 31.500000 1.837317 0.909296 
0.777000 32.399998 1.837317 0.909296 
0.777000 33.299999 1.837317 0.909296 
0.777000 34.200001 1.837317 0.909296 
0.777000 35.099998 1.837317 0.909296 
0.777000 36.000000 1.837317 0.909296 
0.777000 36.899998 1.837317 0.909296 
0.777000 37.799999 1.837317 0.909296 
0.777000 38.700001 1.837317 0.909296 
0.777000 39.599998 1.837317 0.909296 
0.777000 40.500000 1.837317 0.909296 
0.777000 41.399998 1.837317 0.909296 
0.777000 42.299999 1.837317 0.909296 
0.777000 43.199997 1.837317 0.909296 
0.777000 44.099998 1.837317 0.909296 
0.777000 45.000000 1.837317 0.909296 
0.777000 45.899998 1.837317 0.909296 
0.777000 46.799999 1.837317 0.909296 
0.777000 47.699997 1.837317 0.909296 
0.777000 48.599998 1.837317 0.909296 
0.777000 49.500000 1.837317 0.909296 
0.777000 50.399998 1.837317 0.909296 
0.777000 51.299999 1.837317 0.909296 
0.777000 52.199997 1.837317 0.909296 
0.777000 53.099998 1.837317 0.909296 
0.777000 54.000000 1.837317 0.909296 
0.777000 54.899998 1.837317 0.909296 
0.777000 55.799999 1.837317 0.909296 
0.777000 56.699997 1.837317 0.909296 
0.777000 57.599998 1.837317 0.909296 
0.777000 58.500000 1.837317 0.909296 
0.777000 59.399998 1.837317 0.909296 
0.777000 60.299999 1.837317 0.909296 
0.777000 61.199997 1.837317 0.909296 
0.777000 62.099998 1.837317 0.909296 
0.777000 63.000000 1.837317 0.909296 
0.777000 63.899998 1.837317 0.909296 
0.777000 64.799995 1.837317 0.909296 
0.777000 65.699997 1.837317 0.909296 
0.777000 66.599998 1.837317 0.909296 
0.777000 67.500000 1.837317 0.909296 
0.777000 68.400002 1.837317 0.909296 
0.777000 69.299995 1.837317 0.909296 
0.777000 70.199997 1.837317 0.909296 
0.777000 71.099998 1.837317 0.909296 
0.777000 72.000000 1.837317 0.909296 
0.777000 72.900002 1.837317 0.909296 
0.777000 73.799995 1.837317 0.909296 
0.777000 74.699997 1.837317 0.909296 
0.777000 75.599998 1.837317 0.909296 
0.777000 76.500000 1.837317 0.909296 
0.777000 77.400002 1.837317 0.909296 
0.777000 78.299995 1.837317 0.909296 
0.777000 79.199997 1.837317 0.909296 
0.777000 80.099998 1.837317 0.909296 
0.777000 81.000000 1.837317 0.909296 
0.777000 81.900002 1.837317 0.909296 
0.777000 82.799995 1.837317 0.909296 
0.777000 83.699997 1.837317 0.909296 
0.777000 84.599998 1.837317 0.909296 
0.777000 85.500000 1.837317 0.909296 
0.777000 86.399994 1.837317 0.909296 
0.777000 87.299995 1.837317 0.909296 
0.777000 88.199997 1.837317 0.909296 
0.777000 89.099998 1.837317 0.909296 
0.777000 90.000000 1.837317 0.909296 
0.777000 90.899994 1.837317 0.909296 
0.777000 91.799995 1.837317 0.909296 
0.777000 92.699997 1.837317 0.909296 
0.777000 93.599998 1.837317 0.909296 
0.777000 94.500000 1.837317 0.909296 
0.777000 95.399994 1.837317 0.909296 
0.777000 96.299995 1.837317 0.909296 
0.777000 97.199997 1.837317 0.909296 
0.777000 98.099998 1.837317 0.909296 
0.777000 99.000000 1.837317 0.909296 
0.777000 99.899994 1.837317 0.909296 
0.777000 100.799995 1.837317 0.909296 
0.777000 101.699997 1.837317 0.909296 
0.777000 102.599998 1.837317 0.909296 
0.777000 103.500000 1.837317 0.909296 
0.777000 104.399994 1.837317 0.909296 
0.777000 105.299995 1.837317 0.909296 
0.777000 106.199997 1.837317 0.909296 
0.777000 107.099998 1.837317 0.909296 
0.777000 108.000000 1.837317 0.909296 
0.777000 108.899994 1.837317 0.909296 
0.777000 109.799995 1.837317 0.909296 
0.777000 110.699997 1.837317 0.909296 
0.777000 111.599998 1.837317 0.909296 
0.777000 112.500000 1.837317 0.909296 
0.777000 113.399994 1.837317 0.909296 
0.777000 114.299995 1.837317 0.909296 
0.777000 115.199997 1.837317 0.909296 
0.777000 116.099998 1.837317 0.909296 
0.777000 117.000000 1.837317 0.909296 
0.777000 117.899994 1.837317 0.909296 
0.777000 118.799995 1.837317 0.909296 
0.777000 119.699997 1.837317 0.909296 
0.777000 120.599998 1.837317 0.909296 
0.777000 121.500000 1.837317 0.909296 
0.777000 122.399994 1.837317 0.909296 
0.777000 123.299995 1.837317 0.909296 
0.777000 124.199997 1.837317 0.909296 
0.777000 125.099998 1.837317 0.909296 
0.777000 126.000000 1.837317 0.909296 
0.777000 126.899994 1.837317 0.909296 
0.777000 127.799995 1.837317 0.909296 
0.777000 128.699997 1.837317 0.909296 
0.777000 129.599991 1.837317 0.909296 
0.777000 130.500000 1.837317 0.909296 
0.777000 131.399994 1.837317 0.909296 
0.777000 132.300003 1.837317 0.909296 
0.777000 133.199997 1.837317 0.909296 
0.777000 134.099991 1.837317 0.909296 
0.777000 135.000000 1.837317 0.909296 
0.777000 135.899994 1.837317 0.909296 
0.777000 136.800003 1.837317 0.909296 
0.777000 137.699997 1.837317 0.909296 
0.777000 138.599991 1.837317 0.909296 
0.777000 139.500000 1.837317 0.909296 
0.777000 140.399994 1.837317 0.909296 
0.777000 141.300003 1.837317 0.909296 
0.777000 142.199997 1.837317 0.909296 
0.777000 143.099991 1.837317 0.909296 
0.777000 144.000000 1.837317 0.909296 
0.777000 144.899994 1.837317 0.909296 
0.777000 145.800003 1.837317 0.909296 
0.777000 146.699997 1.837317 0.909296 
0.777000 147.599991 1.837317 0.909296 
0.777000 148.500000 1.837317 0.909296 
0.777000 149.399994 1.837317 0.909296 
0.777000 150.300003 1.837317 0.909296 
0.777000 151.199997 1.837317 0.909296 
0.777000 152.099991 1.837317 0.909296 
0.777000 153.000000 1.837317 0.909296 
0.777000 153.899994 1.837317 0.909296 
0.777000 154.800003 1.837317 0.909296 
0.777000 155.699997 1.837317 0.909296 
0.777000 156.599991 1.837317 0.909296 
0.777000 157.500000 1.837317 0.909296 
0.777000 158.399994 1.837317 0.909296 
0.777000 159.300003 1.837317 0.909296 
0.777000 160.199997 1.837317 0.909296 
0.777000 161.099991 1.837317 0.909296 
0.777000 162.000000 1.837317 0.909296 
0.777000 162.899994 1.837317 0.909296 
0.777000 163.800003 1.837317 0.909296 
0.777000 164.699997 1.837317 0.909296 
0.777000 165.599991 1.837317 0.909296 
0.777000 166.500000 1.837317 0.909296 
0.777000 167.399994 1.837317 0.909296 
0.777000 168.300003 1.837317 0.909296 
0.777000 169.199997 1.837317 0.909296 
0.777000 170.099991 1.837317 0.909296 
0.777000 171.000000 1.837317 0.909296 
0.777000 171.899994 1.837317 0.909296 
0.777000 172.799988 1.837317 0.909296 
0.777000 173.699997 1.837317 0.909296 
0.777000 174.599991 1.837317 0.909296 
0.777000 175.500000 1.837317 0.909296 
0.777000 176.399994 1.837317 0.909296 
0.777000 177.299988 1.837317 0.909296 
0.777000 178.199997 1.837317 0.909296 
0.777000 179.099991 1.837317 0.909296 
0.777000 180.000000 1.837317 0.909296 
0.777000 180.899994 1.837317 0.909296 
0.777000 181.799988 1.837317 0.909296 
0.777000 182.699997 1.837317 0.909296 
0.777000 183.599991 1.837317 0.909296 
0.777000 184.500000 1.837317 0.909296 
0.777000 185.399994 1.837317 0.909296 
0.777000 186.299988 1.837317 0.909296 
0.777000 187.199997 1.837317 0.909296 
0.777000 188.099991 1.837317 0.909296 
0.777000 189.000000 1.837317 0.909296 
0.777000 189.899994 1.837317 0.909296 
0.777000 190.799988 1.837317 0.909296 
0.777000 191.699997 1.837317 0.909296 
0.777000 192.599991 1.837317 0.909296 
0.777000 193.500000 1.837317 0.909296 
0.777000 194.399994 1.837317 0.909296 
0.777000 195.299988 1.837317 0.909296 
0.777000 196.199997 1.837317 0.909296 
0.777000 197.099991 1.837317 0.909296 
0.777000 198.000000 1.837317 0.909296 
0.777000 198.899994 1.837317 0.909296 
0.777000 199.799988 1.837317 0.909296 
0.777000 200.699997 1.837317 0.909296 
0.777000 201.599991 1.837317 0.909296 
0.777000 202.500000 1.837317 0.909296 
0.777000 203.399994 1.837317 0.909296 
0.777000 204.299988 1.837317 0.909296 
0.777000 205.199997 1.837317 0.909296 
0.777000 206.099991 1.837317 0.909296 
0.777000 207.000000 1.837317 0.909296 
0.777000 207.899994 1.837317 0.909296 
0.777000 208.799988 1.837317 0.909296 
0.777000 209.699997 1.837317 0.909296 
0.777000 210.599991 1.837317 0.909296 
0.777000 211.500000 1.837317 0.909296 
0.777000 212.399994 1.837317 0.909296 
0.777000 213.299988 1.837317 0.909296 
0.777000 214.199997 1.837317 0.909296 
0.777000 215.099991 1.837317 0.909296 
0.777000 216.000000 1.837317 0.909296 
0.777000 216.899994 1.837317 0.909296 
0.777000 217.799988 1.837317 0.909296 
0.777000 218.699997 1.837317 0.909296 
0.777000 219.599991 1.837317 0.909296 
0.777000 220.500000 1.837317 0.909296 
0.777000 221.399994 1.837317 0.909296 
0.777000 222.299988 1.837317 0.909296 
0.777000 223.199997 1.837318 0.909296 
0.777000 224.099991 1.837318 0.909296 
0.777000 225.000000 1.837318 0.909296 
0.777000 225.899994 1.837318 0.909296 
0.777000 226.799988 1.837318 0.909297 
0.777000 227.699997 1.837317 0.909297 
0.777000 228.599991 1.837309 0.909297 
0.777000 229.500000 1.837279 0.909297 
