0.285000 0.000000 1.768753 1.404642 
0.285000 0.900000 1.768731 1.404642 
0.285000 1.800000 1.768741 1.404643 
0.285000 2.700000 1.768742 1.404644 
0.285000 3.600000 1.768744 1.404645 
0.285000 4.500000 1.768745 1.404646 
0.285000 5.400000 1.768746 1.404647 
0.285000 6.300000 1.768746 1.404647 
0.285000 7.200000 1.768746 1.404648 
0.285000 8.099999 1.768746 1.404648 
0.285000 9.000000 1.768746 1.404648 
0.285000 9.900000 1.768746 1.404648 
0.285000 10.799999 1.768746 1.404648 
0.285000 11.700000 1.768746 1.404649 
0.285000 12.599999 1.768746 1.404649 
0.285000 13.500000 1.768746 1.404649 
0.285000 14.400000 1.768746 1.404649 
0.285000 15.299999 1.768746 1.404649 
0.285000 16.199999 1.768746 1.404649 
0.285000 17.100000 1.768746 1.404649 
0.285000 18.000000 1.768746 1.404649 
0.285000 18.900000 1.768746 1.404649 
0.285000 19.799999 1.768746 1.404649 
0.285000 20.699999 1.768746 1.404649 
0.285000 21.599998 1.768746 1.404649 
0.285000 22.500000 1.768746 1.404649 
0.285000 23.400000 1.768746 1.404649 
0.285000 24.299999 1.768746 1.404649 
0.285000 25.199999 1.768746 1.404649 
0.285000 26.099998 1.768746 1.404649 
0.285000 27.000000 1.768746 1.404649 
0.285000 27.900000 1.768746 1.404649 
0.285000 28.799999 1.768746 1.404649 
0.285000 29.699999 1.768746 1.404649 
0.285000 30.599998 1.768746 1.404649 
0.285000 31.500000 1.768746 1.404649 
0.285000 32.399998 1.768746 1.404649 
0.285000 33.299999 1.768746 1.404649 
0.285000 34.200001 1.768746 1.404649 
0.285000 35.099998 1.768746 1.404649 
0.285000 36.000000 1.768746 1.404649 
0.285000 36.899998 1.768746 1.404649 
0.285000 37.799999 1.768746 1.404649 
0.285000 38.700001 1.768746 1.404649 
0.285000 39.599998 1.768746 1.404649 
0.285000 40.500000 1.768746 1.404649 
0.285000 41.399998 1.768746 1.404649 
0.285000 42.299999 1.768746 1.404649 
0.285000 43.199997 1.768746 1.404649 
0.285000 44.099998 1.768746 1.404649 
0.285000 45.000000 1.768746 1.404649 
0.285000 45.899998 1.768746 1.404649 
0.285000 46.799999 1.768746 1.404649 
0.285000 47.699997 1.768746 1.404649 
0.285000 48.599998 1.768746 1.404649 
0.285000 49.500000 1.768746 1.404649 
0.285000 50.399998 1.768746 1.404649 
0.285000 51.299999 1.768746 1.404649 
0.285000 52.199997 1.768746 1.404649 
0.285000 53.099998 1.768746 1.404649 
0.285000 54.000000 1.768746 1.404649 
0.285000 54.899998 1.768746 1.404649 
0.285000 55.799999 1.768746 1.404649 
0.285000 56.699997 1.768746 1.404649 
0.285000 57.599998 1.768746 1.404649 
0.285000 58.500000 1.768746 1.404649 
0.285000 59.399998 1.768746 1.404649 
0.285000 60.299999 1.768746 1.404649 
0.285000 61.199997 1.768746 1.404649 
0.285000 62.099998 1.768746 1.404649 
0.285000 63.000000 1.768746 1.404649 
0.285000 63.899998 1.768746 1.404649 
0.285000 64.799995 1.768746 1.404649 
0.285000 65.699997 1.768746 1.404649 
0.285000 66.599998 1.768746 1.404649 
0.285000 67.500000 1.768746 1.404649 
0.285000 68.400002 1.768746 1.404649 
0.285000 69.299995 1.768746 1.404649 
0.285000 70.199997 1.768746 1.404649 
0.285000 71.099998 1.768746 1.404649 
0.285000 72.000000 1.768746 1.404649 
0.285000 72.900002 1.768746 1.404649 
0.285000 73.799995 1.768746 1.404649 
0.285000 74.699997 1.768746 1.404649 
0.285000 75.599998 1.768746 1.404649 
0.285000 76.500000 1.768746 1.404649 
0.285000 77.400002 1.768746 1.404649 
0.285000 78.299995 1.768746 1.404649 
0.285000 79.199997 1.768746 1.404649 
0.285000 80.099998 1.768746 1.404649 
0.285000 81.000000 1.768746 1.404649 
0.285000 81.900002 1.768746 1.404649 
0.285000 82.799995 1.768746 1.404649 
0.285000 83.699997 1.768746 1.404649 
0.285000 84.599998 1.768746 1.404649 
0.285000 85.500000 1.768746 1.404649 
0.285000 86.399994 1.768746 1.404649 
0.285000 87.299995 1.768746 1.404649 
0.285000 88.199997 1.768746 1.404649 
0.285000 89.099998 1.768746 1.404649 
0.285000 90.000000 1.768746 1.404649 
0.285000 90.899994 1.768746 1.404649 
0.285000 91.799995 1.768746 1.404649 
0.285000 92.699997 1.768746 1.404649 
0.285000 93.599998 1.768746 1.404649 
0.285000 94.500000 1.768746 1.404649 
0.285000 95.399994 1.768746 1.404649 
0.285000 96.299995 1.768746 1.404649 
0.285000 97.199997 1.768746 1.404649 
0.285000 98.099998 1.768746 1.404649 
0.285000 99.000000 1.768746 1.404649 
0.285000 99.899994 1.768746 1.404649 
0.285000 100.799995 1.768746 1.404649 
0.285000 101.699997 1.768746 1.404649 
0.285000 102.599998 1.768746 1.404649 
0.285000 103.500000 1.768746 1.404649 
0.285000 104.399994 1.768746 1.404649 
0.285000 105.299995 1.768746 1.404649 
0.285000 106.199997 1.768746 1.404649 
0.285000 107.099998 1.768746 1.404649 
0.285000 108.000000 1.768746 1.404649 
0.285000 108.899994 1.768746 1.404649 
0.285000 109.799995 1.768746 1.404649 
0.285000 110.699997 1.768746 1.404649 
0.285000 111.599998 1.768746 1.404649 
0.285000 112.500000 1.768746 1.404649 
0.285000 113.399994 1.768746 1.404649 
0.285000 114.299995 1.768746 1.404649 
0.285000 115.199997 1.768746 1.404649 
0.285000 116.099998 1.768746 1.404649 
0.285000 117.000000 1.768746 1.404649 
0.285000 117.899994 1.768746 1.404649 
0.285000 118.799995 1.768746 1.404649 
0.285000 119.699997 1.768746 1.404649 
0.285000 120.599998 1.768746 1.404649 
0.285000 121.500000 1.768746 1.404649 
0.285000 122.399994 1.768746 1.404649 
0.285000 123.299995 1.768746 1.404649 
0.285000 124.199997 1.768746 1.404649 
0.285000 125.099998 1.768746 1.404649 
0.285000 126.000000 1.768746 1.404649 
0.285000 126.899994 1.768746 1.404649 
0.285000 127.799995 1.768746 1.404649 
0.285000 128.699997 1.768746 1.404649 
0.285000 129.599991 1.768746 1.404649 
0.285000 130.500000 1.768746 1.404649 
0.285000 131.399994 1.768746 1.404649 
0.285000 132.300003 1.768746 1.404649 
0.285000 133.199997 1.768746 1.404649 
0.285000 134.099991 1.768746 1.404649 
0.285000 135.000000 1.768746 1.404649 
0.285000 135.899994 1.768746 1.404649 
0.285000 136.800003 1.768746 1.404649 
0.285000 137.699997 1.768746 1.404649 
0.285000 138.599991 1.768746 1.404649 
0.285000 139.500000 1.768746 1.404649 
0.285000 140.399994 1.768746 1.404649 
0.285000 141.300003 1.768746 1.404649 
0.285000 142.199997 1.768746 1.404649 
0.285000 143.099991 1.768746 1.404649 
0.285000 144.000000 1.768746 1.404649 
0.285000 144.899994 1.768746 1.404649 
0.285000 145.800003 1.768746 1.404649 
0.285000 146.699997 1.768746 1.404649 
0.285000 147.599991 1.768746 1.404649 
0.285000 148.500000 1.768746 1.404649 
0.285000 149.399994 1.768746 1.404649 
0.285000 150.300003 1.768746 1.404649 
0.285000 151.199997 1.768746 1.404649 
0.285000 152.099991 1.768746 1.404649 
0.285000 153.000000 1.768746 1.404649 
0.285000 153.899994 1.768746 1.404649 
0.285000 154.800003 1.768746 1.404649 
0.285000 155.699997 1.768746 1.404649 
0.285000 156.599991 1.768746 1.404649 
0.285000 157.500000 1.768746 1.404649 
0.285000 158.399994 1.768746 1.404649 
0.285000 159.300003 1.768746 1.404649 
0.285000 160.199997 1.768746 1.404649 
0.285000 161.099991 1.768746 1.404649 
0.285000 162.000000 1.768746 1.404649 
0.285000 162.899994 1.768746 1.404649 
0.285000 163.800003 1.768746 1.404649 
0.285000 164.699997 1.768746 1.404649 
0.285000 165.599991 1.768746 1.404649 
0.285000 166.500000 1.768746 1.404649 
0.285000 167.399994 1.768746 1.404649 
0.285000 168.300003 1.768746 1.404649 
0.285000 169.199997 1.768746 1.404649 
0.285000 170.099991 1.768746 1.404649 
0.285000 171.000000 1.768746 1.404649 
0.285000 171.899994 1.768746 1.404649 
0.285000 172.799988 1.768746 1.404649 
0.285000 173.699997 1.768746 1.404649 
0.285000 174.599991 1.768746 1.404649 
0.285000 175.500000 1.768746 1.404649 
0.285000 176.399994 1.768746 1.404649 
0.285000 177.299988 1.768746 1.404649 
0.285000 178.199997 1.768746 1.404649 
0.285000 179.099991 1.768746 1.404649 
0.285000 180.000000 1.768746 1.404649 
0.285000 180.899994 1.768746 1.404649 
0.285000 181.799988 1.768746 1.404649 
0.285000 182.699997 1.768746 1.404649 
0.285000 183.599991 1.768746 1.404649 
0.285000 184.500000 1.768746 1.404649 
0.285000 185.399994 1.768746 1.404649 
0.285000 186.299988 1.768746 1.404649 
0.285000 187.199997 1.768746 1.404649 
0.285000 188.099991 1.768746 1.404649 
0.285000 189.000000 1.768746 1.404649 
0.285000 189.899994 1.768746 1.404649 
0.285000 190.799988 1.768746 1.404649 
0.285000 191.699997 1.768746 1.404649 
0.285000 192.599991 1.768746 1.404649 
0.285000 193.500000 1.768746 1.404649 
0.285000 194.399994 1.768746 1.404649 
0.285000 195.299988 1.768746 1.404649 
0.285000 196.199997 1.768746 1.404649 
0.285000 197.099991 1.768746 1.404649 
0.285000 198.000000 1.768746 1.404649 
0.285000 198.899994 1.768746 1.404649 
0.285000 199.799988 1.768746 1.404649 
0.285000 200.699997 1.768746 1.404649 
0.285000 201.599991 1.768746 1.404649 
0.285000 202.500000 1.768746 1.404649 
0.285000 203.399994 1.768746 1.404649 
0.285000 204.299988 1.768746 1.404649 
0.285000 205.199997 1.768746 1.404649 
0.285000 206.099991 1.768746 1.404649 
0.285000 207.000000 1.768746 1.404649 
0.285000 207.899994 1.768746 1.404649 
0.285000 208.799988 1.768746 1.404649 
0.285000 209.699997 1.768746 1.404649 
0.285000 210.599991 1.768746 1.404649 
0.285000 211.500000 1.768746 1.404649 
0.285000 212.399994 1.768746 1.404649 
0.285000 213.299988 1.768746 1.404649 
0.285000 214.199997 1.768746 1.404649 
0.285000 215.099991 1.768746 1.404649 
0.285000 216.000000 1.768746 1.404649 
0.285000 216.899994 1.768746 1.404649 
0.285000 217.799988 1.768746 1.404649 
0.285000 218.699997 1.768746 1.404649 
0.285000 219.599991 1.768746 1.404649 
0.285000 220.500000 1.768746 1.404649 
0.285000 221.399994 1.768746 1.404649 
0.285000 222.299988 1.768746 1.404649 
0.285000 223.199997 1.768746 1.404649 
0.285000 224.099991 1.768746 1.404649 
0.285000 225.000000 1.768746 1.404649 
0.285000 225.899994 1.768746 1.404649 
0.285000 226.799988 1.768746 1.404649 
0.285000 227.699997 1.768746 1.404649 
0.285000 228.599991 1.768745 1.404648 
0.285000 229.500000 1.768734 1.404648 
