0.967000 0.000000 1.718153 0.880184 
0.967000 0.900000 1.718106 0.880185 
0.967000 1.800000 1.718125 0.880184 
0.967000 2.700000 1.718135 0.880184 
0.967000 3.600000 1.718143 0.880185 
0.967000 4.500000 1.718147 0.880184 
0.967000 5.400000 1.718149 0.880184 
0.967000 6.300000 1.718151 0.880184 
0.967000 7.200000 1.718152 0.880184 
0.967000 8.099999 1.718153 0.880184 
0.967000 9.000000 1.718153 0.880184 
0.967000 9.900000 1.718153 0.880184 
0.967000 10.799999 1.718153 0.880184 
0.967000 11.700000 1.718153 0.880184 
0.967000 12.599999 1.718153 0.880184 
0.967000 13.500000 1.718153 0.880184 
0.967000 14.400000 1.718153 0.880184 
0.967000 15.299999 1.718154 0.880184 
0.967000 16.199999 1.718154 0.880184 
0.967000 17.100000 1.718154 0.880184 
0.967000 18.000000 1.718154 0.880183 
0.967000 18.900000 1.718154 0.880183 
0.967000 19.799999 1.718154 0.880183 
0.967000 20.699999 1.718154 0.880183 
0.967000 21.599998 1.718154 0.880183 
0.967000 22.500000 1.718154 0.880183 
0.967000 23.400000 1.718154 0.880183 
0.967000 24.299999 1.718154 0.880183 
0.967000 25.199999 1.718154 0.880183 
0.967000 26.099998 1.718154 0.880183 
0.967000 27.000000 1.718154 0.880183 
0.967000 27.900000 1.718154 0.880183 
0.967000 28.799999 1.718154 0.880183 
0.967000 29.699999 1.718154 0.880183 
0.967000 30.599998 1.718154 0.880183 
0.967000 31.500000 1.718154 0.880183 
0.967000 32.399998 1.718154 0.880183 
0.967000 33.299999 1.718154 0.880183 
0.967000 34.200001 1.718154 0.880183 
0.967000 35.099998 1.718154 0.880183 
0.967000 36.000000 1.718154 0.880183 
0.967000 36.899998 1.718154 0.880183 
0.967000 37.799999 1.718154 0.880183 
0.967000 38.700001 1.718154 0.880183 
0.967000 39.599998 1.718154 0.880183 
0.967000 40.500000 1.718154 0.880183 
0.967000 41.399998 1.718154 0.880183 
0.967000 42.299999 1.718154 0.880183 
0.967000 43.199997 1.718154 0.880183 
0.967000 44.099998 1.718154 0.880183 
0.967000 45.000000 1.718154 0.880183 
0.967000 45.899998 1.718154 0.880183 
0.967000 46.799999 1.718154 0.880183 
0.967000 47.699997 1.718154 0.880183 
0.967000 48.599998 1.718154 0.880183 
0.967000 49.500000 1.718154 0.880183 
0.967000 50.399998 1.718154 0.880183 
0.967000 51.299999 1.718154 0.880183 
0.967000 52.199997 1.718154 0.880183 
0.967000 53.099998 1.718154 0.880183 
0.967000 54.000000 1.718154 0.880183 
0.967000 54.899998 1.718154 0.880183 
0.967000 55.799999 1.718154 0.880183 
0.967000 56.699997 1.718154 0.880183 
0.967000 57.599998 1.718154 0.880183 
0.967000 58.500000 1.718154 0.880183 
0.967000 59.399998 1.718154 0.880183 
0.967000 60.299999 1.718154 0.880183 
0.967000 61.199997 1.718154 0.880183 
0.967000 62.099998 1.718154 0.880183 
0.967000 63.000000 1.718154 0.880183 
0.967000 63.899998 1.718154 0.880183 
0.967000 64.799995 1.718154 0.880183 
0.967000 65.699997 1.718154 0.880183 
0.967000 66.599998 1.718154 0.880183 
0.967000 67.500000 1.718154 0.880183 
0.967000 68.400002 1.718154 0.880183 
0.967000 69.299995 1.718154 0.880183 
0.967000 70.199997 1.718154 0.880183 
0.967000 71.099998 1.718154 0.880183 
0.967000 72.000000 1.718154 0.880183 
0.967000 72.900002 1.718154 0.880183 
0.967000 73.799995 1.718154 0.880183 
0.967000 74.699997 1.718154 0.880183 
0.967000 75.599998 1.718154 0.880183 
0.967000 76.500000 1.718154 0.880183 
0.967000 77.400002 1.718154 0.880183 
0.967000 78.299995 1.718154 0.880183 
0.967000 79.199997 1.718154 0.880183 
0.967000 80.099998 1.718154 0.880183 
0.967000 81.000000 1.718154 0.880183 
0.967000 81.900002 1.718154 0.880183 
0.967000 82.799995 1.718154 0.880183 
0.967000 83.699997 1.718154 0.880183 
0.967000 84.599998 1.718154 0.880183 
0.967000 85.500000 1.718154 0.880183 
0.967000 86.399994 1.718154 0.880183 
0.967000 87.299995 1.718154 0.880183 
0.967000 88.199997 1.718154 0.880183 
0.967000 89.099998 1.718154 0.880183 
0.967000 90.000000 1.718154 0.880183 
0.967000 90.899994 1.718154 0.880183 
0.967000 91.799995 1.718154 0.880183 
0.967000 92.699997 1.718154 0.880183 
0.967000 93.599998 1.718154 0.880183 
0.967000 94.500000 1.718154 0.880183 
0.967000 95.399994 1.718154 0.880183 
0.967000 96.299995 1.718154 0.880183 
0.967000 97.199997 1.718154 0.880183 
0.967000 98.099998 1.718154 0.880183 
0.967000 99.000000 1.718154 0.880183 
0.967000 99.899994 1.718154 0.880183 
0.967000 100.799995 1.718154 0.880183 
0.967000 101.699997 1.718154 0.880183 
0.967000 102.599998 1.718154 0.880183 
0.967000 103.500000 1.718154 0.880183 
0.967000 104.399994 1.718154 0.880183 
0.967000 105.299995 1.718154 0.880183 
0.967000 106.199997 1.718154 0.880183 
0.967000 107.099998 1.718154 0.880183 
0.967000 108.000000 1.718154 0.880183 
0.967000 108.899994 1.718154 0.880183 
0.967000 109.799995 1.718154 0.880183 
0.967000 110.699997 1.718154 0.880183 
0.967000 111.599998 1.718154 0.880183 
0.967000 112.500000 1.718154 0.880183 
0.967000 113.399994 1.718154 0.880183 
0.967000 114.299995 1.718154 0.880183 
0.967000 115.199997 1.718154 0.880183 
0.967000 116.099998 1.718154 0.880183 
0.967000 117.000000 1.718154 0.880183 
0.967000 117.899994 1.718154 0.880183 
0.967000 118.799995 1.718154 0.880183 
0.967000 119.699997 1.718154 0.880183 
0.967000 120.599998 1.718154 0.880183 
0.967000 121.500000 1.718154 0.880183 
0.967000 122.399994 1.718154 0.880183 
0.967000 123.299995 1.718154 0.880183 
0.967000 124.199997 1.718154 0.880183 
0.967000 125.099998 1.718154 0.880183 
0.967000 126.000000 1.718154 0.880183 
0.967000 126.899994 1.718154 0.880183 
0.967000 127.799995 1.718154 0.880183 
0.967000 128.699997 1.718154 0.880183 
0.967000 129.599991 1.718154 0.880183 
0.967000 130.500000 1.718154 0.880183 
0.967000 131.399994 1.718154 0.880183 
0.967000 132.300003 1.718154 0.880183 
0.967000 133.199997 1.718154 0.880183 
0.967000 134.099991 1.718154 0.880183 
0.967000 135.000000 1.718154 0.880183 
0.967000 135.899994 1.718154 0.880183 
0.967000 136.800003 1.718154 0.880183 
0.967000 137.699997 1.718154 0.880183 
0.967000 138.599991 1.718154 0.880183 
0.967000 139.500000 1.718154 0.880183 
0.967000 140.399994 1.718154 0.880183 
0.967000 141.300003 1.718154 0.880183 
0.967000 142.199997 1.718154 0.880183 
0.967000 143.099991 1.718154 0.880183 
0.967000 144.000000 1.718154 0.880183 
0.967000 144.899994 1.718154 0.880183 
0.967000 145.800003 1.718154 0.880183 
0.967000 146.699997 1.718154 0.880183 
0.967000 147.599991 1.718154 0.880183 
0.967000 148.500000 1.718154 0.880183 
0.967000 149.399994 1.718154 0.880183 
0.967000 150.300003 1.718154 0.880183 
0.967000 151.199997 1.718154 0.880183 
0.967000 152.099991 1.718154 0.880183 
0.967000 153.000000 1.718154 0.880183 
0.967000 153.899994 1.718154 0.880183 
0.967000 154.800003 1.718154 0.880183 
0.967000 155.699997 1.718154 0.880183 
0.967000 156.599991 1.718154 0.880183 
0.967000 157.500000 1.718154 0.880183 
0.967000 158.399994 1.718154 0.880183 
0.967000 159.300003 1.718154 0.880183 
0.967000 160.199997 1.718154 0.880183 
0.967000 161.099991 1.718154 0.880183 
0.967000 162.000000 1.718154 0.880183 
0.967000 162.899994 1.718154 0.880183 
0.967000 163.800003 1.718154 0.880183 
0.967000 164.699997 1.718154 0.880183 
0.967000 165.599991 1.718154 0.880183 
0.967000 166.500000 1.718154 0.880183 
0.967000 167.399994 1.718154 0.880183 
0.967000 168.300003 1.718154 0.880183 
0.967000 169.199997 1.718154 0.880183 
0.967000 170.099991 1.718154 0.880183 
0.967000 171.000000 1.718154 0.880183 
0.967000 171.899994 1.718154 0.880183 
0.967000 172.799988 1.718154 0.880183 
0.967000 173.699997 1.718154 0.880183 
0.967000 174.599991 1.718154 0.880183 
0.967000 175.500000 1.718154 0.880183 
0.967000 176.399994 1.718154 0.880183 
0.967000 177.299988 1.718154 0.880183 
0.967000 178.199997 1.718154 0.880183 
0.967000 179.099991 1.718154 0.880183 
0.967000 180.000000 1.718154 0.880183 
0.967000 180.899994 1.718154 0.880183 
0.967000 181.799988 1.718154 0.880183 
0.967000 182.699997 1.718154 0.880183 
0.967000 183.599991 1.718154 0.880183 
0.967000 184.500000 1.718154 0.880183 
0.967000 185.399994 1.718154 0.880183 
0.967000 186.299988 1.718154 0.880183 
0.967000 187.199997 1.718154 0.880183 
0.967000 188.099991 1.718154 0.880183 
0.967000 189.000000 1.718154 0.880183 
0.967000 189.899994 1.718154 0.880183 
0.967000 190.799988 1.718154 0.880183 
0.967000 191.699997 1.718154 0.880183 
0.967000 192.599991 1.718154 0.880183 
0.967000 193.500000 1.718154 0.880183 
0.967000 194.399994 1.718154 0.880183 
0.967000 195.299988 1.718154 0.880183 
0.967000 196.199997 1.718154 0.880183 
0.967000 197.099991 1.718154 0.880183 
0.967000 198.000000 1.718154 0.880183 
0.967000 198.899994 1.718154 0.880183 
0.967000 199.799988 1.718154 0.880183 
0.967000 200.699997 1.718154 0.880183 
0.967000 201.599991 1.718154 0.880183 
0.967000 202.500000 1.718154 0.880183 
0.967000 203.399994 1.718154 0.880183 
0.967000 204.299988 1.718154 0.880183 
0.967000 205.199997 1.718154 0.880183 
0.967000 206.099991 1.718154 0.880183 
0.967000 207.000000 1.718154 0.880183 
0.967000 207.899994 1.718154 0.880183 
0.967000 208.799988 1.718154 0.880183 
0.967000 209.699997 1.718154 0.880183 
0.967000 210.599991 1.718154 0.880183 
0.967000 211.500000 1.718154 0.880183 
0.967000 212.399994 1.718154 0.880183 
0.967000 213.299988 1.718154 0.880183 
0.967000 214.199997 1.718154 0.880183 
0.967000 215.099991 1.718154 0.880183 
0.967000 216.000000 1.718154 0.880183 
0.967000 216.899994 1.718154 0.880183 
0.967000 217.799988 1.718154 0.880184 
0.967000 218.699997 1.718154 0.880184 
0.967000 219.599991 1.718154 0.880184 
0.967000 220.500000 1.718154 0.880184 
0.967000 221.399994 1.718154 0.880184 
0.967000 222.299988 1.718154 0.880184 
0.967000 223.199997 1.718154 0.880184 
0.967000 224.099991 1.718154 0.880184 
0.967000 225.000000 1.718154 0.880184 
0.967000 225.899994 1.718155 0.880184 
0.967000 226.799988 1.718154 0.880184 
0.967000 227.699997 1.718152 0.880185 
0.967000 228.599991 1.718141 0.880185 
0.967000 229.500000 1.718110 0.880185 
