0.754000 0.000000 1.848953 0.917059 
0.754000 0.900000 1.848905 0.917059 
0.754000 1.800000 1.848925 0.917059 
0.754000 2.700000 1.848933 0.917059 
0.754000 3.600000 1.848939 0.917059 
0.754000 4.500000 1.848942 0.917059 
0.754000 5.400000 1.848943 0.917059 
0.754000 6.300000 1.848945 0.917059 
0.754000 7.200000 1.848946 0.917059 
0.754000 8.099999 1.848947 0.917058 
0.754000 9.000000 1.848947 0.917058 
0.754000 9.900000 1.848947 0.917058 
0.754000 10.799999 1.848947 0.917058 
0.754000 11.700000 1.848947 0.917058 
0.754000 12.599999 1.848947 0.917058 
0.754000 13.500000 1.848947 0.917058 
0.754000 14.400000 1.848947 0.917058 
0.754000 15.299999 1.848947 0.917058 
0.754000 16.199999 1.848947 0.917058 
0.754000 17.100000 1.848947 0.917058 
0.754000 18.000000 1.848947 0.917058 
0.754000 18.900000 1.848947 0.917058 
0.754000 19.799999 1.848947 0.917058 
0.754000 20.699999 1.848947 0.917058 
0.754000 21.599998 1.848947 0.917058 
0.754000 22.500000 1.848947 0.917058 
0.754000 23.400000 1.848947 0.917058 
0.754000 24.299999 1.848947 0.917058 
0.754000 25.199999 1.848947 0.917058 
0.754000 26.099998 1.848947 0.917058 
0.754000 27.000000 1.848947 0.917058 
0.754000 27.900000 1.848947 0.917058 
0.754000 28.799999 1.848947 0.917058 
0.754000 29.699999 1.848947 0.917058 
0.754000 30.599998 1.848947 0.917058 
0.754000 31.500000 1.848947 0.917058 
0.754000 32.399998 1.848947 0.917058 
0.754000 33.299999 1.848947 0.917058 
0.754000 34.200001 1.848947 0.917058 
0.754000 35.099998 1.848947 0.917058 
0.754000 36.000000 1.848947 0.917058 
0.754000 36.899998 1.848947 0.917058 
0.754000 37.799999 1.848947 0.917058 
0.754000 38.700001 1.848947 0.917058 
0.754000 39.599998 1.848947 0.917058 
0.754000 40.500000 1.848947 0.917058 
0.754000 41.399998 1.848947 0.917058 
0.754000 42.299999 1.848947 0.917058 
0.754000 43.199997 1.848947 0.917058 
0.754000 44.099998 1.848947 0.917058 
0.754000 45.000000 1.848947 0.917058 
0.754000 45.899998 1.848947 0.917058 
0.754000 46.799999 1.848947 0.917058 
0.754000 47.699997 1.848947 0.917058 
0.754000 48.599998 1.848947 0.917058 
0.754000 49.500000 1.848947 0.917058 
0.754000 50.399998 1.848947 0.917058 
0.754000 51.299999 1.848947 0.917058 
0.754000 52.199997 1.848947 0.917058 
0.754000 53.099998 1.848947 0.917058 
0.754000 54.000000 1.848947 0.917058 
0.754000 54.899998 1.848947 0.917058 
0.754000 55.799999 1.848947 0.917058 
0.754000 56.699997 1.848947 0.917058 
0.754000 57.599998 1.848947 0.917058 
0.754000 58.500000 1.848947 0.917058 
0.754000 59.399998 1.848947 0.917058 
0.754000 60.299999 1.848947 0.917058 
0.754000 61.199997 1.848947 0.917058 
0.754000 62.099998 1.848947 0.917058 
0.754000 63.000000 1.848947 0.917058 
0.754000 63.899998 1.848947 0.917058 
0.754000 64.799995 1.848947 0.917058 
0.754000 65.699997 1.848947 0.917058 
0.754000 66.599998 1.848947 0.917058 
0.754000 67.500000 1.848947 0.917058 
0.754000 68.400002 1.848947 0.917058 
0.754000 69.299995 1.848947 0.917058 
0.754000 70.199997 1.848947 0.917058 
0.754000 71.099998 1.848947 0.917058 
0.754000 72.000000 1.848947 0.917058 
0.754000 72.900002 1.848947 0.917058 
0.754000 73.799995 1.848947 0.917058 
0.754000 74.699997 1.848947 0.917058 
0.754000 75.599998 1.848947 0.917058 
0.754000 76.500000 1.848947 0.917058 
0.754000 77.400002 1.848947 0.917058 
0.754000 78.299995 1.848947 0.917058 
0.754000 79.199997 1.848947 0.917058 
0.754000 80.099998 1.848947 0.917058 
0.754000 81.000000 1.848947 0.917058 
0.754000 81.900002 1.848947 0.917058 
0.754000 82.799995 1.848947 0.917058 
0.754000 83.699997 1.848947 0.917058 
0.754000 84.599998 1.848947 0.917058 
0.754000 85.500000 1.848947 0.917058 
0.754000 86.399994 1.848947 0.917058 
0.754000 87.299995 1.848947 0.917058 
0.754000 88.199997 1.848947 0.917058 
0.754000 89.099998 1.848947 0.917058 
0.754000 90.000000 1.848947 0.917058 
0.754000 90.899994 1.848947 0.917058 
0.754000 91.799995 1.848947 0.917058 
0.754000 92.699997 1.848947 0.917058 
0.754000 93.599998 1.848947 0.917058 
0.754000 94.500000 1.848947 0.917058 
0.754000 95.399994 1.848947 0.917058 
0.754000 96.299995 1.848947 0.917058 
0.754000 97.199997 1.848947 0.917058 
0.754000 98.099998 1.848947 0.917058 
0.754000 99.000000 1.848947 0.917058 
0.754000 99.899994 1.848947 0.917058 
0.754000 100.799995 1.848947 0.917058 
0.754000 101.699997 1.848947 0.917058 
0.754000 102.599998 1.848947 0.917058 
0.754000 103.500000 1.848947 0.917058 
0.754000 104.399994 1.848947 0.917058 
0.754000 105.299995 1.848947 0.917058 
0.754000 106.199997 1.848947 0.917058 
0.754000 107.099998 1.848947 0.917058 
0.754000 108.000000 1.848947 0.917058 
0.754000 108.899994 1.848947 0.917058 
0.754000 109.799995 1.848947 0.917058 
0.754000 110.699997 1.848947 0.917058 
0.754000 111.599998 1.848947 0.917058 
0.754000 112.500000 1.848947 0.917058 
0.754000 113.399994 1.848947 0.917058 
0.754000 114.299995 1.848947 0.917058 
0.754000 115.199997 1.848947 0.917058 
0.754000 116.099998 1.848947 0.917058 
0.754000 117.000000 1.848947 0.917058 
0.754000 117.899994 1.848947 0.917058 
0.754000 118.799995 1.848947 0.917058 
0.754000 119.699997 1.848947 0.917058 
0.754000 120.599998 1.848947 0.917058 
0.754000 121.500000 1.848947 0.917058 
0.754000 122.399994 1.848947 0.917058 
0.754000 123.299995 1.848947 0.917058 
0.754000 124.199997 1.848947 0.917058 
0.754000 125.099998 1.848947 0.917058 
0.754000 126.000000 1.848947 0.917058 
0.754000 126.899994 1.848947 0.917058 
0.754000 127.799995 1.848947 0.917058 
0.754000 128.699997 1.848947 0.917058 
0.754000 129.599991 1.848947 0.917058 
0.754000 130.500000 1.848947 0.917058 
0.754000 131.399994 1.848947 0.917058 
0.754000 132.300003 1.848947 0.917058 
0.754000 133.199997 1.848947 0.917058 
0.754000 134.099991 1.848947 0.917058 
0.754000 135.000000 1.848947 0.917058 
0.754000 135.899994 1.848947 0.917058 
0.754000 136.800003 1.848947 0.917058 
0.754000 137.699997 1.848947 0.917058 
0.754000 138.599991 1.848947 0.917058 
0.754000 139.500000 1.848947 0.917058 
0.754000 140.399994 1.848947 0.917058 
0.754000 141.300003 1.848947 0.917058 
0.754000 142.199997 1.848947 0.917058 
0.754000 143.099991 1.848947 0.917058 
0.754000 144.000000 1.848947 0.917058 
0.754000 144.899994 1.848947 0.917058 
0.754000 145.800003 1.848947 0.917058 
0.754000 146.699997 1.848947 0.917058 
0.754000 147.599991 1.848947 0.917058 
0.754000 148.500000 1.848947 0.917058 
0.754000 149.399994 1.848947 0.917058 
0.754000 150.300003 1.848947 0.917058 
0.754000 151.199997 1.848947 0.917058 
0.754000 152.099991 1.848947 0.917058 
0.754000 153.000000 1.848947 0.917058 
0.754000 153.899994 1.848947 0.917058 
0.754000 154.800003 1.848947 0.917058 
0.754000 155.699997 1.848947 0.917058 
0.754000 156.599991 1.848947 0.917058 
0.754000 157.500000 1.848947 0.917058 
0.754000 158.399994 1.848947 0.917058 
0.754000 159.300003 1.848947 0.917058 
0.754000 160.199997 1.848947 0.917058 
0.754000 161.099991 1.848947 0.917058 
0.754000 162.000000 1.848947 0.917058 
0.754000 162.899994 1.848947 0.917058 
0.754000 163.800003 1.848947 0.917058 
0.754000 164.699997 1.848947 0.917058 
0.754000 165.599991 1.848947 0.917058 
0.754000 166.500000 1.848947 0.917058 
0.754000 167.399994 1.848947 0.917058 
0.754000 168.300003 1.848947 0.917058 
0.754000 169.199997 1.848947 0.917058 
0.754000 170.099991 1.848947 0.917058 
0.754000 171.000000 1.848947 0.917058 
0.754000 171.899994 1.848947 0.917058 
0.754000 172.799988 1.848947 0.917058 
0.754000 173.699997 1.848947 0.917058 
0.754000 174.599991 1.848947 0.917058 
0.754000 175.500000 1.848947 0.917058 
0.754000 176.399994 1.848947 0.917058 
0.754000 177.299988 1.848947 0.917058 
0.754000 178.199997 1.848947 0.917058 
0.754000 179.099991 1.848947 0.917058 
0.754000 180.000000 1.848947 0.917058 
0.754000 180.899994 1.848947 0.917058 
0.754000 181.799988 1.848947 0.917058 
0.754000 182.699997 1.848947 0.917058 
0.754000 183.599991 1.848947 0.917058 
0.754000 184.500000 1.848947 0.917058 
0.754000 185.399994 1.848947 0.917058 
0.754000 186.299988 1.848947 0.917058 
0.754000 187.199997 1.848947 0.917058 
0.754000 188.099991 1.848947 0.917058 
0.754000 189.000000 1.848947 0.917058 
0.754000 189.899994 1.848947 0.917058 
0.754000 190.799988 1.848947 0.917058 
0.754000 191.699997 1.848947 0.917058 
0.754000 192.599991 1.848947 0.917058 
0.754000 193.500000 1.848947 0.917058 
0.754000 194.399994 1.848947 0.917058 
0.754000 195.299988 1.848947 0.917058 
0.754000 196.199997 1.848947 0.917058 
0.754000 197.099991 1.848947 0.917058 
0.754000 198.000000 1.848947 0.917058 
0.754000 198.899994 1.848947 0.917058 
0.754000 199.799988 1.848947 0.917058 
0.754000 200.699997 1.848947 0.917058 
0.754000 201.599991 1.848947 0.917058 
0.754000 202.500000 1.848947 0.917058 
0.754000 203.399994 1.848947 0.917058 
0.754000 204.299988 1.848947 0.917058 
0.754000 205.199997 1.848947 0.917058 
0.754000 206.099991 1.848947 0.917058 
0.754000 207.000000 1.848947 0.917058 
0.754000 207.899994 1.848947 0.917058 
0.754000 208.799988 1.848947 0.917058 
0.754000 209.699997 1.848947 0.917058 
0.754000 210.599991 1.848947 0.917058 
0.754000 211.500000 1.848947 0.917058 
0.754000 212.399994 1.848947 0.917058 
0.754000 213.299988 1.848947 0.917058 
0.754000 214.199997 1.848947 0.917058 
0.754000 215.099991 1.848947 0.917058 
0.754000 216.000000 1.848947 0.917058 
0.754000 216.899994 1.848947 0.917058 
0.754000 217.799988 1.848947 0.917058 
0.754000 218.699997 1.848947 0.917058 
0.754000 219.599991 1.848947 0.917058 
0.754000 220.500000 1.848947 0.917058 
0.754000 221.399994 1.848947 0.917058 
0.754000 222.299988 1.848947 0.917058 
0.754000 223.199997 1.848948 0.917059 
0.754000 224.099991 1.848948 0.917059 
0.754000 225.000000 1.848948 0.917059 
0.754000 225.899994 1.848948 0.917059 
0.754000 226.799988 1.848948 0.917059 
0.754000 227.699997 1.848947 0.917059 
0.754000 228.599991 1.848939 0.917060 
0.754000 229.500000 1.848910 0.917060 
