0.609000 0.000000 1.897925 0.995300 
0.609000 0.900000 1.897882 0.995300 
0.609000 1.800000 1.897900 0.995300 
0.609000 2.700000 1.897905 0.995300 
0.609000 3.600000 1.897911 0.995300 
0.609000 4.500000 1.897913 0.995300 
0.609000 5.400000 1.897915 0.995300 
0.609000 6.300000 1.897916 0.995300 
0.609000 7.200000 1.897917 0.995300 
0.609000 8.099999 1.897917 0.995300 
0.609000 9.000000 1.897917 0.995300 
0.609000 9.900000 1.897918 0.995300 
0.609000 10.799999 1.897918 0.995300 
0.609000 11.700000 1.897918 0.995300 
0.609000 12.599999 1.897918 0.995300 
0.609000 13.500000 1.897918 0.995300 
0.609000 14.400000 1.897918 0.995300 
0.609000 15.299999 1.897918 0.995300 
0.609000 16.199999 1.897918 0.995300 
0.609000 17.100000 1.897918 0.995300 
0.609000 18.000000 1.897918 0.995300 
0.609000 18.900000 1.897918 0.995300 
0.609000 19.799999 1.897918 0.995300 
0.609000 20.699999 1.897918 0.995300 
0.609000 21.599998 1.897918 0.995300 
0.609000 22.500000 1.897918 0.995300 
0.609000 23.400000 1.897918 0.995300 
0.609000 24.299999 1.897918 0.995300 
0.609000 25.199999 1.897918 0.995300 
0.609000 26.099998 1.897918 0.995300 
0.609000 27.000000 1.897918 0.995300 
0.609000 27.900000 1.897918 0.995300 
0.609000 28.799999 1.897918 0.995300 
0.609000 29.699999 1.897918 0.995300 
0.609000 30.599998 1.897918 0.995300 
0.609000 31.500000 1.897918 0.995300 
0.609000 32.399998 1.897918 0.995300 
0.609000 33.299999 1.897918 0.995300 
0.609000 34.200001 1.897918 0.995300 
0.609000 35.099998 1.897918 0.995300 
0.609000 36.000000 1.897918 0.995300 
0.609000 36.899998 1.897918 0.995300 
0.609000 37.799999 1.897918 0.995300 
0.609000 38.700001 1.897918 0.995300 
0.609000 39.599998 1.897918 0.995300 
0.609000 40.500000 1.897918 0.995300 
0.609000 41.399998 1.897918 0.995300 
0.609000 42.299999 1.897918 0.995300 
0.609000 43.199997 1.897918 0.995300 
0.609000 44.099998 1.897918 0.995300 
0.609000 45.000000 1.897918 0.995300 
0.609000 45.899998 1.897918 0.995300 
0.609000 46.799999 1.897918 0.995300 
0.609000 47.699997 1.897918 0.995300 
0.609000 48.599998 1.897918 0.995300 
0.609000 49.500000 1.897918 0.995300 
0.609000 50.399998 1.897918 0.995300 
0.609000 51.299999 1.897918 0.995300 
0.609000 52.199997 1.897918 0.995300 
0.609000 53.099998 1.897918 0.995300 
0.609000 54.000000 1.897918 0.995300 
0.609000 54.899998 1.897918 0.995300 
0.609000 55.799999 1.897918 0.995300 
0.609000 56.699997 1.897918 0.995300 
0.609000 57.599998 1.897918 0.995300 
0.609000 58.500000 1.897918 0.995300 
0.609000 59.399998 1.897918 0.995300 
0.609000 60.299999 1.897918 0.995300 
0.609000 61.199997 1.897918 0.995300 
0.609000 62.099998 1.897918 0.995300 
0.609000 63.000000 1.897918 0.995300 
0.609000 63.899998 1.897918 0.995300 
0.609000 64.799995 1.897918 0.995300 
0.609000 65.699997 1.897918 0.995300 
0.609000 66.599998 1.897918 0.995300 
0.609000 67.500000 1.897918 0.995300 
0.609000 68.400002 1.897918 0.995300 
0.609000 69.299995 1.897918 0.995300 
0.609000 70.199997 1.897918 0.995300 
0.609000 71.099998 1.897918 0.995300 
0.609000 72.000000 1.897918 0.995300 
0.609000 72.900002 1.897918 0.995300 
0.609000 73.799995 1.897918 0.995300 
0.609000 74.699997 1.897918 0.995300 
0.609000 75.599998 1.897918 0.995300 
0.609000 76.500000 1.897918 0.995300 
0.609000 77.400002 1.897918 0.995300 
0.609000 78.299995 1.897918 0.995300 
0.609000 79.199997 1.897918 0.995300 
0.609000 80.099998 1.897918 0.995300 
0.609000 81.000000 1.897918 0.995300 
0.609000 81.900002 1.897918 0.995300 
0.609000 82.799995 1.897918 0.995300 
0.609000 83.699997 1.897918 0.995300 
0.609000 84.599998 1.897918 0.995300 
0.609000 85.500000 1.897918 0.995300 
0.609000 86.399994 1.897918 0.995300 
0.609000 87.299995 1.897918 0.995300 
0.609000 88.199997 1.897918 0.995300 
0.609000 89.099998 1.897918 0.995300 
0.609000 90.000000 1.897918 0.995300 
0.609000 90.899994 1.897918 0.995300 
0.609000 91.799995 1.897918 0.995300 
0.609000 92.699997 1.897918 0.995300 
0.609000 93.599998 1.897918 0.995300 
0.609000 94.500000 1.897918 0.995300 
0.609000 95.399994 1.897918 0.995300 
0.609000 96.299995 1.897918 0.995300 
0.609000 97.199997 1.897918 0.995300 
0.609000 98.099998 1.897918 0.995300 
0.609000 99.000000 1.897918 0.995300 
0.609000 99.899994 1.897918 0.995300 
0.609000 100.799995 1.897918 0.995300 
0.609000 101.699997 1.897918 0.995300 
0.609000 102.599998 1.897918 0.995300 
0.609000 103.500000 1.897918 0.995300 
0.609000 104.399994 1.897918 0.995300 
0.609000 105.299995 1.897918 0.995300 
0.609000 106.199997 1.897918 0.995300 
0.609000 107.099998 1.897918 0.995300 
0.609000 108.000000 1.897918 0.995300 
0.609000 108.899994 1.897918 0.995300 
0.609000 109.799995 1.897918 0.995300 
0.609000 110.699997 1.897918 0.995300 
0.609000 111.599998 1.897918 0.995300 
0.609000 112.500000 1.897918 0.995300 
0.609000 113.399994 1.897918 0.995300 
0.609000 114.299995 1.897918 0.995300 
0.609000 115.199997 1.897918 0.995300 
0.609000 116.099998 1.897918 0.995300 
0.609000 117.000000 1.897918 0.995300 
0.609000 117.899994 1.897918 0.995300 
0.609000 118.799995 1.897918 0.995300 
0.609000 119.699997 1.897918 0.995300 
0.609000 120.599998 1.897918 0.995300 
0.609000 121.500000 1.897918 0.995300 
0.609000 122.399994 1.897918 0.995300 
0.609000 123.299995 1.897918 0.995300 
0.609000 124.199997 1.897918 0.995300 
0.609000 125.099998 1.897918 0.995300 
0.609000 126.000000 1.897918 0.995300 
0.609000 126.899994 1.897918 0.995300 
0.609000 127.799995 1.897918 0.995300 
0.609000 128.699997 1.897918 0.995300 
0.609000 129.599991 1.897918 0.995300 
0.609000 130.500000 1.897918 0.995300 
0.609000 131.399994 1.897918 0.995300 
0.609000 132.300003 1.897918 0.995300 
0.609000 133.199997 1.897918 0.995300 
0.609000 134.099991 1.897918 0.995300 
0.609000 135.000000 1.897918 0.995300 
0.609000 135.899994 1.897918 0.995300 
0.609000 136.800003 1.897918 0.995300 
0.609000 137.699997 1.897918 0.995300 
0.609000 138.599991 1.897918 0.995300 
0.609000 139.500000 1.897918 0.995300 
0.609000 140.399994 1.897918 0.995300 
0.609000 141.300003 1.897918 0.995300 
0.609000 142.199997 1.897918 0.995300 
0.609000 143.099991 1.897918 0.995300 
0.609000 144.000000 1.897918 0.995300 
0.609000 144.899994 1.897918 0.995300 
0.609000 145.800003 1.897918 0.995300 
0.609000 146.699997 1.897918 0.995300 
0.609000 147.599991 1.897918 0.995300 
0.609000 148.500000 1.897918 0.995300 
0.609000 149.399994 1.897918 0.995300 
0.609000 150.300003 1.897918 0.995300 
0.609000 151.199997 1.897918 0.995300 
0.609000 152.099991 1.897918 0.995300 
0.609000 153.000000 1.897918 0.995300 
0.609000 153.899994 1.897918 0.995300 
0.609000 154.800003 1.897918 0.995300 
0.609000 155.699997 1.897918 0.995300 
0.609000 156.599991 1.897918 0.995300 
0.609000 157.500000 1.897918 0.995300 
0.609000 158.399994 1.897918 0.995300 
0.609000 159.300003 1.897918 0.995300 
0.609000 160.199997 1.897918 0.995300 
0.609000 161.099991 1.897918 0.995300 
0.609000 162.000000 1.897918 0.995300 
0.609000 162.899994 1.897918 0.995300 
0.609000 163.800003 1.897918 0.995300 
0.609000 164.699997 1.897918 0.995300 
0.609000 165.599991 1.897918 0.995300 
0.609000 166.500000 1.897918 0.995300 
0.609000 167.399994 1.897918 0.995300 
0.609000 168.300003 1.897918 0.995300 
0.609000 169.199997 1.897918 0.995300 
0.609000 170.099991 1.897918 0.995300 
0.609000 171.000000 1.897918 0.995300 
0.609000 171.899994 1.897918 0.995300 
0.609000 172.799988 1.897918 0.995300 
0.609000 173.699997 1.897918 0.995300 
0.609000 174.599991 1.897918 0.995300 
0.609000 175.500000 1.897918 0.995300 
0.609000 176.399994 1.897918 0.995300 
0.609000 177.299988 1.897918 0.995300 
0.609000 178.199997 1.897918 0.995300 
0.609000 179.099991 1.897918 0.995300 
0.609000 180.000000 1.897918 0.995300 
0.609000 180.899994 1.897918 0.995300 
0.609000 181.799988 1.897918 0.995300 
0.609000 182.699997 1.897918 0.995300 
0.609000 183.599991 1.897918 0.995300 
0.609000 184.500000 1.897918 0.995300 
0.609000 185.399994 1.897918 0.995300 
0.609000 186.299988 1.897918 0.995300 
0.609000 187.199997 1.897918 0.995300 
0.609000 188.099991 1.897918 0.995300 
0.609000 189.000000 1.897918 0.995300 
0.609000 189.899994 1.897918 0.995300 
0.609000 190.799988 1.897918 0.995300 
0.609000 191.699997 1.897918 0.995300 
0.609000 192.599991 1.897918 0.995300 
0.609000 193.500000 1.897918 0.995300 
0.609000 194.399994 1.897918 0.995300 
0.609000 195.299988 1.897918 0.995300 
0.609000 196.199997 1.897918 0.995300 
0.609000 197.099991 1.897918 0.995300 
0.609000 198.000000 1.897918 0.995300 
0.609000 198.899994 1.897918 0.995300 
0.609000 199.799988 1.897918 0.995300 
0.609000 200.699997 1.897918 0.995300 
0.609000 201.599991 1.897918 0.995300 
0.609000 202.500000 1.897918 0.995300 
0.609000 203.399994 1.897918 0.995300 
0.609000 204.299988 1.897918 0.995300 
0.609000 205.199997 1.897918 0.995300 
0.609000 206.099991 1.897918 0.995300 
0.609000 207.000000 1.897918 0.995300 
0.609000 207.899994 1.897918 0.995300 
0.609000 208.799988 1.897918 0.995300 
0.609000 209.699997 1.897918 0.995300 
0.609000 210.599991 1.897918 0.995300 
0.609000 211.500000 1.897918 0.995300 
0.609000 212.399994 1.897918 0.995300 
0.609000 213.299988 1.897918 0.995300 
0.609000 214.199997 1.897918 0.995300 
0.609000 215.099991 1.897918 0.995300 
0.609000 216.000000 1.897918 0.995300 
0.609000 216.899994 1.897918 0.995300 
0.609000 217.799988 1.897918 0.995300 
0.609000 218.699997 1.897918 0.995300 
0.609000 219.599991 1.897918 0.995300 
0.609000 220.500000 1.897918 0.995300 
0.609000 221.399994 1.897918 0.995300 
0.609000 222.299988 1.897918 0.995300 
0.609000 223.199997 1.897918 0.995300 
0.609000 224.099991 1.897918 0.995300 
0.609000 225.000000 1.897918 0.995300 
0.609000 225.899994 1.897918 0.995300 
0.609000 226.799988 1.897918 0.995300 
0.609000 227.699997 1.897918 0.995301 
0.609000 228.599991 1.897913 0.995301 
0.609000 229.500000 1.897887 0.995301 
