0.960000 0.000000 1.723021 0.880361 
0.960000 0.900000 1.722974 0.880361 
0.960000 1.800000 1.722993 0.880361 
0.960000 2.700000 1.723003 0.880361 
0.960000 3.600000 1.723011 0.880361 
0.960000 4.500000 1.723015 0.880360 
0.960000 5.400000 1.723017 0.880360 
0.960000 6.300000 1.723019 0.880360 
0.960000 7.200000 1.723020 0.880360 
0.960000 8.099999 1.723021 0.880360 
0.960000 9.000000 1.723021 0.880360 
0.960000 9.900000 1.723021 0.880360 
0.960000 10.799999 1.723021 0.880360 
0.960000 11.700000 1.723021 0.880360 
0.960000 12.599999 1.723021 0.880360 
0.960000 13.500000 1.723021 0.880360 
0.960000 14.400000 1.723021 0.880360 
0.960000 15.299999 1.723021 0.880360 
0.960000 16.199999 1.723021 0.880360 
0.960000 17.100000 1.723021 0.880360 
0.960000 18.000000 1.723021 0.880359 
0.960000 18.900000 1.723021 0.880359 
0.960000 19.799999 1.723021 0.880359 
0.960000 20.699999 1.723021 0.880359 
0.960000 21.599998 1.723021 0.880359 
0.960000 22.500000 1.723021 0.880359 
0.960000 23.400000 1.723021 0.880359 
0.960000 24.299999 1.723021 0.880359 
0.960000 25.199999 1.723021 0.880359 
0.960000 26.099998 1.723021 0.880359 
0.960000 27.000000 1.723021 0.880359 
0.960000 27.900000 1.723021 0.880359 
0.960000 28.799999 1.723021 0.880359 
0.960000 29.699999 1.723021 0.880359 
0.960000 30.599998 1.723021 0.880359 
0.960000 31.500000 1.723021 0.880359 
0.960000 32.399998 1.723021 0.880359 
0.960000 33.299999 1.723021 0.880359 
0.960000 34.200001 1.723021 0.880359 
0.960000 35.099998 1.723021 0.880359 
0.960000 36.000000 1.723021 0.880359 
0.960000 36.899998 1.723021 0.880359 
0.960000 37.799999 1.723021 0.880359 
0.960000 38.700001 1.723021 0.880359 
0.960000 39.599998 1.723021 0.880359 
0.960000 40.500000 1.723021 0.880359 
0.960000 41.399998 1.723021 0.880359 
0.960000 42.299999 1.723021 0.880359 
0.960000 43.199997 1.723021 0.880359 
0.960000 44.099998 1.723021 0.880359 
0.960000 45.000000 1.723021 0.880359 
0.960000 45.899998 1.723021 0.880359 
0.960000 46.799999 1.723021 0.880359 
0.960000 47.699997 1.723021 0.880359 
0.960000 48.599998 1.723021 0.880359 
0.960000 49.500000 1.723021 0.880359 
0.960000 50.399998 1.723021 0.880359 
0.960000 51.299999 1.723021 0.880359 
0.960000 52.199997 1.723021 0.880359 
0.960000 53.099998 1.723021 0.880359 
0.960000 54.000000 1.723021 0.880359 
0.960000 54.899998 1.723021 0.880359 
0.960000 55.799999 1.723021 0.880359 
0.960000 56.699997 1.723021 0.880359 
0.960000 57.599998 1.723021 0.880359 
0.960000 58.500000 1.723021 0.880359 
0.960000 59.399998 1.723021 0.880359 
0.960000 60.299999 1.723021 0.880359 
0.960000 61.199997 1.723021 0.880359 
0.960000 62.099998 1.723021 0.880359 
0.960000 63.000000 1.723021 0.880359 
0.960000 63.899998 1.723021 0.880359 
0.960000 64.799995 1.723021 0.880359 
0.960000 65.699997 1.723021 0.880359 
0.960000 66.599998 1.723021 0.880359 
0.960000 67.500000 1.723021 0.880359 
0.960000 68.400002 1.723021 0.880359 
0.960000 69.299995 1.723021 0.880359 
0.960000 70.199997 1.723021 0.880359 
0.960000 71.099998 1.723021 0.880359 
0.960000 72.000000 1.723021 0.880359 
0.960000 72.900002 1.723021 0.880359 
0.960000 73.799995 1.723021 0.880359 
0.960000 74.699997 1.723021 0.880359 
0.960000 75.599998 1.723021 0.880359 
0.960000 76.500000 1.723021 0.880359 
0.960000 77.400002 1.723021 0.880359 
0.960000 78.299995 1.723021 0.880359 
0.960000 79.199997 1.723021 0.880359 
0.960000 80.099998 1.723021 0.880359 
0.960000 81.000000 1.723021 0.880359 
0.960000 81.900002 1.723021 0.880359 
0.960000 82.799995 1.723021 0.880359 
0.960000 83.699997 1.723021 0.880359 
0.960000 84.599998 1.723021 0.880359 
0.960000 85.500000 1.723021 0.880359 
0.960000 86.399994 1.723021 0.880359 
0.960000 87.299995 1.723021 0.880359 
0.960000 88.199997 1.723021 0.880359 
0.960000 89.099998 1.723021 0.880359 
0.960000 90.000000 1.723021 0.880359 
0.960000 90.899994 1.723021 0.880359 
0.960000 91.799995 1.723021 0.880359 
0.960000 92.699997 1.723021 0.880359 
0.960000 93.599998 1.723021 0.880359 
0.960000 94.500000 1.723021 0.880359 
0.960000 95.399994 1.723021 0.880359 
0.960000 96.299995 1.723021 0.880359 
0.960000 97.199997 1.723021 0.880359 
0.960000 98.099998 1.723021 0.880359 
0.960000 99.000000 1.723021 0.880359 
0.960000 99.899994 1.723021 0.880359 
0.960000 100.799995 1.723021 0.880359 
0.960000 101.699997 1.723021 0.880359 
0.960000 102.599998 1.723021 0.880359 
0.960000 103.500000 1.723021 0.880359 
0.960000 104.399994 1.723021 0.880359 
0.960000 105.299995 1.723021 0.880359 
0.960000 106.199997 1.723021 0.880359 
0.960000 107.099998 1.723021 0.880359 
0.960000 108.000000 1.723021 0.880359 
0.960000 108.899994 1.723021 0.880359 
0.960000 109.799995 1.723021 0.880359 
0.960000 110.699997 1.723021 0.880359 
0.960000 111.599998 1.723021 0.880359 
0.960000 112.500000 1.723021 0.880359 
0.960000 113.399994 1.723021 0.880359 
0.960000 114.299995 1.723021 0.880359 
0.960000 115.199997 1.723021 0.880359 
0.960000 116.099998 1.723021 0.880359 
0.960000 117.000000 1.723021 0.880359 
0.960000 117.899994 1.723021 0.880359 
0.960000 118.799995 1.723021 0.880359 
0.960000 119.699997 1.723021 0.880359 
0.960000 120.599998 1.723021 0.880359 
0.960000 121.500000 1.723021 0.880359 
0.960000 122.399994 1.723021 0.880359 
0.960000 123.299995 1.723021 0.880359 
0.960000 124.199997 1.723021 0.880359 
0.960000 125.099998 1.723021 0.880359 
0.960000 126.000000 1.723021 0.880359 
0.960000 126.899994 1.723021 0.880359 
0.960000 127.799995 1.723021 0.880359 
0.960000 128.699997 1.723021 0.880359 
0.960000 129.599991 1.723021 0.880359 
0.960000 130.500000 1.723021 0.880359 
0.960000 131.399994 1.723021 0.880359 
0.960000 132.300003 1.723021 0.880359 
0.960000 133.199997 1.723021 0.880359 
0.960000 134.099991 1.723021 0.880359 
0.960000 135.000000 1.723021 0.880359 
0.960000 135.899994 1.723021 0.880359 
0.960000 136.800003 1.723021 0.880359 
0.960000 137.699997 1.723021 0.880359 
0.960000 138.599991 1.723021 0.880359 
0.960000 139.500000 1.723021 0.880359 
0.960000 140.399994 1.723021 0.880359 
0.960000 141.300003 1.723021 0.880359 
0.960000 142.199997 1.723021 0.880359 
0.960000 143.099991 1.723021 0.880359 
0.960000 144.000000 1.723021 0.880359 
0.960000 144.899994 1.723021 0.880359 
0.960000 145.800003 1.723021 0.880359 
0.960000 146.699997 1.723021 0.880359 
0.960000 147.599991 1.723021 0.880359 
0.960000 148.500000 1.723021 0.880359 
0.960000 149.399994 1.723021 0.880359 
0.960000 150.300003 1.723021 0.880359 
0.960000 151.199997 1.723021 0.880359 
0.960000 152.099991 1.723021 0.880359 
0.960000 153.000000 1.723021 0.880359 
0.960000 153.899994 1.723021 0.880359 
0.960000 154.800003 1.723021 0.880359 
0.960000 155.699997 1.723021 0.880359 
0.960000 156.599991 1.723021 0.880359 
0.960000 157.500000 1.723021 0.880359 
0.960000 158.399994 1.723021 0.880359 
0.960000 159.300003 1.723021 0.880359 
0.960000 160.199997 1.723021 0.880359 
0.960000 161.099991 1.723021 0.880359 
0.960000 162.000000 1.723021 0.880359 
0.960000 162.899994 1.723021 0.880359 
0.960000 163.800003 1.723021 0.880359 
0.960000 164.699997 1.723021 0.880359 
0.960000 165.599991 1.723021 0.880359 
0.960000 166.500000 1.723021 0.880359 
0.960000 167.399994 1.723021 0.880359 
0.960000 168.300003 1.723021 0.880359 
0.960000 169.199997 1.723021 0.880359 
0.960000 170.099991 1.723021 0.880359 
0.960000 171.000000 1.723021 0.880359 
0.960000 171.899994 1.723021 0.880359 
0.960000 172.799988 1.723021 0.880359 
0.960000 173.699997 1.723021 0.880359 
0.960000 174.599991 1.723021 0.880359 
0.960000 175.500000 1.723021 0.880359 
0.960000 176.399994 1.723021 0.880359 
0.960000 177.299988 1.723021 0.880359 
0.960000 178.199997 1.723021 0.880359 
0.960000 179.099991 1.723021 0.880359 
0.960000 180.000000 1.723021 0.880359 
0.960000 180.899994 1.723021 0.880359 
0.960000 181.799988 1.723021 0.880359 
0.960000 182.699997 1.723021 0.880359 
0.960000 183.599991 1.723021 0.880359 
0.960000 184.500000 1.723021 0.880359 
0.960000 185.399994 1.723021 0.880359 
0.960000 186.299988 1.723021 0.880359 
0.960000 187.199997 1.723021 0.880359 
0.960000 188.099991 1.723021 0.880359 
0.960000 189.000000 1.723021 0.880359 
0.960000 189.899994 1.723021 0.880359 
0.960000 190.799988 1.723021 0.880359 
0.960000 191.699997 1.723021 0.880359 
0.960000 192.599991 1.723021 0.880359 
0.960000 193.500000 1.723021 0.880359 
0.960000 194.399994 1.723021 0.880359 
0.960000 195.299988 1.723021 0.880359 
0.960000 196.199997 1.723021 0.880359 
0.960000 197.099991 1.723021 0.880359 
0.960000 198.000000 1.723021 0.880359 
0.960000 198.899994 1.723021 0.880359 
0.960000 199.799988 1.723021 0.880359 
0.960000 200.699997 1.723021 0.880359 
0.960000 201.599991 1.723021 0.880359 
0.960000 202.500000 1.723021 0.880359 
0.960000 203.399994 1.723021 0.880359 
0.960000 204.299988 1.723021 0.880359 
0.960000 205.199997 1.723021 0.880359 
0.960000 206.099991 1.723021 0.880359 
0.960000 207.000000 1.723021 0.880359 
0.960000 207.899994 1.723021 0.880359 
0.960000 208.799988 1.723021 0.880359 
0.960000 209.699997 1.723021 0.880359 
0.960000 210.599991 1.723021 0.880359 
0.960000 211.500000 1.723021 0.880359 
0.960000 212.399994 1.723021 0.880359 
0.960000 213.299988 1.723021 0.880359 
0.960000 214.199997 1.723021 0.880359 
0.960000 215.099991 1.723021 0.880359 
0.960000 216.000000 1.723021 0.880359 
0.960000 216.899994 1.723021 0.880360 
0.960000 217.799988 1.723021 0.880360 
0.960000 218.699997 1.723021 0.880360 
0.960000 219.599991 1.723021 0.880360 
0.960000 220.500000 1.723021 0.880360 
0.960000 221.399994 1.723022 0.880360 
0.960000 222.299988 1.723022 0.880360 
0.960000 223.199997 1.723022 0.880360 
0.960000 224.099991 1.723022 0.880360 
0.960000 225.000000 1.723022 0.880360 
0.960000 225.899994 1.723022 0.880360 
0.960000 226.799988 1.723022 0.880360 
0.960000 227.699997 1.723020 0.880361 
0.960000 228.599991 1.723009 0.880361 
0.960000 229.500000 1.722978 0.880361 
