0.352000 0.000000 1.826633 1.293245 
0.352000 0.900000 1.826607 1.293246 
0.352000 1.800000 1.826619 1.293246 
0.352000 2.700000 1.826621 1.293247 
0.352000 3.600000 1.826623 1.293248 
0.352000 4.500000 1.826625 1.293248 
0.352000 5.400000 1.826625 1.293249 
0.352000 6.300000 1.826626 1.293249 
0.352000 7.200000 1.826626 1.293249 
0.352000 8.099999 1.826626 1.293249 
0.352000 9.000000 1.826626 1.293250 
0.352000 9.900000 1.826626 1.293250 
0.352000 10.799999 1.826626 1.293250 
0.352000 11.700000 1.826626 1.293250 
0.352000 12.599999 1.826626 1.293251 
0.352000 13.500000 1.826626 1.293251 
0.352000 14.400000 1.826626 1.293251 
0.352000 15.299999 1.826626 1.293251 
0.352000 16.199999 1.826626 1.293251 
0.352000 17.100000 1.826626 1.293251 
0.352000 18.000000 1.826626 1.293251 
0.352000 18.900000 1.826626 1.293251 
0.352000 19.799999 1.826626 1.293251 
0.352000 20.699999 1.826626 1.293251 
0.352000 21.599998 1.826626 1.293251 
0.352000 22.500000 1.826626 1.293251 
0.352000 23.400000 1.826626 1.293251 
0.352000 24.299999 1.826626 1.293251 
0.352000 25.199999 1.826626 1.293251 
0.352000 26.099998 1.826626 1.293251 
0.352000 27.000000 1.826626 1.293251 
0.352000 27.900000 1.826626 1.293251 
0.352000 28.799999 1.826626 1.293251 
0.352000 29.699999 1.826626 1.293251 
0.352000 30.599998 1.826626 1.293251 
0.352000 31.500000 1.826626 1.293251 
0.352000 32.399998 1.826626 1.293251 
0.352000 33.299999 1.826626 1.293251 
0.352000 34.200001 1.826626 1.293251 
0.352000 35.099998 1.826626 1.293251 
0.352000 36.000000 1.826626 1.293251 
0.352000 36.899998 1.826626 1.293251 
0.352000 37.799999 1.826626 1.293251 
0.352000 38.700001 1.826626 1.293251 
0.352000 39.599998 1.826626 1.293251 
0.352000 40.500000 1.826626 1.293251 
0.352000 41.399998 1.826626 1.293251 
0.352000 42.299999 1.826626 1.293251 
0.352000 43.199997 1.826626 1.293251 
0.352000 44.099998 1.826626 1.293251 
0.352000 45.000000 1.826626 1.293251 
0.352000 45.899998 1.826626 1.293251 
0.352000 46.799999 1.826626 1.293251 
0.352000 47.699997 1.826626 1.293251 
0.352000 48.599998 1.826626 1.293251 
0.352000 49.500000 1.826626 1.293251 
0.352000 50.399998 1.826626 1.293251 
0.352000 51.299999 1.826626 1.293251 
0.352000 52.199997 1.826626 1.293251 
0.352000 53.099998 1.826626 1.293251 
0.352000 54.000000 1.826626 1.293251 
0.352000 54.899998 1.826626 1.293251 
0.352000 55.799999 1.826626 1.293251 
0.352000 56.699997 1.826626 1.293251 
0.352000 57.599998 1.826626 1.293251 
0.352000 58.500000 1.826626 1.293251 
0.352000 59.399998 1.826626 1.293251 
0.352000 60.299999 1.826626 1.293251 
0.352000 61.199997 1.826626 1.293251 
0.352000 62.099998 1.826626 1.293251 
0.352000 63.000000 1.826626 1.293251 
0.352000 63.899998 1.826626 1.293251 
0.352000 64.799995 1.826626 1.293251 
0.352000 65.699997 1.826626 1.293251 
0.352000 66.599998 1.826626 1.293251 
0.352000 67.500000 1.826626 1.293251 
0.352000 68.400002 1.826626 1.293251 
0.352000 69.299995 1.826626 1.293251 
0.352000 70.199997 1.826626 1.293251 
0.352000 71.099998 1.826626 1.293251 
0.352000 72.000000 1.826626 1.293251 
0.352000 72.900002 1.826626 1.293251 
0.352000 73.799995 1.826626 1.293251 
0.352000 74.699997 1.826626 1.293251 
0.352000 75.599998 1.826626 1.293251 
0.352000 76.500000 1.826626 1.293251 
0.352000 77.400002 1.826626 1.293251 
0.352000 78.299995 1.826626 1.293251 
0.352000 79.199997 1.826626 1.293251 
0.352000 80.099998 1.826626 1.293251 
0.352000 81.000000 1.826626 1.293251 
0.352000 81.900002 1.826626 1.293251 
0.352000 82.799995 1.826626 1.293251 
0.352000 83.699997 1.826626 1.293251 
0.352000 84.599998 1.826626 1.293251 
0.352000 85.500000 1.826626 1.293251 
0.352000 86.399994 1.826626 1.293251 
0.352000 87.299995 1.826626 1.293251 
0.352000 88.199997 1.826626 1.293251 
0.352000 89.099998 1.826626 1.293251 
0.352000 90.000000 1.826626 1.293251 
0.352000 90.899994 1.826626 1.293251 
0.352000 91.799995 1.826626 1.293251 
0.352000 92.699997 1.826626 1.293251 
0.352000 93.599998 1.826626 1.293251 
0.352000 94.500000 1.826626 1.293251 
0.352000 95.399994 1.826626 1.293251 
0.352000 96.299995 1.826626 1.293251 
0.352000 97.199997 1.826626 1.293251 
0.352000 98.099998 1.826626 1.293251 
0.352000 99.000000 1.826626 1.293251 
0.352000 99.899994 1.826626 1.293251 
0.352000 100.799995 1.826626 1.293251 
0.352000 101.699997 1.826626 1.293251 
0.352000 102.599998 1.826626 1.293251 
0.352000 103.500000 1.826626 1.293251 
0.352000 104.399994 1.826626 1.293251 
0.352000 105.299995 1.826626 1.293251 
0.352000 106.199997 1.826626 1.293251 
0.352000 107.099998 1.826626 1.293251 
0.352000 108.000000 1.826626 1.293251 
0.352000 108.899994 1.826626 1.293251 
0.352000 109.799995 1.826626 1.293251 
0.352000 110.699997 1.826626 1.293251 
0.352000 111.599998 1.826626 1.293251 
0.352000 112.500000 1.826626 1.293251 
0.352000 113.399994 1.826626 1.293251 
0.352000 114.299995 1.826626 1.293251 
0.352000 115.199997 1.826626 1.293251 
0.352000 116.099998 1.826626 1.293251 
0.352000 117.000000 1.826626 1.293251 
0.352000 117.899994 1.826626 1.293251 
0.352000 118.799995 1.826626 1.293251 
0.352000 119.699997 1.826626 1.293251 
0.352000 120.599998 1.826626 1.293251 
0.352000 121.500000 1.826626 1.293251 
0.352000 122.399994 1.826626 1.293251 
0.352000 123.299995 1.826626 1.293251 
0.352000 124.199997 1.826626 1.293251 
0.352000 125.099998 1.826626 1.293251 
0.352000 126.000000 1.826626 1.293251 
0.352000 126.899994 1.826626 1.293251 
0.352000 127.799995 1.826626 1.293251 
0.352000 128.699997 1.826626 1.293251 
0.352000 129.599991 1.826626 1.293251 
0.352000 130.500000 1.826626 1.293251 
0.352000 131.399994 1.826626 1.293251 
0.352000 132.300003 1.826626 1.293251 
0.352000 133.199997 1.826626 1.293251 
0.352000 134.099991 1.826626 1.293251 
0.352000 135.000000 1.826626 1.293251 
0.352000 135.899994 1.826626 1.293251 
0.352000 136.800003 1.826626 1.293251 
0.352000 137.699997 1.826626 1.293251 
0.352000 138.599991 1.826626 1.293251 
0.352000 139.500000 1.826626 1.293251 
0.352000 140.399994 1.826626 1.293251 
0.352000 141.300003 1.826626 1.293251 
0.352000 142.199997 1.826626 1.293251 
0.352000 143.099991 1.826626 1.293251 
0.352000 144.000000 1.826626 1.293251 
0.352000 144.899994 1.826626 1.293251 
0.352000 145.800003 1.826626 1.293251 
0.352000 146.699997 1.826626 1.293251 
0.352000 147.599991 1.826626 1.293251 
0.352000 148.500000 1.826626 1.293251 
0.352000 149.399994 1.826626 1.293251 
0.352000 150.300003 1.826626 1.293251 
0.352000 151.199997 1.826626 1.293251 
0.352000 152.099991 1.826626 1.293251 
0.352000 153.000000 1.826626 1.293251 
0.352000 153.899994 1.826626 1.293251 
0.352000 154.800003 1.826626 1.293251 
0.352000 155.699997 1.826626 1.293251 
0.352000 156.599991 1.826626 1.293251 
0.352000 157.500000 1.826626 1.293251 
0.352000 158.399994 1.826626 1.293251 
0.352000 159.300003 1.826626 1.293251 
0.352000 160.199997 1.826626 1.293251 
0.352000 161.099991 1.826626 1.293251 
0.352000 162.000000 1.826626 1.293251 
0.352000 162.899994 1.826626 1.293251 
0.352000 163.800003 1.826626 1.293251 
0.352000 164.699997 1.826626 1.293251 
0.352000 165.599991 1.826626 1.293251 
0.352000 166.500000 1.826626 1.293251 
0.352000 167.399994 1.826626 1.293251 
0.352000 168.300003 1.826626 1.293251 
0.352000 169.199997 1.826626 1.293251 
0.352000 170.099991 1.826626 1.293251 
0.352000 171.000000 1.826626 1.293251 
0.352000 171.899994 1.826626 1.293251 
0.352000 172.799988 1.826626 1.293251 
0.352000 173.699997 1.826626 1.293251 
0.352000 174.599991 1.826626 1.293251 
0.352000 175.500000 1.826626 1.293251 
0.352000 176.399994 1.826626 1.293251 
0.352000 177.299988 1.826626 1.293251 
0.352000 178.199997 1.826626 1.293251 
0.352000 179.099991 1.826626 1.293251 
0.352000 180.000000 1.826626 1.293251 
0.352000 180.899994 1.826626 1.293251 
0.352000 181.799988 1.826626 1.293251 
0.352000 182.699997 1.826626 1.293251 
0.352000 183.599991 1.826626 1.293251 
0.352000 184.500000 1.826626 1.293251 
0.352000 185.399994 1.826626 1.293251 
0.352000 186.299988 1.826626 1.293251 
0.352000 187.199997 1.826626 1.293251 
0.352000 188.099991 1.826626 1.293251 
0.352000 189.000000 1.826626 1.293251 
0.352000 189.899994 1.826626 1.293251 
0.352000 190.799988 1.826626 1.293251 
0.352000 191.699997 1.826626 1.293251 
0.352000 192.599991 1.826626 1.293251 
0.352000 193.500000 1.826626 1.293251 
0.352000 194.399994 1.826626 1.293251 
0.352000 195.299988 1.826626 1.293251 
0.352000 196.199997 1.826626 1.293251 
0.352000 197.099991 1.826626 1.293251 
0.352000 198.000000 1.826626 1.293251 
0.352000 198.899994 1.826626 1.293251 
0.352000 199.799988 1.826626 1.293251 
0.352000 200.699997 1.826626 1.293251 
0.352000 201.599991 1.826626 1.293251 
0.352000 202.500000 1.826626 1.293251 
0.352000 203.399994 1.826626 1.293251 
0.352000 204.299988 1.826626 1.293251 
0.352000 205.199997 1.826626 1.293251 
0.352000 206.099991 1.826626 1.293251 
0.352000 207.000000 1.826626 1.293251 
0.352000 207.899994 1.826626 1.293251 
0.352000 208.799988 1.826626 1.293251 
0.352000 209.699997 1.826626 1.293251 
0.352000 210.599991 1.826626 1.293251 
0.352000 211.500000 1.826626 1.293251 
0.352000 212.399994 1.826626 1.293251 
0.352000 213.299988 1.826626 1.293251 
0.352000 214.199997 1.826626 1.293251 
0.352000 215.099991 1.826626 1.293251 
0.352000 216.000000 1.826626 1.293251 
0.352000 216.899994 1.826626 1.293251 
0.352000 217.799988 1.826626 1.293251 
0.352000 218.699997 1.826626 1.293251 
0.352000 219.599991 1.826626 1.293251 
0.352000 220.500000 1.826626 1.293251 
0.352000 221.399994 1.826626 1.293251 
0.352000 222.299988 1.826626 1.293251 
0.352000 223.199997 1.826626 1.293251 
0.352000 224.099991 1.826626 1.293251 
0.352000 225.000000 1.826626 1.293251 
0.352000 225.899994 1.826626 1.293251 
0.352000 226.799988 1.826626 1.293251 
0.352000 227.699997 1.826626 1.293251 
0.352000 228.599991 1.826624 1.293251 
0.352000 229.500000 1.826611 1.293250 
