0.053000 0.000000 1.487057 1.833600 
0.053000 0.900000 1.487053 1.833600 
0.053000 1.800000 1.487054 1.833600 
0.053000 2.700000 1.487054 1.833601 
0.053000 3.600000 1.487055 1.833602 
0.053000 4.500000 1.487055 1.833602 
0.053000 5.400000 1.487055 1.833602 
0.053000 6.300000 1.487055 1.833602 
0.053000 7.200000 1.487055 1.833602 
0.053000 8.099999 1.487055 1.833602 
0.053000 9.000000 1.487055 1.833603 
0.053000 9.900000 1.487055 1.833603 
0.053000 10.799999 1.487055 1.833603 
0.053000 11.700000 1.487055 1.833603 
0.053000 12.599999 1.487055 1.833603 
0.053000 13.500000 1.487055 1.833603 
0.053000 14.400000 1.487055 1.833603 
0.053000 15.299999 1.487055 1.833603 
0.053000 16.199999 1.487055 1.833603 
0.053000 17.100000 1.487055 1.833603 
0.053000 18.000000 1.487055 1.833603 
0.053000 18.900000 1.487055 1.833603 
0.053000 19.799999 1.487055 1.833603 
0.053000 20.699999 1.487055 1.833603 
0.053000 21.599998 1.487055 1.833603 
0.053000 22.500000 1.487055 1.833603 
0.053000 23.400000 1.487055 1.833603 
0.053000 24.299999 1.487055 1.833603 
0.053000 25.199999 1.487055 1.833603 
0.053000 26.099998 1.487055 1.833603 
0.053000 27.000000 1.487055 1.833603 
0.053000 27.900000 1.487055 1.833603 
0.053000 28.799999 1.487055 1.833603 
0.053000 29.699999 1.487055 1.833603 
0.053000 30.599998 1.487055 1.833603 
0.053000 31.500000 1.487055 1.833603 
0.053000 32.399998 1.487055 1.833603 
0.053000 33.299999 1.487055 1.833603 
0.053000 34.200001 1.487055 1.833603 
0.053000 35.099998 1.487055 1.833603 
0.053000 36.000000 1.487055 1.833603 
0.053000 36.899998 1.487055 1.833603 
0.053000 37.799999 1.487055 1.833603 
0.053000 38.700001 1.487055 1.833603 
0.053000 39.599998 1.487055 1.833603 
0.053000 40.500000 1.487055 1.833603 
0.053000 41.399998 1.487055 1.833603 
0.053000 42.299999 1.487055 1.833603 
0.053000 43.199997 1.487055 1.833603 
0.053000 44.099998 1.487055 1.833603 
0.053000 45.000000 1.487055 1.833603 
0.053000 45.899998 1.487055 1.833603 
0.053000 46.799999 1.487055 1.833603 
0.053000 47.699997 1.487055 1.833603 
0.053000 48.599998 1.487055 1.833603 
0.053000 49.500000 1.487055 1.833603 
0.053000 50.399998 1.487055 1.833603 
0.053000 51.299999 1.487055 1.833603 
0.053000 52.199997 1.487055 1.833603 
0.053000 53.099998 1.487055 1.833603 
0.053000 54.000000 1.487055 1.833603 
0.053000 54.899998 1.487055 1.833603 
0.053000 55.799999 1.487055 1.833603 
0.053000 56.699997 1.487055 1.833603 
0.053000 57.599998 1.487055 1.833603 
0.053000 58.500000 1.487055 1.833603 
0.053000 59.399998 1.487055 1.833603 
0.053000 60.299999 1.487055 1.833603 
0.053000 61.199997 1.487055 1.833603 
0.053000 62.099998 1.487055 1.833603 
0.053000 63.000000 1.487055 1.833603 
0.053000 63.899998 1.487055 1.833603 
0.053000 64.799995 1.487055 1.833603 
0.053000 65.699997 1.487055 1.833603 
0.053000 66.599998 1.487055 1.833603 
0.053000 67.500000 1.487055 1.833603 
0.053000 68.400002 1.487055 1.833603 
0.053000 69.299995 1.487055 1.833603 
0.053000 70.199997 1.487055 1.833603 
0.053000 71.099998 1.487055 1.833603 
0.053000 72.000000 1.487055 1.833603 
0.053000 72.900002 1.487055 1.833603 
0.053000 73.799995 1.487055 1.833603 
0.053000 74.699997 1.487055 1.833603 
0.053000 75.599998 1.487055 1.833603 
0.053000 76.500000 1.487055 1.833603 
0.053000 77.400002 1.487055 1.833603 
0.053000 78.299995 1.487055 1.833603 
0.053000 79.199997 1.487055 1.833603 
0.053000 80.099998 1.487055 1.833603 
0.053000 81.000000 1.487055 1.833603 
0.053000 81.900002 1.487055 1.833603 
0.053000 82.799995 1.487055 1.833603 
0.053000 83.699997 1.487055 1.833603 
0.053000 84.599998 1.487055 1.833603 
0.053000 85.500000 1.487055 1.833603 
0.053000 86.399994 1.487055 1.833603 
0.053000 87.299995 1.487055 1.833603 
0.053000 88.199997 1.487055 1.833603 
0.053000 89.099998 1.487055 1.833603 
0.053000 90.000000 1.487055 1.833603 
0.053000 90.899994 1.487055 1.833603 
0.053000 91.799995 1.487055 1.833603 
0.053000 92.699997 1.487055 1.833603 
0.053000 93.599998 1.487055 1.833603 
0.053000 94.500000 1.487055 1.833603 
0.053000 95.399994 1.487055 1.833603 
0.053000 96.299995 1.487055 1.833603 
0.053000 97.199997 1.487055 1.833603 
0.053000 98.099998 1.487055 1.833603 
0.053000 99.000000 1.487055 1.833603 
0.053000 99.899994 1.487055 1.833603 
0.053000 100.799995 1.487055 1.833603 
0.053000 101.699997 1.487055 1.833603 
0.053000 102.599998 1.487055 1.833603 
0.053000 103.500000 1.487055 1.833603 
0.053000 104.399994 1.487055 1.833603 
0.053000 105.299995 1.487055 1.833603 
0.053000 106.199997 1.487055 1.833603 
0.053000 107.099998 1.487055 1.833603 
0.053000 108.000000 1.487055 1.833603 
0.053000 108.899994 1.487055 1.833603 
0.053000 109.799995 1.487055 1.833603 
0.053000 110.699997 1.487055 1.833603 
0.053000 111.599998 1.487055 1.833603 
0.053000 112.500000 1.487055 1.833603 
0.053000 113.399994 1.487055 1.833603 
0.053000 114.299995 1.487055 1.833603 
0.053000 115.199997 1.487055 1.833603 
0.053000 116.099998 1.487055 1.833603 
0.053000 117.000000 1.487055 1.833603 
0.053000 117.899994 1.487055 1.833603 
0.053000 118.799995 1.487055 1.833603 
0.053000 119.699997 1.487055 1.833603 
0.053000 120.599998 1.487055 1.833603 
0.053000 121.500000 1.487055 1.833603 
0.053000 122.399994 1.487055 1.833603 
0.053000 123.299995 1.487055 1.833603 
0.053000 124.199997 1.487055 1.833603 
0.053000 125.099998 1.487055 1.833603 
0.053000 126.000000 1.487055 1.833603 
0.053000 126.899994 1.487055 1.833603 
0.053000 127.799995 1.487055 1.833603 
0.053000 128.699997 1.487055 1.833603 
0.053000 129.599991 1.487055 1.833603 
0.053000 130.500000 1.487055 1.833603 
0.053000 131.399994 1.487055 1.833603 
0.053000 132.300003 1.487055 1.833603 
0.053000 133.199997 1.487055 1.833603 
0.053000 134.099991 1.487055 1.833603 
0.053000 135.000000 1.487055 1.833603 
0.053000 135.899994 1.487055 1.833603 
0.053000 136.800003 1.487055 1.833603 
0.053000 137.699997 1.487055 1.833603 
0.053000 138.599991 1.487055 1.833603 
0.053000 139.500000 1.487055 1.833603 
0.053000 140.399994 1.487055 1.833603 
0.053000 141.300003 1.487055 1.833603 
0.053000 142.199997 1.487055 1.833603 
0.053000 143.099991 1.487055 1.833603 
0.053000 144.000000 1.487055 1.833603 
0.053000 144.899994 1.487055 1.833603 
0.053000 145.800003 1.487055 1.833603 
0.053000 146.699997 1.487055 1.833603 
0.053000 147.599991 1.487055 1.833603 
0.053000 148.500000 1.487055 1.833603 
0.053000 149.399994 1.487055 1.833603 
0.053000 150.300003 1.487055 1.833603 
0.053000 151.199997 1.487055 1.833603 
0.053000 152.099991 1.487055 1.833603 
0.053000 153.000000 1.487055 1.833603 
0.053000 153.899994 1.487055 1.833603 
0.053000 154.800003 1.487055 1.833603 
0.053000 155.699997 1.487055 1.833603 
0.053000 156.599991 1.487055 1.833603 
0.053000 157.500000 1.487055 1.833603 
0.053000 158.399994 1.487055 1.833603 
0.053000 159.300003 1.487055 1.833603 
0.053000 160.199997 1.487055 1.833603 
0.053000 161.099991 1.487055 1.833603 
0.053000 162.000000 1.487055 1.833603 
0.053000 162.899994 1.487055 1.833603 
0.053000 163.800003 1.487055 1.833603 
0.053000 164.699997 1.487055 1.833603 
0.053000 165.599991 1.487055 1.833603 
0.053000 166.500000 1.487055 1.833603 
0.053000 167.399994 1.487055 1.833603 
0.053000 168.300003 1.487055 1.833603 
0.053000 169.199997 1.487055 1.833603 
0.053000 170.099991 1.487055 1.833603 
0.053000 171.000000 1.487055 1.833603 
0.053000 171.899994 1.487055 1.833603 
0.053000 172.799988 1.487055 1.833603 
0.053000 173.699997 1.487055 1.833603 
0.053000 174.599991 1.487055 1.833603 
0.053000 175.500000 1.487055 1.833603 
0.053000 176.399994 1.487055 1.833603 
0.053000 177.299988 1.487055 1.833603 
0.053000 178.199997 1.487055 1.833603 
0.053000 179.099991 1.487055 1.833603 
0.053000 180.000000 1.487055 1.833603 
0.053000 180.899994 1.487055 1.833603 
0.053000 181.799988 1.487055 1.833603 
0.053000 182.699997 1.487055 1.833603 
0.053000 183.599991 1.487055 1.833603 
0.053000 184.500000 1.487055 1.833603 
0.053000 185.399994 1.487055 1.833603 
0.053000 186.299988 1.487055 1.833603 
0.053000 187.199997 1.487055 1.833603 
0.053000 188.099991 1.487055 1.833603 
0.053000 189.000000 1.487055 1.833603 
0.053000 189.899994 1.487055 1.833603 
0.053000 190.799988 1.487055 1.833603 
0.053000 191.699997 1.487055 1.833603 
0.053000 192.599991 1.487055 1.833603 
0.053000 193.500000 1.487055 1.833603 
0.053000 194.399994 1.487055 1.833603 
0.053000 195.299988 1.487055 1.833603 
0.053000 196.199997 1.487055 1.833603 
0.053000 197.099991 1.487055 1.833603 
0.053000 198.000000 1.487055 1.833603 
0.053000 198.899994 1.487055 1.833603 
0.053000 199.799988 1.487055 1.833603 
0.053000 200.699997 1.487055 1.833603 
0.053000 201.599991 1.487055 1.833603 
0.053000 202.500000 1.487055 1.833603 
0.053000 203.399994 1.487055 1.833603 
0.053000 204.299988 1.487055 1.833603 
0.053000 205.199997 1.487055 1.833603 
0.053000 206.099991 1.487055 1.833603 
0.053000 207.000000 1.487055 1.833603 
0.053000 207.899994 1.487055 1.833603 
0.053000 208.799988 1.487055 1.833603 
0.053000 209.699997 1.487055 1.833603 
0.053000 210.599991 1.487055 1.833603 
0.053000 211.500000 1.487055 1.833603 
0.053000 212.399994 1.487055 1.833603 
0.053000 213.299988 1.487055 1.833603 
0.053000 214.199997 1.487055 1.833603 
0.053000 215.099991 1.487055 1.833603 
0.053000 216.000000 1.487055 1.833603 
0.053000 216.899994 1.487055 1.833603 
0.053000 217.799988 1.487055 1.833603 
0.053000 218.699997 1.487055 1.833603 
0.053000 219.599991 1.487055 1.833603 
0.053000 220.500000 1.487055 1.833603 
0.053000 221.399994 1.487055 1.833603 
0.053000 222.299988 1.487055 1.833603 
0.053000 223.199997 1.487055 1.833603 
0.053000 224.099991 1.487055 1.833603 
0.053000 225.000000 1.487055 1.833603 
0.053000 225.899994 1.487055 1.833603 
0.053000 226.799988 1.487055 1.833603 
0.053000 227.699997 1.487055 1.833603 
0.053000 228.599991 1.487055 1.833602 
0.053000 229.500000 1.487052 1.833602 
