0.976000 0.000000 1.711864 0.880039 
0.976000 0.900000 1.711816 0.880039 
0.976000 1.800000 1.711836 0.880039 
0.976000 2.700000 1.711846 0.880039 
0.976000 3.600000 1.711854 0.880039 
0.976000 4.500000 1.711857 0.880039 
0.976000 5.400000 1.711859 0.880039 
0.976000 6.300000 1.711862 0.880038 
0.976000 7.200000 1.711863 0.880038 
0.976000 8.099999 1.711864 0.880038 
0.976000 9.000000 1.711864 0.880038 
0.976000 9.900000 1.711864 0.880038 
0.976000 10.799999 1.711864 0.880038 
0.976000 11.700000 1.711864 0.880038 
0.976000 12.599999 1.711864 0.880038 
0.976000 13.500000 1.711864 0.880038 
0.976000 14.400000 1.711864 0.880038 
0.976000 15.299999 1.711864 0.880038 
0.976000 16.199999 1.711864 0.880038 
0.976000 17.100000 1.711864 0.880038 
0.976000 18.000000 1.711864 0.880038 
0.976000 18.900000 1.711864 0.880038 
0.976000 19.799999 1.711864 0.880037 
0.976000 20.699999 1.711864 0.880037 
0.976000 21.599998 1.711864 0.880037 
0.976000 22.500000 1.711864 0.880037 
0.976000 23.400000 1.711864 0.880037 
0.976000 24.299999 1.711864 0.880037 
0.976000 25.199999 1.711864 0.880037 
0.976000 26.099998 1.711864 0.880037 
0.976000 27.000000 1.711864 0.880037 
0.976000 27.900000 1.711864 0.880037 
0.976000 28.799999 1.711864 0.880037 
0.976000 29.699999 1.711864 0.880037 
0.976000 30.599998 1.711864 0.880037 
0.976000 31.500000 1.711864 0.880037 
0.976000 32.399998 1.711864 0.880037 
0.976000 33.299999 1.711864 0.880037 
0.976000 34.200001 1.711864 0.880037 
0.976000 35.099998 1.711864 0.880037 
0.976000 36.000000 1.711864 0.880037 
0.976000 36.899998 1.711864 0.880037 
0.976000 37.799999 1.711864 0.880037 
0.976000 38.700001 1.711864 0.880037 
0.976000 39.599998 1.711864 0.880037 
0.976000 40.500000 1.711864 0.880037 
0.976000 41.399998 1.711864 0.880037 
0.976000 42.299999 1.711864 0.880037 
0.976000 43.199997 1.711864 0.880037 
0.976000 44.099998 1.711864 0.880037 
0.976000 45.000000 1.711864 0.880037 
0.976000 45.899998 1.711864 0.880037 
0.976000 46.799999 1.711864 0.880037 
0.976000 47.699997 1.711864 0.880037 
0.976000 48.599998 1.711864 0.880037 
0.976000 49.500000 1.711864 0.880037 
0.976000 50.399998 1.711864 0.880037 
0.976000 51.299999 1.711864 0.880037 
0.976000 52.199997 1.711864 0.880037 
0.976000 53.099998 1.711864 0.880037 
0.976000 54.000000 1.711864 0.880037 
0.976000 54.899998 1.711864 0.880037 
0.976000 55.799999 1.711864 0.880037 
0.976000 56.699997 1.711864 0.880037 
0.976000 57.599998 1.711864 0.880037 
0.976000 58.500000 1.711864 0.880037 
0.976000 59.399998 1.711864 0.880037 
0.976000 60.299999 1.711864 0.880037 
0.976000 61.199997 1.711864 0.880037 
0.976000 62.099998 1.711864 0.880037 
0.976000 63.000000 1.711864 0.880037 
0.976000 63.899998 1.711864 0.880037 
0.976000 64.799995 1.711864 0.880037 
0.976000 65.699997 1.711864 0.880037 
0.976000 66.599998 1.711864 0.880037 
0.976000 67.500000 1.711864 0.880037 
0.976000 68.400002 1.711864 0.880037 
0.976000 69.299995 1.711864 0.880037 
0.976000 70.199997 1.711864 0.880037 
0.976000 71.099998 1.711864 0.880037 
0.976000 72.000000 1.711864 0.880037 
0.976000 72.900002 1.711864 0.880037 
0.976000 73.799995 1.711864 0.880037 
0.976000 74.699997 1.711864 0.880037 
0.976000 75.599998 1.711864 0.880037 
0.976000 76.500000 1.711864 0.880037 
0.976000 77.400002 1.711864 0.880037 
0.976000 78.299995 1.711864 0.880037 
0.976000 79.199997 1.711864 0.880037 
0.976000 80.099998 1.711864 0.880037 
0.976000 81.000000 1.711864 0.880037 
0.976000 81.900002 1.711864 0.880037 
0.976000 82.799995 1.711864 0.880037 
0.976000 83.699997 1.711864 0.880037 
0.976000 84.599998 1.711864 0.880037 
0.976000 85.500000 1.711864 0.880037 
0.976000 86.399994 1.711864 0.880037 
0.976000 87.299995 1.711864 0.880037 
0.976000 88.199997 1.711864 0.880037 
0.976000 89.099998 1.711864 0.880037 
0.976000 90.000000 1.711864 0.880037 
0.976000 90.899994 1.711864 0.880037 
0.976000 91.799995 1.711864 0.880037 
0.976000 92.699997 1.711864 0.880037 
0.976000 93.599998 1.711864 0.880037 
0.976000 94.500000 1.711864 0.880037 
0.976000 95.399994 1.711864 0.880037 
0.976000 96.299995 1.711864 0.880037 
0.976000 97.199997 1.711864 0.880037 
0.976000 98.099998 1.711864 0.880037 
0.976000 99.000000 1.711864 0.880037 
0.976000 99.899994 1.711864 0.880037 
0.976000 100.799995 1.711864 0.880037 
0.976000 101.699997 1.711864 0.880037 
0.976000 102.599998 1.711864 0.880037 
0.976000 103.500000 1.711864 0.880037 
0.976000 104.399994 1.711864 0.880037 
0.976000 105.299995 1.711864 0.880037 
0.976000 106.199997 1.711864 0.880037 
0.976000 107.099998 1.711864 0.880037 
0.976000 108.000000 1.711864 0.880037 
0.976000 108.899994 1.711864 0.880037 
0.976000 109.799995 1.711864 0.880037 
0.976000 110.699997 1.711864 0.880037 
0.976000 111.599998 1.711864 0.880037 
0.976000 112.500000 1.711864 0.880037 
0.976000 113.399994 1.711864 0.880037 
0.976000 114.299995 1.711864 0.880037 
0.976000 115.199997 1.711864 0.880037 
0.976000 116.099998 1.711864 0.880037 
0.976000 117.000000 1.711864 0.880037 
0.976000 117.899994 1.711864 0.880037 
0.976000 118.799995 1.711864 0.880037 
0.976000 119.699997 1.711864 0.880037 
0.976000 120.599998 1.711864 0.880037 
0.976000 121.500000 1.711864 0.880037 
0.976000 122.399994 1.711864 0.880037 
0.976000 123.299995 1.711864 0.880037 
0.976000 124.199997 1.711864 0.880037 
0.976000 125.099998 1.711864 0.880037 
0.976000 126.000000 1.711864 0.880037 
0.976000 126.899994 1.711864 0.880037 
0.976000 127.799995 1.711864 0.880037 
0.976000 128.699997 1.711864 0.880037 
0.976000 129.599991 1.711864 0.880037 
0.976000 130.500000 1.711864 0.880037 
0.976000 131.399994 1.711864 0.880037 
0.976000 132.300003 1.711864 0.880037 
0.976000 133.199997 1.711864 0.880037 
0.976000 134.099991 1.711864 0.880037 
0.976000 135.000000 1.711864 0.880037 
0.976000 135.899994 1.711864 0.880037 
0.976000 136.800003 1.711864 0.880037 
0.976000 137.699997 1.711864 0.880037 
0.976000 138.599991 1.711864 0.880037 
0.976000 139.500000 1.711864 0.880037 
0.976000 140.399994 1.711864 0.880037 
0.976000 141.300003 1.711864 0.880037 
0.976000 142.199997 1.711864 0.880037 
0.976000 143.099991 1.711864 0.880037 
0.976000 144.000000 1.711864 0.880037 
0.976000 144.899994 1.711864 0.880037 
0.976000 145.800003 1.711864 0.880037 
0.976000 146.699997 1.711864 0.880037 
0.976000 147.599991 1.711864 0.880037 
0.976000 148.500000 1.711864 0.880037 
0.976000 149.399994 1.711864 0.880037 
0.976000 150.300003 1.711864 0.880037 
0.976000 151.199997 1.711864 0.880037 
0.976000 152.099991 1.711864 0.880037 
0.976000 153.000000 1.711864 0.880037 
0.976000 153.899994 1.711864 0.880037 
0.976000 154.800003 1.711864 0.880037 
0.976000 155.699997 1.711864 0.880037 
0.976000 156.599991 1.711864 0.880037 
0.976000 157.500000 1.711864 0.880037 
0.976000 158.399994 1.711864 0.880037 
0.976000 159.300003 1.711864 0.880037 
0.976000 160.199997 1.711864 0.880037 
0.976000 161.099991 1.711864 0.880037 
0.976000 162.000000 1.711864 0.880037 
0.976000 162.899994 1.711864 0.880037 
0.976000 163.800003 1.711864 0.880037 
0.976000 164.699997 1.711864 0.880037 
0.976000 165.599991 1.711864 0.880037 
0.976000 166.500000 1.711864 0.880037 
0.976000 167.399994 1.711864 0.880037 
0.976000 168.300003 1.711864 0.880037 
0.976000 169.199997 1.711864 0.880037 
0.976000 170.099991 1.711864 0.880037 
0.976000 171.000000 1.711864 0.880037 
0.976000 171.899994 1.711864 0.880037 
0.976000 172.799988 1.711864 0.880037 
0.976000 173.699997 1.711864 0.880037 
0.976000 174.599991 1.711864 0.880037 
0.976000 175.500000 1.711864 0.880037 
0.976000 176.399994 1.711864 0.880037 
0.976000 177.299988 1.711864 0.880037 
0.976000 178.199997 1.711864 0.880037 
0.976000 179.099991 1.711864 0.880037 
0.976000 180.000000 1.711864 0.880037 
0.976000 180.899994 1.711864 0.880037 
0.976000 181.799988 1.711864 0.880037 
0.976000 182.699997 1.711864 0.880037 
0.976000 183.599991 1.711864 0.880037 
0.976000 184.500000 1.711864 0.880037 
0.976000 185.399994 1.711864 0.880037 
0.976000 186.299988 1.711864 0.880037 
0.976000 187.199997 1.711864 0.880037 
0.976000 188.099991 1.711864 0.880037 
0.976000 189.000000 1.711864 0.880037 
0.976000 189.899994 1.711864 0.880037 
0.976000 190.799988 1.711864 0.880037 
0.976000 191.699997 1.711864 0.880037 
0.976000 192.599991 1.711864 0.880037 
0.976000 193.500000 1.711864 0.880037 
0.976000 194.399994 1.711864 0.880037 
0.976000 195.299988 1.711864 0.880037 
0.976000 196.199997 1.711864 0.880037 
0.976000 197.099991 1.711864 0.880037 
0.976000 198.000000 1.711864 0.880037 
0.976000 198.899994 1.711864 0.880037 
0.976000 199.799988 1.711864 0.880037 
0.976000 200.699997 1.711864 0.880037 
0.976000 201.599991 1.711864 0.880037 
0.976000 202.500000 1.711864 0.880037 
0.976000 203.399994 1.711864 0.880037 
0.976000 204.299988 1.711864 0.880037 
0.976000 205.199997 1.711864 0.880037 
0.976000 206.099991 1.711864 0.880037 
0.976000 207.000000 1.711864 0.880037 
0.976000 207.899994 1.711864 0.880037 
0.976000 208.799988 1.711864 0.880037 
0.976000 209.699997 1.711864 0.880037 
0.976000 210.599991 1.711864 0.880037 
0.976000 211.500000 1.711864 0.880037 
0.976000 212.399994 1.711864 0.880037 
0.976000 213.299988 1.711864 0.880037 
0.976000 214.199997 1.711864 0.880038 
0.976000 215.099991 1.711864 0.880038 
0.976000 216.000000 1.711864 0.880038 
0.976000 216.899994 1.711864 0.880038 
0.976000 217.799988 1.711864 0.880038 
0.976000 218.699997 1.711864 0.880038 
0.976000 219.599991 1.711864 0.880038 
0.976000 220.500000 1.711864 0.880038 
0.976000 221.399994 1.711864 0.880038 
0.976000 222.299988 1.711864 0.880038 
0.976000 223.199997 1.711864 0.880038 
0.976000 224.099991 1.711864 0.880038 
0.976000 225.000000 1.711865 0.880038 
0.976000 225.899994 1.711865 0.880038 
0.976000 226.799988 1.711865 0.880039 
0.976000 227.699997 1.711863 0.880039 
0.976000 228.599991 1.711852 0.880039 
0.976000 229.500000 1.711821 0.880039 
