388.999023 0.000000 0.506502 1.040973 
388.999023 0.900000 0.506145 1.038978 
388.999023 1.800000 0.505127 1.032991 
388.999023 2.700000 0.503411 1.023003 
388.999023 3.600000 0.501067 1.008999 
388.999023 4.500000 0.498154 0.990961 
388.999023 5.400000 0.494748 0.968862 
388.999023 6.300000 0.491076 0.942674 
388.999023 7.200000 0.487670 0.912362 
388.999023 8.099999 0.486016 0.877883 
388.999023 9.000000 0.490519 0.839179 
388.999023 9.900000 0.514701 0.796152 
388.999023 10.799999 0.600145 0.748581 
388.999023 11.700000 0.872190 0.695903 
388.999023 12.599999 1.671055 0.636919 
388.999023 13.500000 3.602265 0.572042 
388.999023 14.400000 6.014162 0.523430 
388.999023 15.299999 4.572716 0.553978 
388.999023 16.199999 2.230896 0.622476 
388.999023 17.100000 1.086926 0.688960 
388.999023 18.000000 0.674077 0.748833 
388.999023 18.900000 0.540334 0.803273 
388.999023 19.799999 0.500744 0.853048 
388.999023 20.699999 0.491848 0.898472 
388.999023 21.599998 0.492836 0.939680 
388.999023 22.500000 0.496871 0.976749 
388.999023 23.400000 0.501654 1.009733 
388.999023 24.299999 0.506388 1.038680 
388.999023 25.199999 0.510785 1.063632 
388.999023 26.099998 0.514665 1.084625 
388.999023 27.000000 0.517936 1.101691 
388.999023 27.900000 0.520519 1.114857 
388.999023 28.799999 0.522378 1.124146 
388.999023 29.699999 0.523490 1.129571 
388.999023 30.599998 0.523782 1.131144 
388.999023 31.500000 0.523307 1.128867 
388.999023 32.399998 0.522044 1.122737 
388.999023 33.299999 0.520058 1.112743 
388.999023 34.200001 0.517348 1.098870 
388.999023 35.099998 0.513970 1.081094 
388.999023 36.000000 0.509981 1.059388 
388.999023 36.899998 0.505464 1.033718 
388.999023 37.799999 0.500588 1.004049 
388.999023 38.700001 0.495567 0.970336 
388.999023 39.599998 0.491005 0.932532 
388.999023 40.500000 0.488592 0.890585 
388.999023 41.399998 0.493289 0.844424 
388.999023 42.299999 0.520362 0.793935 
388.999023 43.199997 0.616952 0.738866 
388.999023 44.099998 0.924803 0.678581 
388.999023 45.000000 1.824708 0.611764 
388.999023 45.899998 3.958718 0.539280 
388.999023 46.799999 6.466799 0.487017 
388.999023 47.699997 4.904878 0.519747 
388.999023 48.599998 2.377748 0.593764 
388.999023 49.500000 1.136305 0.666080 
388.999023 50.399998 0.688630 0.731560 
388.999023 51.299999 0.544152 0.791486 
388.999023 52.199997 0.501661 0.846699 
388.999023 53.099998 0.492359 0.897543 
388.999023 54.000000 0.493797 0.944167 
388.999023 54.899998 0.498629 0.986657 
388.999023 55.799999 0.504407 1.025074 
388.999023 56.699997 0.510255 1.059475 
388.999023 57.599998 0.515840 1.089911 
388.999023 58.500000 0.520992 1.116428 
388.999023 59.399998 0.525612 1.139070 
388.999023 60.299999 0.529605 1.157875 
388.999023 61.199997 0.532876 1.172875 
388.999023 62.099998 0.535423 1.184098 
388.999023 63.000000 0.537149 1.191566 
388.999023 63.899998 0.537990 1.195292 
388.999023 64.799995 0.537990 1.195283 
388.999023 65.699997 0.537119 1.191539 
388.999023 66.599998 0.535419 1.184054 
388.999023 67.500000 0.532899 1.172812 
388.999023 68.400002 0.529579 1.157791 
388.999023 69.299995 0.525583 1.138967 
388.999023 70.199997 0.520960 1.116304 
388.999023 71.099998 0.515805 1.089765 
388.999023 72.000000 0.510217 1.059308 
388.999023 72.900002 0.504360 1.024884 
388.999023 73.799995 0.498552 0.986445 
388.999023 74.699997 0.493638 0.943934 
388.999023 75.599998 0.491946 0.897291 
388.999023 76.500000 0.500466 0.846429 
388.999023 77.400002 0.540609 0.791206 
388.999023 78.299995 0.678013 0.731287 
388.999023 79.199997 1.105783 0.665856 
388.999023 80.099998 2.302497 0.593588 
388.999023 81.000000 4.802185 0.518834 
388.999023 81.900002 6.560217 0.482292 
388.999023 82.799995 4.130125 0.532686 
388.999023 83.699997 1.910425 0.606333 
388.999023 84.599998 0.955944 0.674696 
388.999023 85.500000 0.627218 0.736442 
388.999023 86.399994 0.523716 0.792915 
388.999023 87.299995 0.494494 0.844786 
388.999023 88.199997 0.489243 0.892323 
388.999023 89.099998 0.491647 0.935646 
388.999023 90.000000 0.496373 0.974827 
388.999023 90.899994 0.501641 1.009923 
388.999023 91.799995 0.506823 1.040983 
388.999023 92.699997 0.511607 1.068053 
388.999023 93.599998 0.515896 1.091171 
388.999023 94.500000 0.519590 1.110371 
388.999023 95.399994 0.522656 1.125686 
388.999023 96.299995 0.524998 1.137139 
388.999023 97.199997 0.526613 1.144753 
388.999023 98.099998 0.527407 1.148539 
388.999023 99.000000 0.527410 1.148504 
388.999023 99.899994 0.526593 1.144649 
388.999023 100.799995 0.524989 1.136967 
388.999023 101.699997 0.522622 1.125445 
388.999023 102.599998 0.519530 1.110065 
388.999023 103.500000 0.515811 1.090800 
388.999023 104.399994 0.511505 1.067620 
388.999023 105.299995 0.506676 1.040490 
388.999023 106.199997 0.501509 1.009368 
388.999023 107.099998 0.496294 0.974210 
388.999023 108.000000 0.491658 0.934968 
388.999023 108.899994 0.489535 0.891583 
388.999023 109.799995 0.495591 0.843981 
388.999023 110.699997 0.527234 0.792038 
388.999023 111.599998 0.638096 0.735473 
388.999023 112.500000 0.988243 0.673583 
388.999023 113.399994 1.996105 0.605017 
388.999023 114.299995 4.282511 0.531728 
388.999023 115.199997 6.551981 0.485192 
388.999023 116.099998 4.558374 0.526273 
388.999023 117.000000 2.156497 0.600265 
388.999023 117.899994 1.049554 0.670668 
388.999023 118.799995 0.658986 0.734307 
388.999023 119.699997 0.534295 0.792523 
388.999023 120.599998 0.498225 0.846080 
388.999023 121.500000 0.490885 0.895285 
388.999023 122.399994 0.492793 0.940273 
388.999023 123.299995 0.497573 0.981122 
388.999023 124.199997 0.503102 1.017894 
388.999023 125.099998 0.508598 1.050640 
388.999023 126.000000 0.513782 1.079408 
388.999023 126.899994 0.518517 1.104244 
388.999023 127.799995 0.522680 1.125185 
388.999023 128.699997 0.526203 1.142266 
388.999023 129.599991 0.529003 1.155517 
388.999023 130.500000 0.531059 1.164962 
388.999023 131.399994 0.532294 1.170616 
388.999023 132.300003 0.532715 1.172491 
388.999023 133.199997 0.532287 1.170589 
388.999023 134.099991 0.531030 1.164907 
388.999023 135.000000 0.528951 1.155435 
388.999023 135.899994 0.526148 1.142157 
388.999023 136.800003 0.522620 1.125048 
388.999023 137.699997 0.518463 1.104079 
388.999023 138.599991 0.513722 1.079216 
388.999023 139.500000 0.508517 1.050420 
388.999023 140.399994 0.502998 1.017647 
388.999023 141.300003 0.497429 0.980848 
388.999023 142.199997 0.492526 0.939973 
388.999023 143.099991 0.490238 0.894961 
388.999023 144.000000 0.496422 0.845735 
388.999023 144.899994 0.528975 0.792167 
388.999023 145.800003 0.643044 0.733969 
388.999023 146.699997 1.003245 0.670417 
388.999023 147.599991 2.037946 0.600145 
388.999023 148.500000 4.370135 0.525304 
388.999023 149.399994 6.638431 0.478407 
388.999023 150.300003 4.618316 0.520076 
388.999023 151.199997 2.182746 0.595190 
388.999023 152.099991 1.058586 0.666756 
388.999023 153.000000 0.661766 0.731515 
388.999023 153.899994 0.535138 0.790831 
388.999023 154.800003 0.498524 0.845480 
388.999023 155.699997 0.491108 0.895774 
388.999023 156.599991 0.493096 0.941851 
388.999023 157.500000 0.498039 0.983791 
388.999023 158.399994 0.503768 1.021655 
388.999023 159.300003 0.509517 1.055499 
388.999023 160.199997 0.514948 1.085371 
388.999023 161.099991 0.519946 1.111315 
388.999023 162.000000 0.524410 1.133375 
388.999023 162.899994 0.528246 1.151585 
388.999023 163.800003 0.531359 1.165977 
388.999023 164.699997 0.533723 1.176579 
388.999023 165.599991 0.535264 1.183407 
388.999023 166.500000 0.535975 1.186476 
388.999023 167.399994 0.535826 1.185791 
388.999023 168.300003 0.534814 1.181351 
388.999023 169.199997 0.532982 1.173146 
388.999023 170.099991 0.530340 1.161161 
388.999023 171.000000 0.526973 1.145374 
388.999023 171.899994 0.522917 1.125757 
388.999023 172.799988 0.518252 1.102275 
388.999023 173.699997 0.513074 1.074890 
388.999023 174.599991 0.507492 1.043556 
388.999023 175.500000 0.501759 1.008229 
388.999023 176.399994 0.496361 0.968854 
388.999023 177.299988 0.492593 0.925375 
388.999023 178.199997 0.494331 0.877724 
388.999023 179.099991 0.513329 0.825797 
388.999023 180.000000 0.585810 0.769388 
388.999023 180.899994 0.821805 0.707993 
388.999023 181.799988 1.528454 0.640480 
388.999023 182.699997 3.319825 0.566511 
388.999023 183.599991 6.000111 0.502714 
388.999023 184.500000 5.491208 0.511573 
388.999023 185.399994 2.835990 0.577978 
388.999023 186.299988 1.323835 0.647568 
388.999023 187.199997 0.751685 0.710278 
388.999023 188.099991 0.562638 0.767114 
388.999023 189.000000 0.504943 0.819088 
388.999023 189.899994 0.490198 0.866626 
388.999023 190.799988 0.489305 0.909900 
388.999023 191.699997 0.492775 0.949000 
388.999023 192.599991 0.497461 0.983984 
388.999023 193.500000 0.502271 1.014902 
388.999023 194.399994 0.506795 1.041795 
388.999023 195.299988 0.510863 1.064703 
388.999023 196.199997 0.514355 1.083659 
388.999023 197.099991 0.517218 1.098691 
388.999023 198.000000 0.519391 1.109823 
388.999023 198.899994 0.520842 1.117072 
388.999023 199.799988 0.521527 1.120450 
388.999023 200.699997 0.521431 1.119963 
388.999023 201.599991 0.520560 1.115610 
388.999023 202.500000 0.518938 1.107382 
388.999023 203.399994 0.516592 1.095266 
388.999023 204.299988 0.513589 1.079242 
388.999023 205.199997 0.509959 1.059285 
388.999023 206.099991 0.505791 1.035365 
388.999023 207.000000 0.501264 1.007446 
388.999023 207.899994 0.496778 0.975488 
388.999023 208.799988 0.493223 0.939444 
388.999023 209.699997 0.493278 0.899258 
388.999023 210.599991 0.504928 0.854850 
388.999023 211.500000 0.552541 0.806072 
388.999023 212.399994 0.709817 0.752574 
388.999023 213.299988 1.187876 0.693523 
388.999023 214.199997 2.470590 0.627967 
388.999023 215.099991 4.848401 0.563428 
388.999023 216.000000 5.559650 0.546817 
388.999023 216.899994 3.106945 0.598737 
388.999023 217.799988 1.451842 0.659681 
388.999023 218.699997 0.796770 0.714253 
388.999023 219.599991 0.576487 0.762822 
388.999023 220.500000 0.507754 0.806442 
388.999023 221.399994 0.488650 0.845579 
388.999023 222.299988 0.485435 0.880416 
388.999023 223.199997 0.487138 0.911038 
388.999023 224.099991 0.490157 0.937493 
388.999023 225.000000 0.493259 0.959820 
388.999023 225.899994 0.496008 0.978046 
388.999023 226.799988 0.498243 0.992197 
388.999023 227.699997 0.499874 1.002291 
388.999023 228.599991 0.500869 1.008342 
388.999023 229.500000 0.501195 1.010358 
