120.999008 0.000000 0.490968 0.947141 
120.999008 0.900000 0.490660 0.945089 
120.999008 1.800000 0.489749 0.938928 
120.999008 2.700000 0.488255 0.928653 
120.999008 3.600000 0.486255 0.914249 
120.999008 4.500000 0.483931 0.895698 
120.999008 5.400000 0.481755 0.872978 
120.999008 6.300000 0.481087 0.846056 
120.999008 7.200000 0.486020 0.814886 
120.999008 8.099999 0.509076 0.779381 
120.999008 9.000000 0.588769 0.739339 
120.999008 9.900000 0.841002 0.694230 
120.999008 10.799999 1.582054 0.642894 
120.999008 11.700000 3.395592 0.585386 
120.999008 12.599999 5.778949 0.541234 
120.999008 13.500000 4.490816 0.572304 
120.999008 14.400000 2.210053 0.641983 
120.999008 15.299999 1.083056 0.710195 
120.999008 16.199999 0.675241 0.771991 
120.999008 17.100000 0.543292 0.828427 
120.999008 18.000000 0.504546 0.880237 
120.999008 18.900000 0.496268 0.927724 
120.999008 19.799999 0.497846 0.971027 
120.999008 20.699999 0.502503 1.010224 
120.999008 21.599998 0.507982 1.045375 
120.999008 22.500000 0.513442 1.076535 
120.999008 23.400000 0.518567 1.103749 
120.999008 24.299999 0.523201 1.127062 
120.999008 25.199999 0.527223 1.146513 
120.999008 26.099998 0.530562 1.162135 
120.999008 27.000000 0.533176 1.173957 
120.999008 27.900000 0.534974 1.182001 
120.999008 28.799999 0.535951 1.186282 
120.999008 29.699999 0.536060 1.186808 
120.999008 30.599998 0.535323 1.183581 
120.999008 31.500000 0.533737 1.176594 
120.999008 32.399998 0.531330 1.165836 
120.999008 33.299999 0.528194 1.151285 
120.999008 34.200001 0.524335 1.132917 
120.999008 35.099998 0.519847 1.110701 
120.999008 36.000000 0.514825 1.084598 
120.999008 36.899998 0.509350 1.054568 
120.999008 37.799999 0.503578 1.020564 
120.999008 38.700001 0.497819 0.982538 
120.999008 39.599998 0.492845 0.940435 
120.999008 40.500000 0.490792 0.894194 
120.999008 41.399998 0.498047 0.843736 
120.999008 42.299999 0.534199 0.788922 
120.999008 43.199997 0.659446 0.729442 
120.999008 44.099998 1.052383 0.664523 
120.999008 45.000000 2.168219 0.592783 
120.999008 45.899998 4.603167 0.517274 
120.999008 46.799999 6.693709 0.474336 
120.999008 47.699997 4.474147 0.520631 
120.999008 48.599998 2.092301 0.596736 
120.999008 49.500000 1.023311 0.668581 
120.999008 50.399998 0.649836 0.733665 
120.999008 51.299999 0.531406 0.793365 
120.999008 52.199997 0.497571 0.848422 
120.999008 53.099998 0.491141 0.899135 
120.999008 54.000000 0.493521 0.945637 
120.999008 54.899998 0.498668 0.988008 
120.999008 55.799999 0.504521 1.026310 
120.999008 56.699997 0.510399 1.060598 
120.999008 57.599998 0.515987 1.090922 
120.999008 58.500000 0.521127 1.117328 
120.999008 59.399998 0.525733 1.139861 
120.999008 60.299999 0.529712 1.158557 
120.999008 61.199997 0.532966 1.173449 
120.999008 62.099998 0.535478 1.184565 
120.999008 63.000000 0.537169 1.191926 
120.999008 63.899998 0.538038 1.195545 
120.999008 64.799995 0.538020 1.195431 
120.999008 65.699997 0.537105 1.191581 
120.999008 66.599998 0.535369 1.183990 
120.999008 67.500000 0.532813 1.172643 
120.999008 68.400002 0.529482 1.157521 
120.999008 69.299995 0.525471 1.138596 
120.999008 70.199997 0.520831 1.115834 
120.999008 71.099998 0.515660 1.089197 
120.999008 72.000000 0.510054 1.058640 
120.999008 72.900002 0.504194 1.024119 
120.999008 73.799995 0.498421 0.985582 
120.999008 74.699997 0.493590 0.942974 
120.999008 75.599998 0.492122 0.896230 
120.999008 76.500000 0.501329 0.845266 
120.999008 77.400002 0.543511 0.789932 
120.999008 78.299995 0.687098 0.729887 
120.999008 79.199997 1.132391 0.664285 
120.999008 80.099998 2.369414 0.591829 
120.999008 81.000000 4.901219 0.517496 
120.999008 81.900002 6.516076 0.483910 
120.999008 82.799995 4.020665 0.536137 
120.999008 83.699997 1.854154 0.609567 
120.999008 84.599998 0.935344 0.677447 
120.999008 85.500000 0.620492 0.738765 
120.999008 86.399994 0.521662 0.794849 
120.999008 87.299995 0.493948 0.846347 
120.999008 88.199997 0.489148 0.893516 
120.999008 89.099998 0.491662 0.936474 
120.999008 90.000000 0.496392 0.975292 
120.999008 90.899994 0.501619 1.010027 
120.999008 91.799995 0.506726 1.040727 
120.999008 92.699997 0.511466 1.067436 
120.999008 93.599998 0.515705 1.090193 
120.999008 94.500000 0.519326 1.109035 
120.999008 95.399994 0.522320 1.123991 
120.999008 96.299995 0.524589 1.135086 
120.999008 97.199997 0.526099 1.142338 
120.999008 98.099998 0.526827 1.145762 
120.999008 99.000000 0.526746 1.145363 
120.999008 99.899994 0.525844 1.141140 
120.999008 100.799995 0.524155 1.133086 
120.999008 101.699997 0.521741 1.121187 
120.999008 102.599998 0.518606 1.105425 
120.999008 103.500000 0.514842 1.085772 
120.999008 104.399994 0.510495 1.062198 
120.999008 105.299995 0.505668 1.034666 
120.999008 106.199997 0.500538 1.003137 
120.999008 107.099998 0.495381 0.967564 
120.999008 108.000000 0.491021 0.927900 
120.999008 108.899994 0.489739 0.884086 
120.999008 109.799995 0.498330 0.836044 
120.999008 110.699997 0.537614 0.783632 
120.999008 111.599998 0.671350 0.726528 
120.999008 112.500000 1.087074 0.663925 
120.999008 113.399994 2.252155 0.594478 
120.999008 114.299995 4.710167 0.522096 
120.999008 115.199997 6.524004 0.485986 
120.999008 116.099998 4.138015 0.536691 
120.999008 117.000000 1.916976 0.611379 
120.999008 117.899994 0.958795 0.680970 
120.999008 118.799995 0.628836 0.743979 
120.999008 119.699997 0.525126 0.801726 
120.999008 120.599998 0.496018 0.854879 
120.999008 121.500000 0.490994 0.903704 
120.999008 122.399994 0.493680 0.948323 
120.999008 123.299995 0.498727 0.988813 
120.999008 124.199997 0.504346 1.025230 
120.999008 125.099998 0.509895 1.057627 
120.999008 126.000000 0.515107 1.086053 
120.999008 126.899994 0.519832 1.110550 
120.999008 127.799995 0.523968 1.131158 
120.999008 128.699997 0.527471 1.147913 
120.999008 129.599991 0.530249 1.160843 
120.999008 130.500000 0.532245 1.169970 
120.999008 131.399994 0.533421 1.175314 
120.999008 132.300003 0.533769 1.176883 
120.999008 133.199997 0.533274 1.174680 
120.999008 134.099991 0.531943 1.168702 
120.999008 135.000000 0.529795 1.158937 
120.999008 135.899994 0.526900 1.145368 
120.999008 136.800003 0.523287 1.127971 
120.999008 137.699997 0.519025 1.106716 
120.999008 138.599991 0.514210 1.081569 
120.999008 139.500000 0.508933 1.052489 
120.999008 140.399994 0.503341 1.019432 
120.999008 141.300003 0.497706 0.982350 
120.999008 142.199997 0.492723 0.941192 
120.999008 143.099991 0.490324 0.895897 
120.999008 144.000000 0.496292 0.846388 
120.999008 144.899994 0.528305 0.792538 
120.999008 145.800003 0.640899 0.734061 
120.999008 146.699997 0.996922 0.670240 
120.999008 147.599991 2.021851 0.599705 
120.999008 148.500000 4.345135 0.524464 
120.999008 149.399994 6.659470 0.476421 
120.999008 150.300003 4.692530 0.517046 
120.999008 151.199997 2.224900 0.592566 
120.999008 152.099991 1.074535 0.664814 
120.999008 153.000000 0.667109 0.730228 
120.999008 153.899994 0.536875 0.790171 
120.999008 154.800003 0.499119 0.845438 
120.999008 155.699997 0.491385 0.896348 
120.999008 156.599991 0.493331 0.943042 
120.999008 157.500000 0.498328 0.985602 
120.999008 158.399994 0.504148 1.024091 
120.999008 159.300003 0.510013 1.058564 
120.999008 160.199997 0.515618 1.089072 
120.999008 161.099991 0.520789 1.115661 
120.999008 162.000000 0.525417 1.138376 
120.999008 162.899994 0.529417 1.157252 
120.999008 163.800003 0.532693 1.172326 
120.999008 164.699997 0.535239 1.183622 
120.999008 165.599991 0.537002 1.191164 
120.999008 166.500000 0.537894 1.194965 
120.999008 167.399994 0.537893 1.195032 
120.999008 168.300003 0.537023 1.191366 
120.999008 169.199997 0.535330 1.183959 
120.999008 170.099991 0.532817 1.172797 
120.999008 171.000000 0.529555 1.157860 
120.999008 171.899994 0.525573 1.139120 
120.999008 172.799988 0.520963 1.116545 
120.999008 173.699997 0.515823 1.090096 
120.999008 174.599991 0.510247 1.059729 
120.999008 175.500000 0.504381 1.025399 
120.999008 176.399994 0.498562 0.987054 
120.999008 177.299988 0.493541 0.944640 
120.999008 178.199997 0.491495 0.898095 
120.999008 179.099991 0.498965 0.847336 
120.999008 180.000000 0.535904 0.792224 
120.999008 180.899994 0.663674 0.732445 
120.999008 181.799988 1.063938 0.667218 
120.999008 182.699997 2.196714 0.595186 
120.999008 183.599991 4.641989 0.519728 
120.999008 184.500000 6.637832 0.478284 
120.999008 185.399994 4.350402 0.525342 
120.999008 186.299988 2.026982 0.599861 
120.999008 187.199997 0.999097 0.669720 
120.999008 188.099991 0.641558 0.732859 
120.999008 189.000000 0.528344 0.790648 
120.999008 189.899994 0.496021 0.843805 
120.999008 190.799988 0.489871 0.892616 
120.999008 191.699997 0.492105 0.937210 
120.999008 192.599991 0.496928 0.977663 
120.999008 193.500000 0.502402 1.014032 
120.999008 194.399994 0.507827 1.046367 
120.999008 195.299988 0.512913 1.074716 
120.999008 196.199997 0.517529 1.099120 
120.999008 197.099991 0.521580 1.119618 
120.999008 198.000000 0.524989 1.136243 
120.999008 198.899994 0.527674 1.149022 
120.999008 199.799988 0.529611 1.157977 
120.999008 200.699997 0.530727 1.163122 
120.999008 201.599991 0.531023 1.164468 
120.999008 202.500000 0.530498 1.162016 
120.999008 203.399994 0.529155 1.155761 
120.999008 204.299988 0.527015 1.145691 
120.999008 205.199997 0.524148 1.131788 
120.999008 206.099991 0.520573 1.114026 
120.999008 207.000000 0.516379 1.092377 
120.999008 207.899994 0.511688 1.066803 
120.999008 208.799988 0.506658 1.037265 
120.999008 209.699997 0.501681 1.003716 
120.999008 210.599991 0.497805 0.966107 
120.999008 211.500000 0.497885 0.924378 
120.999008 212.399994 0.510557 0.878442 
120.999008 213.299988 0.562068 0.828144 
120.999008 214.199997 0.731720 0.773122 
120.999008 215.099991 1.244113 0.712548 
120.999008 216.000000 2.591642 0.645778 
120.999008 216.899994 4.913727 0.582616 
120.999008 217.799988 5.090961 0.573178 
120.999008 218.699997 2.741534 0.621642 
120.999008 219.599991 1.303749 0.674634 
120.999008 220.500000 0.746947 0.721093 
120.999008 221.399994 0.559940 0.761751 
120.999008 222.299988 0.501211 0.797554 
120.999008 223.199997 0.484539 0.828903 
120.999008 224.099991 0.481311 0.855956 
120.999008 225.000000 0.482169 0.878780 
120.999008 225.899994 0.484022 0.897414 
120.999008 226.799988 0.485843 0.911882 
120.999008 227.699997 0.487260 0.922204 
120.999008 228.599991 0.488138 0.928392 
120.999008 229.500000 0.488436 0.930454 
