456.999023 0.000000 0.506502 1.040973 
456.999023 0.900000 0.506145 1.038978 
456.999023 1.800000 0.505127 1.032991 
456.999023 2.700000 0.503411 1.023003 
456.999023 3.600000 0.501067 1.008999 
456.999023 4.500000 0.498154 0.990961 
456.999023 5.400000 0.494748 0.968862 
456.999023 6.300000 0.491076 0.942674 
456.999023 7.200000 0.487670 0.912362 
456.999023 8.099999 0.486016 0.877883 
456.999023 9.000000 0.490519 0.839179 
456.999023 9.900000 0.514701 0.796152 
456.999023 10.799999 0.600145 0.748581 
456.999023 11.700000 0.872190 0.695903 
456.999023 12.599999 1.671055 0.636919 
456.999023 13.500000 3.602265 0.572042 
456.999023 14.400000 6.014162 0.523430 
456.999023 15.299999 4.572716 0.553978 
456.999023 16.199999 2.230896 0.622476 
456.999023 17.100000 1.086926 0.688960 
456.999023 18.000000 0.674077 0.748833 
456.999023 18.900000 0.540334 0.803273 
456.999023 19.799999 0.500744 0.853048 
456.999023 20.699999 0.491848 0.898472 
456.999023 21.599998 0.492836 0.939680 
456.999023 22.500000 0.496871 0.976749 
456.999023 23.400000 0.501654 1.009733 
456.999023 24.299999 0.506388 1.038680 
456.999023 25.199999 0.510785 1.063632 
456.999023 26.099998 0.514665 1.084625 
456.999023 27.000000 0.517936 1.101691 
456.999023 27.900000 0.520519 1.114857 
456.999023 28.799999 0.522378 1.124146 
456.999023 29.699999 0.523490 1.129571 
456.999023 30.599998 0.523782 1.131144 
456.999023 31.500000 0.523307 1.128867 
456.999023 32.399998 0.522044 1.122737 
456.999023 33.299999 0.520058 1.112743 
456.999023 34.200001 0.517348 1.098870 
456.999023 35.099998 0.513970 1.081094 
456.999023 36.000000 0.509981 1.059388 
456.999023 36.899998 0.505464 1.033718 
456.999023 37.799999 0.500588 1.004049 
456.999023 38.700001 0.495567 0.970336 
456.999023 39.599998 0.491005 0.932532 
456.999023 40.500000 0.488592 0.890585 
456.999023 41.399998 0.493289 0.844424 
456.999023 42.299999 0.520362 0.793935 
456.999023 43.199997 0.616952 0.738866 
456.999023 44.099998 0.924803 0.678581 
456.999023 45.000000 1.824708 0.611764 
456.999023 45.899998 3.958718 0.539280 
456.999023 46.799999 6.466799 0.487017 
456.999023 47.699997 4.904878 0.519747 
456.999023 48.599998 2.377748 0.593764 
456.999023 49.500000 1.136305 0.666080 
456.999023 50.399998 0.688630 0.731560 
456.999023 51.299999 0.544152 0.791486 
456.999023 52.199997 0.501661 0.846699 
456.999023 53.099998 0.492359 0.897543 
456.999023 54.000000 0.493797 0.944167 
456.999023 54.899998 0.498629 0.986657 
456.999023 55.799999 0.504407 1.025074 
456.999023 56.699997 0.510255 1.059475 
456.999023 57.599998 0.515840 1.089911 
456.999023 58.500000 0.520992 1.116428 
456.999023 59.399998 0.525612 1.139070 
456.999023 60.299999 0.529605 1.157875 
456.999023 61.199997 0.532876 1.172875 
456.999023 62.099998 0.535423 1.184098 
456.999023 63.000000 0.537149 1.191566 
456.999023 63.899998 0.537990 1.195292 
456.999023 64.799995 0.537990 1.195283 
456.999023 65.699997 0.537119 1.191539 
456.999023 66.599998 0.535419 1.184054 
456.999023 67.500000 0.532899 1.172812 
456.999023 68.400002 0.529579 1.157791 
456.999023 69.299995 0.525583 1.138967 
456.999023 70.199997 0.520960 1.116304 
456.999023 71.099998 0.515805 1.089765 
456.999023 72.000000 0.510217 1.059308 
456.999023 72.900002 0.504360 1.024884 
456.999023 73.799995 0.498552 0.986445 
456.999023 74.699997 0.493638 0.943934 
456.999023 75.599998 0.491946 0.897291 
456.999023 76.500000 0.500466 0.846429 
456.999023 77.400002 0.540609 0.791206 
456.999023 78.299995 0.678013 0.731287 
456.999023 79.199997 1.105783 0.665856 
456.999023 80.099998 2.302497 0.593588 
456.999023 81.000000 4.802185 0.518834 
456.999023 81.900002 6.560217 0.482292 
456.999023 82.799995 4.130125 0.532686 
456.999023 83.699997 1.910425 0.606333 
456.999023 84.599998 0.955944 0.674696 
456.999023 85.500000 0.627218 0.736442 
456.999023 86.399994 0.523716 0.792915 
456.999023 87.299995 0.494494 0.844786 
456.999023 88.199997 0.489243 0.892323 
456.999023 89.099998 0.491647 0.935646 
456.999023 90.000000 0.496373 0.974827 
456.999023 90.899994 0.501641 1.009923 
456.999023 91.799995 0.506823 1.040983 
456.999023 92.699997 0.511607 1.068053 
456.999023 93.599998 0.515896 1.091171 
456.999023 94.500000 0.519590 1.110371 
456.999023 95.399994 0.522656 1.125686 
456.999023 96.299995 0.524998 1.137139 
456.999023 97.199997 0.526613 1.144753 
456.999023 98.099998 0.527407 1.148539 
456.999023 99.000000 0.527410 1.148504 
456.999023 99.899994 0.526593 1.144649 
456.999023 100.799995 0.524989 1.136967 
456.999023 101.699997 0.522622 1.125445 
456.999023 102.599998 0.519530 1.110065 
456.999023 103.500000 0.515811 1.090800 
456.999023 104.399994 0.511505 1.067620 
456.999023 105.299995 0.506676 1.040490 
456.999023 106.199997 0.501509 1.009368 
456.999023 107.099998 0.496294 0.974210 
456.999023 108.000000 0.491658 0.934968 
456.999023 108.899994 0.489535 0.891583 
456.999023 109.799995 0.495591 0.843982 
456.999023 110.699997 0.527234 0.792039 
456.999023 111.599998 0.638096 0.735474 
456.999023 112.500000 0.988243 0.673584 
456.999023 113.399994 1.996105 0.605018 
456.999023 114.299995 4.282511 0.531731 
456.999023 115.199997 6.551981 0.485196 
456.999023 116.099998 4.558374 0.526279 
456.999023 117.000000 2.156497 0.600275 
456.999023 117.899994 1.049554 0.670683 
456.999023 118.799995 0.658986 0.734325 
456.999023 119.699997 0.534295 0.792546 
456.999023 120.599998 0.498225 0.846108 
456.999023 121.500000 0.490885 0.895318 
456.999023 122.399994 0.492793 0.940312 
456.999023 123.299995 0.497574 0.981167 
456.999023 124.199997 0.503102 1.017944 
456.999023 125.099998 0.508598 1.050694 
456.999023 126.000000 0.513782 1.079466 
456.999023 126.899994 0.518517 1.104303 
456.999023 127.799995 0.522680 1.125245 
456.999023 128.699997 0.526203 1.142325 
456.999023 129.599991 0.529003 1.155574 
456.999023 130.500000 0.531059 1.165014 
456.999023 131.399994 0.532294 1.170662 
456.999023 132.300003 0.532722 1.172529 
456.999023 133.199997 0.532302 1.170618 
456.999023 134.099991 0.531061 1.164926 
456.999023 135.000000 0.529000 1.155441 
456.999023 135.899994 0.526186 1.142148 
456.999023 136.800003 0.522649 1.125022 
456.999023 137.699997 0.518464 1.104035 
456.999023 138.599991 0.513727 1.079152 
456.999023 139.500000 0.508532 1.050332 
456.999023 140.399994 0.502999 1.017534 
456.999023 141.300003 0.497445 0.980709 
456.999023 142.199997 0.492591 0.939806 
456.999023 143.099991 0.490466 0.894765 
456.999023 144.000000 0.497115 0.845508 
456.999023 144.899994 0.531124 0.791903 
456.999023 145.800003 0.649596 0.733656 
456.999023 146.699997 1.022512 0.670025 
456.999023 147.599991 2.088035 0.599649 
456.999023 148.500000 4.453442 0.525082 
456.999023 149.399994 6.616845 0.480514 
456.999023 150.300003 4.483305 0.524425 
456.999023 151.199997 2.105277 0.598992 
456.999023 152.099991 1.029065 0.669487 
456.999023 153.000000 0.651807 0.733224 
456.999023 153.899994 0.531832 0.791568 
456.999023 154.800003 0.497340 0.845264 
456.999023 155.699997 0.490535 0.894611 
456.999023 156.599991 0.492619 0.939742 
456.999023 157.500000 0.497480 0.980736 
456.999023 158.399994 0.503054 1.017652 
456.999023 159.300003 0.508600 1.050540 
456.999023 160.199997 0.513808 1.079450 
456.999023 161.099991 0.518566 1.104425 
456.999023 162.000000 0.522748 1.125505 
456.999023 162.899994 0.526297 1.142725 
456.999023 163.800003 0.529148 1.156113 
456.999023 164.699997 0.531239 1.165694 
456.999023 165.599991 0.532509 1.171485 
456.999023 166.500000 0.532959 1.173496 
456.999023 167.399994 0.532568 1.171731 
456.999023 168.300003 0.531357 1.166186 
456.999023 169.199997 0.529333 1.156851 
456.999023 170.099991 0.526532 1.143710 
456.999023 171.000000 0.523007 1.126739 
456.999023 171.899994 0.518850 1.105909 
456.999023 172.799988 0.514114 1.081185 
456.999023 173.699997 0.508943 1.052531 
456.999023 174.599991 0.503465 1.019899 
456.999023 175.500000 0.497973 0.983244 
456.999023 176.399994 0.493312 0.942514 
456.999023 177.299988 0.491765 0.897647 
456.999023 178.199997 0.500139 0.848563 
456.999023 179.099991 0.539311 0.795122 
456.999023 180.000000 0.673180 0.737002 
456.999023 180.899994 1.089598 0.673410 
456.999023 181.799988 2.254745 0.603058 
456.999023 182.699997 4.693401 0.530142 
456.999023 183.599991 6.402606 0.494461 
456.999023 184.500000 3.986896 0.543797 
456.999023 185.399994 1.845156 0.614562 
456.999023 186.299988 0.932948 0.679861 
456.999023 187.199997 0.619639 0.738621 
456.999023 188.099991 0.521008 0.792151 
456.999023 189.000000 0.493103 0.841094 
456.999023 189.899994 0.487962 0.885702 
456.999023 190.799988 0.490054 0.926092 
456.999023 191.699997 0.494294 0.962329 
456.999023 192.599991 0.498988 0.994467 
456.999023 193.500000 0.503516 1.022548 
456.999023 194.399994 0.507644 1.046612 
456.999023 195.299988 0.511243 1.066693 
456.999023 196.199997 0.514215 1.082823 
456.999023 197.099991 0.516553 1.095024 
456.999023 198.000000 0.518167 1.103318 
456.999023 198.899994 0.519046 1.107716 
456.999023 199.799988 0.519143 1.108226 
456.999023 200.699997 0.518466 1.104849 
456.999023 201.599991 0.517063 1.097577 
456.999023 202.500000 0.514937 1.086399 
456.999023 203.399994 0.512134 1.071299 
456.999023 204.299988 0.508702 1.052250 
456.999023 205.199997 0.504715 1.029227 
456.999023 206.099991 0.500341 1.002193 
456.999023 207.000000 0.495838 0.971113 
456.999023 207.899994 0.491941 0.935941 
456.999023 208.799988 0.490675 0.896627 
456.999023 209.699997 0.498124 0.853099 
456.999023 210.599991 0.532747 0.805233 
456.999023 211.500000 0.651015 0.752746 
456.999023 212.399994 1.019136 0.694933 
456.999023 213.299988 2.056390 0.630587 
456.999023 214.199997 4.288923 0.562855 
456.999023 215.099991 6.036417 0.526641 
456.999023 216.000000 3.769938 0.571369 
456.999023 216.899994 1.759435 0.635949 
456.999023 217.799988 0.905040 0.695102 
456.999023 218.699997 0.611177 0.747873 
456.999023 219.599991 0.518270 0.795483 
456.999023 220.500000 0.491649 0.838528 
456.999023 221.399994 0.486339 0.877242 
456.999023 222.299988 0.487721 0.911729 
456.999023 223.199997 0.491035 0.942047 
456.999023 224.099991 0.494664 0.968240 
456.999023 225.000000 0.498052 0.990342 
456.999023 225.899994 0.500974 1.008384 
456.999023 226.799988 0.503293 1.022390 
456.999023 227.699997 0.504984 1.032380 
456.999023 228.599991 0.506047 1.038368 
456.999023 229.500000 0.506386 1.040363 
