20.999001 0.000000 0.998267 1.497168 
20.999001 0.900000 0.998487 1.497146 
20.999001 1.800000 0.999145 1.497082 
20.999001 2.700000 1.000136 1.496984 
20.999001 3.600000 1.001310 1.496863 
20.999001 4.500000 1.002557 1.496732 
20.999001 5.400000 1.003702 1.496604 
20.999001 6.300000 1.004558 1.496491 
20.999001 7.200000 1.005093 1.496404 
20.999001 8.099999 1.005260 1.496347 
20.999001 9.000000 1.005113 1.496323 
20.999001 9.900000 1.004674 1.496329 
20.999001 10.799999 1.004094 1.496360 
20.999001 11.700000 1.003416 1.496409 
20.999001 12.599999 1.002780 1.496469 
20.999001 13.500000 1.002237 1.496531 
20.999001 14.400000 1.001816 1.496591 
20.999001 15.299999 1.001532 1.496644 
20.999001 16.199999 1.001376 1.496687 
20.999001 17.100000 1.001329 1.496719 
20.999001 18.000000 1.001384 1.496738 
20.999001 18.900000 1.001534 1.496747 
20.999001 19.799999 1.001747 1.496747 
20.999001 20.699999 1.001951 1.496740 
20.999001 21.599998 1.002126 1.496730 
20.999001 22.500000 1.002265 1.496717 
20.999001 23.400000 1.002367 1.496704 
20.999001 24.299999 1.002440 1.496691 
20.999001 25.199999 1.002469 1.496680 
20.999001 26.099998 1.002471 1.496671 
20.999001 27.000000 1.002464 1.496662 
20.999001 27.900000 1.002452 1.496655 
20.999001 28.799999 1.002440 1.496649 
20.999001 29.699999 1.002430 1.496644 
20.999001 30.599998 1.002423 1.496639 
20.999001 31.500000 1.002414 1.496636 
20.999001 32.399998 1.002404 1.496634 
20.999001 33.299999 1.002396 1.496632 
20.999001 34.200001 1.002391 1.496631 
20.999001 35.099998 1.002387 1.496630 
20.999001 36.000000 1.002384 1.496630 
20.999001 36.899998 1.002381 1.496630 
20.999001 37.799999 1.002379 1.496629 
20.999001 38.700001 1.002378 1.496629 
20.999001 39.599998 1.002377 1.496629 
20.999001 40.500000 1.002376 1.496629 
20.999001 41.399998 1.002375 1.496629 
20.999001 42.299999 1.002375 1.496629 
20.999001 43.199997 1.002375 1.496629 
20.999001 44.099998 1.002375 1.496629 
20.999001 45.000000 1.002374 1.496629 
20.999001 45.899998 1.002374 1.496629 
20.999001 46.799999 1.002374 1.496629 
20.999001 47.699997 1.002373 1.496629 
20.999001 48.599998 1.002373 1.496629 
20.999001 49.500000 1.002373 1.496629 
20.999001 50.399998 1.002373 1.496629 
20.999001 51.299999 1.002373 1.496629 
20.999001 52.199997 1.002373 1.496629 
20.999001 53.099998 1.002373 1.496629 
20.999001 54.000000 1.002373 1.496629 
20.999001 54.899998 1.002373 1.496629 
20.999001 55.799999 1.002373 1.496629 
20.999001 56.699997 1.002373 1.496629 
20.999001 57.599998 1.002373 1.496629 
20.999001 58.500000 1.002373 1.496629 
20.999001 59.399998 1.002373 1.496629 
20.999001 60.299999 1.002373 1.496629 
20.999001 61.199997 1.002373 1.496629 
20.999001 62.099998 1.002373 1.496629 
20.999001 63.000000 1.002373 1.496629 
20.999001 63.899998 1.002373 1.496629 
20.999001 64.799995 1.002373 1.496629 
20.999001 65.699997 1.002373 1.496629 
20.999001 66.599998 1.002373 1.496629 
20.999001 67.500000 1.002373 1.496629 
20.999001 68.400002 1.002373 1.496629 
20.999001 69.299995 1.002373 1.496629 
20.999001 70.199997 1.002373 1.496629 
20.999001 71.099998 1.002373 1.496629 
20.999001 72.000000 1.002373 1.496629 
20.999001 72.900002 1.002373 1.496629 
20.999001 73.799995 1.002373 1.496629 
20.999001 74.699997 1.002373 1.496629 
20.999001 75.599998 1.002373 1.496629 
20.999001 76.500000 1.002373 1.496629 
20.999001 77.400002 1.002373 1.496629 
20.999001 78.299995 1.002373 1.496629 
20.999001 79.199997 1.002373 1.496629 
20.999001 80.099998 1.002373 1.496629 
20.999001 81.000000 1.002373 1.496629 
20.999001 81.900002 1.002373 1.496629 
20.999001 82.799995 1.002373 1.496629 
20.999001 83.699997 1.002373 1.496629 
20.999001 84.599998 1.002373 1.496629 
20.999001 85.500000 1.002373 1.496629 
20.999001 86.399994 1.002373 1.496629 
20.999001 87.299995 1.002373 1.496629 
20.999001 88.199997 1.002373 1.496629 
20.999001 89.099998 1.002373 1.496629 
20.999001 90.000000 1.002373 1.496629 
20.999001 90.899994 1.002373 1.496629 
20.999001 91.799995 1.002373 1.496629 
20.999001 92.699997 1.002373 1.496629 
20.999001 93.599998 1.002373 1.496629 
20.999001 94.500000 1.002373 1.496629 
20.999001 95.399994 1.002373 1.496629 
20.999001 96.299995 1.002373 1.496629 
20.999001 97.199997 1.002373 1.496629 
20.999001 98.099998 1.002373 1.496629 
20.999001 99.000000 1.002373 1.496629 
20.999001 99.899994 1.002373 1.496629 
20.999001 100.799995 1.002373 1.496629 
20.999001 101.699997 1.002373 1.496629 
20.999001 102.599998 1.002373 1.496629 
20.999001 103.500000 1.002373 1.496629 
20.999001 104.399994 1.002373 1.496629 
20.999001 105.299995 1.002373 1.496629 
20.999001 106.199997 1.002373 1.496629 
20.999001 107.099998 1.002373 1.496629 
20.999001 108.000000 1.002373 1.496629 
20.999001 108.899994 1.002373 1.496629 
20.999001 109.799995 1.002373 1.496629 
20.999001 110.699997 1.002373 1.496629 
20.999001 111.599998 1.002373 1.496629 
20.999001 112.500000 1.002373 1.496629 
20.999001 113.399994 1.002373 1.496629 
20.999001 114.299995 1.002373 1.496629 
20.999001 115.199997 1.002373 1.496629 
20.999001 116.099998 1.002373 1.496629 
20.999001 117.000000 1.002373 1.496629 
20.999001 117.899994 1.002373 1.496629 
20.999001 118.799995 1.002373 1.496629 
20.999001 119.699997 1.002373 1.496629 
20.999001 120.599998 1.002373 1.496629 
20.999001 121.500000 1.002373 1.496629 
20.999001 122.399994 1.002373 1.496629 
20.999001 123.299995 1.002373 1.496629 
20.999001 124.199997 1.002373 1.496629 
20.999001 125.099998 1.002373 1.496629 
20.999001 126.000000 1.002373 1.496629 
20.999001 126.899994 1.002373 1.496629 
20.999001 127.799995 1.002373 1.496629 
20.999001 128.699997 1.002373 1.496629 
20.999001 129.599991 1.002373 1.496629 
20.999001 130.500000 1.002373 1.496629 
20.999001 131.399994 1.002373 1.496629 
20.999001 132.300003 1.002373 1.496629 
20.999001 133.199997 1.002373 1.496629 
20.999001 134.099991 1.002373 1.496629 
20.999001 135.000000 1.002373 1.496629 
20.999001 135.899994 1.002373 1.496629 
20.999001 136.800003 1.002373 1.496629 
20.999001 137.699997 1.002373 1.496629 
20.999001 138.599991 1.002373 1.496629 
20.999001 139.500000 1.002373 1.496629 
20.999001 140.399994 1.002373 1.496629 
20.999001 141.300003 1.002373 1.496629 
20.999001 142.199997 1.002373 1.496629 
20.999001 143.099991 1.002373 1.496629 
20.999001 144.000000 1.002373 1.496629 
20.999001 144.899994 1.002373 1.496629 
20.999001 145.800003 1.002373 1.496629 
20.999001 146.699997 1.002373 1.496629 
20.999001 147.599991 1.002373 1.496629 
20.999001 148.500000 1.002373 1.496629 
20.999001 149.399994 1.002373 1.496629 
20.999001 150.300003 1.002373 1.496629 
20.999001 151.199997 1.002373 1.496629 
20.999001 152.099991 1.002373 1.496629 
20.999001 153.000000 1.002373 1.496629 
20.999001 153.899994 1.002373 1.496629 
20.999001 154.800003 1.002373 1.496629 
20.999001 155.699997 1.002373 1.496629 
20.999001 156.599991 1.002373 1.496629 
20.999001 157.500000 1.002373 1.496629 
20.999001 158.399994 1.002373 1.496629 
20.999001 159.300003 1.002373 1.496629 
20.999001 160.199997 1.002373 1.496629 
20.999001 161.099991 1.002373 1.496629 
20.999001 162.000000 1.002373 1.496629 
20.999001 162.899994 1.002373 1.496629 
20.999001 163.800003 1.002373 1.496629 
20.999001 164.699997 1.002373 1.496629 
20.999001 165.599991 1.002373 1.496629 
20.999001 166.500000 1.002373 1.496629 
20.999001 167.399994 1.002373 1.496629 
20.999001 168.300003 1.002373 1.496629 
20.999001 169.199997 1.002373 1.496629 
20.999001 170.099991 1.002373 1.496629 
20.999001 171.000000 1.002373 1.496629 
20.999001 171.899994 1.002373 1.496629 
20.999001 172.799988 1.002373 1.496629 
20.999001 173.699997 1.002373 1.496629 
20.999001 174.599991 1.002373 1.496629 
20.999001 175.500000 1.002373 1.496629 
20.999001 176.399994 1.002373 1.496629 
20.999001 177.299988 1.002373 1.496629 
20.999001 178.199997 1.002373 1.496629 
20.999001 179.099991 1.002373 1.496629 
20.999001 180.000000 1.002373 1.496629 
20.999001 180.899994 1.002373 1.496629 
20.999001 181.799988 1.002373 1.496629 
20.999001 182.699997 1.002373 1.496629 
20.999001 183.599991 1.002373 1.496629 
20.999001 184.500000 1.002374 1.496629 
20.999001 185.399994 1.002374 1.496629 
20.999001 186.299988 1.002374 1.496629 
20.999001 187.199997 1.002374 1.496629 
20.999001 188.099991 1.002375 1.496629 
20.999001 189.000000 1.002375 1.496629 
20.999001 189.899994 1.002376 1.496629 
20.999001 190.799988 1.002376 1.496629 
20.999001 191.699997 1.002377 1.496629 
20.999001 192.599991 1.002377 1.496629 
20.999001 193.500000 1.002378 1.496629 
20.999001 194.399994 1.002379 1.496629 
20.999001 195.299988 1.002380 1.496629 
20.999001 196.199997 1.002382 1.496629 
20.999001 197.099991 1.002384 1.496629 
20.999001 198.000000 1.002386 1.496629 
20.999001 198.899994 1.002389 1.496629 
20.999001 199.799988 1.002392 1.496630 
20.999001 200.699997 1.002396 1.496632 
20.999001 201.599991 1.002401 1.496633 
20.999001 202.500000 1.002406 1.496636 
20.999001 203.399994 1.002413 1.496639 
20.999001 204.299988 1.002417 1.496643 
20.999001 205.199997 1.002419 1.496648 
20.999001 206.099991 1.002412 1.496654 
20.999001 207.000000 1.002390 1.496661 
20.999001 207.899994 1.002353 1.496668 
20.999001 208.799988 1.002311 1.496677 
20.999001 209.699997 1.002249 1.496684 
20.999001 210.599991 1.002151 1.496691 
20.999001 211.500000 1.002049 1.496695 
20.999001 212.399994 1.001940 1.496696 
20.999001 213.299988 1.001823 1.496693 
20.999001 214.199997 1.001762 1.496684 
20.999001 215.099991 1.001784 1.496667 
20.999001 216.000000 1.001903 1.496644 
20.999001 216.899994 1.002119 1.496616 
20.999001 217.799988 1.002432 1.496585 
20.999001 218.699997 1.002842 1.496554 
20.999001 219.599991 1.003285 1.496528 
20.999001 220.500000 1.003629 1.496512 
20.999001 221.399994 1.003877 1.496510 
20.999001 222.299988 1.003978 1.496525 
20.999001 223.199997 1.003842 1.496559 
20.999001 224.099991 1.003443 1.496609 
20.999001 225.000000 1.002825 1.496673 
20.999001 225.899994 1.002110 1.496742 
20.999001 226.799988 1.001315 1.496809 
20.999001 227.699997 1.000618 1.496865 
20.999001 228.599991 1.000157 1.496902 
20.999001 229.500000 0.999987 1.496915 
