462.999023 0.000000 0.506502 1.040973 
462.999023 0.900000 0.506145 1.038978 
462.999023 1.800000 0.505127 1.032991 
462.999023 2.700000 0.503411 1.023003 
462.999023 3.600000 0.501067 1.008999 
462.999023 4.500000 0.498154 0.990961 
462.999023 5.400000 0.494748 0.968862 
462.999023 6.300000 0.491076 0.942674 
462.999023 7.200000 0.487670 0.912362 
462.999023 8.099999 0.486016 0.877883 
462.999023 9.000000 0.490519 0.839179 
462.999023 9.900000 0.514701 0.796152 
462.999023 10.799999 0.600145 0.748581 
462.999023 11.700000 0.872190 0.695903 
462.999023 12.599999 1.671055 0.636919 
462.999023 13.500000 3.602265 0.572042 
462.999023 14.400000 6.014162 0.523430 
462.999023 15.299999 4.572716 0.553978 
462.999023 16.199999 2.230896 0.622476 
462.999023 17.100000 1.086926 0.688960 
462.999023 18.000000 0.674077 0.748833 
462.999023 18.900000 0.540334 0.803273 
462.999023 19.799999 0.500744 0.853048 
462.999023 20.699999 0.491848 0.898472 
462.999023 21.599998 0.492836 0.939680 
462.999023 22.500000 0.496871 0.976749 
462.999023 23.400000 0.501654 1.009733 
462.999023 24.299999 0.506388 1.038680 
462.999023 25.199999 0.510785 1.063632 
462.999023 26.099998 0.514665 1.084625 
462.999023 27.000000 0.517936 1.101691 
462.999023 27.900000 0.520519 1.114857 
462.999023 28.799999 0.522378 1.124146 
462.999023 29.699999 0.523490 1.129571 
462.999023 30.599998 0.523782 1.131144 
462.999023 31.500000 0.523307 1.128867 
462.999023 32.399998 0.522044 1.122737 
462.999023 33.299999 0.520058 1.112743 
462.999023 34.200001 0.517348 1.098870 
462.999023 35.099998 0.513970 1.081094 
462.999023 36.000000 0.509981 1.059388 
462.999023 36.899998 0.505464 1.033718 
462.999023 37.799999 0.500588 1.004049 
462.999023 38.700001 0.495567 0.970336 
462.999023 39.599998 0.491005 0.932532 
462.999023 40.500000 0.488592 0.890585 
462.999023 41.399998 0.493289 0.844424 
462.999023 42.299999 0.520362 0.793935 
462.999023 43.199997 0.616952 0.738866 
462.999023 44.099998 0.924803 0.678581 
462.999023 45.000000 1.824708 0.611764 
462.999023 45.899998 3.958718 0.539280 
462.999023 46.799999 6.466799 0.487017 
462.999023 47.699997 4.904878 0.519747 
462.999023 48.599998 2.377748 0.593764 
462.999023 49.500000 1.136305 0.666080 
462.999023 50.399998 0.688630 0.731560 
462.999023 51.299999 0.544152 0.791486 
462.999023 52.199997 0.501661 0.846699 
462.999023 53.099998 0.492359 0.897543 
462.999023 54.000000 0.493797 0.944167 
462.999023 54.899998 0.498629 0.986657 
462.999023 55.799999 0.504407 1.025074 
462.999023 56.699997 0.510255 1.059475 
462.999023 57.599998 0.515840 1.089911 
462.999023 58.500000 0.520992 1.116428 
462.999023 59.399998 0.525612 1.139070 
462.999023 60.299999 0.529605 1.157875 
462.999023 61.199997 0.532876 1.172875 
462.999023 62.099998 0.535423 1.184098 
462.999023 63.000000 0.537149 1.191566 
462.999023 63.899998 0.537990 1.195292 
462.999023 64.799995 0.537990 1.195283 
462.999023 65.699997 0.537119 1.191539 
462.999023 66.599998 0.535419 1.184054 
462.999023 67.500000 0.532899 1.172812 
462.999023 68.400002 0.529579 1.157791 
462.999023 69.299995 0.525583 1.138967 
462.999023 70.199997 0.520960 1.116304 
462.999023 71.099998 0.515805 1.089765 
462.999023 72.000000 0.510217 1.059308 
462.999023 72.900002 0.504360 1.024884 
462.999023 73.799995 0.498552 0.986445 
462.999023 74.699997 0.493638 0.943934 
462.999023 75.599998 0.491946 0.897291 
462.999023 76.500000 0.500466 0.846429 
462.999023 77.400002 0.540609 0.791206 
462.999023 78.299995 0.678013 0.731287 
462.999023 79.199997 1.105783 0.665856 
462.999023 80.099998 2.302497 0.593588 
462.999023 81.000000 4.802185 0.518834 
462.999023 81.900002 6.560217 0.482292 
462.999023 82.799995 4.130125 0.532686 
462.999023 83.699997 1.910425 0.606333 
462.999023 84.599998 0.955944 0.674696 
462.999023 85.500000 0.627218 0.736442 
462.999023 86.399994 0.523716 0.792915 
462.999023 87.299995 0.494494 0.844786 
462.999023 88.199997 0.489243 0.892323 
462.999023 89.099998 0.491647 0.935646 
462.999023 90.000000 0.496373 0.974827 
462.999023 90.899994 0.501641 1.009923 
462.999023 91.799995 0.506823 1.040983 
462.999023 92.699997 0.511607 1.068053 
462.999023 93.599998 0.515896 1.091171 
462.999023 94.500000 0.519590 1.110371 
462.999023 95.399994 0.522656 1.125686 
462.999023 96.299995 0.524998 1.137139 
462.999023 97.199997 0.526613 1.144753 
462.999023 98.099998 0.527407 1.148539 
462.999023 99.000000 0.527410 1.148504 
462.999023 99.899994 0.526593 1.144649 
462.999023 100.799995 0.524989 1.136967 
462.999023 101.699997 0.522622 1.125445 
462.999023 102.599998 0.519530 1.110065 
462.999023 103.500000 0.515811 1.090800 
462.999023 104.399994 0.511505 1.067620 
462.999023 105.299995 0.506676 1.040490 
462.999023 106.199997 0.501509 1.009368 
462.999023 107.099998 0.496294 0.974210 
462.999023 108.000000 0.491658 0.934968 
462.999023 108.899994 0.489535 0.891583 
462.999023 109.799995 0.495591 0.843982 
462.999023 110.699997 0.527234 0.792039 
462.999023 111.599998 0.638096 0.735474 
462.999023 112.500000 0.988243 0.673584 
462.999023 113.399994 1.996105 0.605018 
462.999023 114.299995 4.282511 0.531731 
462.999023 115.199997 6.551981 0.485196 
462.999023 116.099998 4.558374 0.526279 
462.999023 117.000000 2.156497 0.600275 
462.999023 117.899994 1.049554 0.670683 
462.999023 118.799995 0.658986 0.734325 
462.999023 119.699997 0.534295 0.792546 
462.999023 120.599998 0.498225 0.846108 
462.999023 121.500000 0.490885 0.895318 
462.999023 122.399994 0.492793 0.940312 
462.999023 123.299995 0.497574 0.981167 
462.999023 124.199997 0.503102 1.017944 
462.999023 125.099998 0.508598 1.050694 
462.999023 126.000000 0.513782 1.079466 
462.999023 126.899994 0.518517 1.104303 
462.999023 127.799995 0.522680 1.125245 
462.999023 128.699997 0.526203 1.142325 
462.999023 129.599991 0.529003 1.155574 
462.999023 130.500000 0.531059 1.165014 
462.999023 131.399994 0.532294 1.170662 
462.999023 132.300003 0.532722 1.172529 
462.999023 133.199997 0.532302 1.170618 
462.999023 134.099991 0.531061 1.164926 
462.999023 135.000000 0.529000 1.155441 
462.999023 135.899994 0.526186 1.142148 
462.999023 136.800003 0.522649 1.125022 
462.999023 137.699997 0.518464 1.104035 
462.999023 138.599991 0.513727 1.079152 
462.999023 139.500000 0.508532 1.050332 
462.999023 140.399994 0.502999 1.017534 
462.999023 141.300003 0.497445 0.980709 
462.999023 142.199997 0.492591 0.939806 
462.999023 143.099991 0.490466 0.894765 
462.999023 144.000000 0.497115 0.845508 
462.999023 144.899994 0.531124 0.791903 
462.999023 145.800003 0.649596 0.733656 
462.999023 146.699997 1.022512 0.670025 
462.999023 147.599991 2.088035 0.599649 
462.999023 148.500000 4.453442 0.525082 
462.999023 149.399994 6.616845 0.480513 
462.999023 150.300003 4.483305 0.524424 
462.999023 151.199997 2.105277 0.598989 
462.999023 152.099991 1.029065 0.669481 
462.999023 153.000000 0.651807 0.733216 
462.999023 153.899994 0.531832 0.791555 
462.999023 154.800003 0.497338 0.845246 
462.999023 155.699997 0.490531 0.894588 
462.999023 156.599991 0.492614 0.939713 
462.999023 157.500000 0.497472 0.980701 
462.999023 158.399994 0.503031 1.017609 
462.999023 159.300003 0.508563 1.050491 
462.999023 160.199997 0.513797 1.079394 
462.999023 161.099991 0.518557 1.104362 
462.999023 162.000000 0.522741 1.125435 
462.999023 162.899994 0.526297 1.142648 
462.999023 163.800003 0.529148 1.156029 
462.999023 164.699997 0.531225 1.165602 
462.999023 165.599991 0.532481 1.171384 
462.999023 166.500000 0.532917 1.173386 
462.999023 167.399994 0.532531 1.171612 
462.999023 168.300003 0.531321 1.166059 
462.999023 169.199997 0.529290 1.156715 
462.999023 170.099991 0.526486 1.143565 
462.999023 171.000000 0.522973 1.126585 
462.999023 171.899994 0.518832 1.105748 
462.999023 172.799988 0.514106 1.081017 
462.999023 173.699997 0.508909 1.052354 
462.999023 174.599991 0.503433 1.019713 
462.999023 175.500000 0.497944 0.983049 
462.999023 176.399994 0.493300 0.942309 
462.999023 177.299988 0.491784 0.897433 
462.999023 178.199997 0.500257 0.848340 
462.999023 179.099991 0.539716 0.794888 
462.999023 180.000000 0.674452 0.736755 
462.999023 180.899994 1.093340 0.673143 
462.999023 181.799988 2.264176 0.602767 
462.999023 182.699997 4.707652 0.529909 
462.999023 183.599991 6.397137 0.494642 
462.999023 184.500000 3.972329 0.544242 
462.999023 185.399994 1.837680 0.614997 
462.999023 186.299988 0.930212 0.680252 
462.999023 187.199997 0.618766 0.738976 
462.999023 188.099991 0.520763 0.792476 
462.999023 189.000000 0.493041 0.841390 
462.999023 189.899994 0.487962 0.885972 
462.999023 190.799988 0.490066 0.926335 
462.999023 191.699997 0.494318 0.962546 
462.999023 192.599991 0.499016 0.994658 
462.999023 193.500000 0.503545 1.022713 
462.999023 194.399994 0.507667 1.046752 
462.999023 195.299988 0.511257 1.066810 
462.999023 196.199997 0.514220 1.082915 
462.999023 197.099991 0.516556 1.095093 
462.999023 198.000000 0.518167 1.103363 
462.999023 198.899994 0.519046 1.107739 
462.999023 199.799988 0.519143 1.108226 
462.999023 200.699997 0.518466 1.104825 
462.999023 201.599991 0.517063 1.097530 
462.999023 202.500000 0.514937 1.086330 
462.999023 203.399994 0.512112 1.071206 
462.999023 204.299988 0.508660 1.052135 
462.999023 205.199997 0.504691 1.029088 
462.999023 206.099991 0.500331 1.002032 
462.999023 207.000000 0.495827 0.970928 
462.999023 207.899994 0.491927 0.935734 
462.999023 208.799988 0.490696 0.896397 
462.999023 209.699997 0.498230 0.852847 
462.999023 210.599991 0.533161 0.804957 
462.999023 211.500000 0.652345 0.752443 
462.999023 212.399994 1.023040 0.694598 
462.999023 213.299988 2.066302 0.630213 
462.999023 214.199997 4.304778 0.562519 
462.999023 215.099991 6.032641 0.526716 
462.999023 216.000000 3.755904 0.571733 
462.999023 216.899994 1.752078 0.636328 
462.999023 217.799988 0.902313 0.695460 
462.999023 218.699997 0.610276 0.748219 
462.999023 219.599991 0.518015 0.795823 
462.999023 220.500000 0.491587 0.838863 
462.999023 221.399994 0.486343 0.877574 
462.999023 222.299988 0.487757 0.912058 
462.999023 223.199997 0.491079 0.942373 
462.999023 224.099991 0.494715 0.968563 
462.999023 225.000000 0.498087 0.990664 
462.999023 225.899994 0.500995 1.008705 
462.999023 226.799988 0.503341 1.022710 
462.999023 227.699997 0.505066 1.032699 
462.999023 228.599991 0.506089 1.038686 
462.999023 229.500000 0.506442 1.040681 
