490.999023 0.000000 0.506502 1.040973 
490.999023 0.900000 0.506145 1.038978 
490.999023 1.800000 0.505127 1.032991 
490.999023 2.700000 0.503411 1.023003 
490.999023 3.600000 0.501067 1.008999 
490.999023 4.500000 0.498154 0.990961 
490.999023 5.400000 0.494748 0.968862 
490.999023 6.300000 0.491076 0.942674 
490.999023 7.200000 0.487670 0.912362 
490.999023 8.099999 0.486016 0.877883 
490.999023 9.000000 0.490519 0.839179 
490.999023 9.900000 0.514701 0.796152 
490.999023 10.799999 0.600145 0.748581 
490.999023 11.700000 0.872190 0.695903 
490.999023 12.599999 1.671055 0.636919 
490.999023 13.500000 3.602265 0.572042 
490.999023 14.400000 6.014162 0.523430 
490.999023 15.299999 4.572716 0.553978 
490.999023 16.199999 2.230896 0.622476 
490.999023 17.100000 1.086926 0.688960 
490.999023 18.000000 0.674077 0.748833 
490.999023 18.900000 0.540334 0.803273 
490.999023 19.799999 0.500744 0.853048 
490.999023 20.699999 0.491848 0.898472 
490.999023 21.599998 0.492836 0.939680 
490.999023 22.500000 0.496871 0.976749 
490.999023 23.400000 0.501654 1.009733 
490.999023 24.299999 0.506388 1.038680 
490.999023 25.199999 0.510785 1.063632 
490.999023 26.099998 0.514665 1.084625 
490.999023 27.000000 0.517936 1.101691 
490.999023 27.900000 0.520519 1.114857 
490.999023 28.799999 0.522378 1.124146 
490.999023 29.699999 0.523490 1.129571 
490.999023 30.599998 0.523782 1.131144 
490.999023 31.500000 0.523307 1.128867 
490.999023 32.399998 0.522044 1.122737 
490.999023 33.299999 0.520058 1.112743 
490.999023 34.200001 0.517348 1.098870 
490.999023 35.099998 0.513970 1.081094 
490.999023 36.000000 0.509981 1.059388 
490.999023 36.899998 0.505464 1.033718 
490.999023 37.799999 0.500588 1.004049 
490.999023 38.700001 0.495567 0.970336 
490.999023 39.599998 0.491005 0.932532 
490.999023 40.500000 0.488592 0.890585 
490.999023 41.399998 0.493289 0.844424 
490.999023 42.299999 0.520362 0.793935 
490.999023 43.199997 0.616952 0.738866 
490.999023 44.099998 0.924803 0.678581 
490.999023 45.000000 1.824708 0.611764 
490.999023 45.899998 3.958718 0.539280 
490.999023 46.799999 6.466799 0.487017 
490.999023 47.699997 4.904878 0.519747 
490.999023 48.599998 2.377748 0.593764 
490.999023 49.500000 1.136305 0.666080 
490.999023 50.399998 0.688630 0.731560 
490.999023 51.299999 0.544152 0.791486 
490.999023 52.199997 0.501661 0.846699 
490.999023 53.099998 0.492359 0.897543 
490.999023 54.000000 0.493797 0.944167 
490.999023 54.899998 0.498629 0.986657 
490.999023 55.799999 0.504407 1.025074 
490.999023 56.699997 0.510255 1.059475 
490.999023 57.599998 0.515840 1.089911 
490.999023 58.500000 0.520992 1.116428 
490.999023 59.399998 0.525612 1.139070 
490.999023 60.299999 0.529605 1.157875 
490.999023 61.199997 0.532876 1.172875 
490.999023 62.099998 0.535423 1.184098 
490.999023 63.000000 0.537149 1.191566 
490.999023 63.899998 0.537990 1.195292 
490.999023 64.799995 0.537990 1.195283 
490.999023 65.699997 0.537119 1.191539 
490.999023 66.599998 0.535419 1.184054 
490.999023 67.500000 0.532899 1.172812 
490.999023 68.400002 0.529579 1.157791 
490.999023 69.299995 0.525583 1.138967 
490.999023 70.199997 0.520960 1.116304 
490.999023 71.099998 0.515805 1.089765 
490.999023 72.000000 0.510217 1.059308 
490.999023 72.900002 0.504360 1.024884 
490.999023 73.799995 0.498552 0.986445 
490.999023 74.699997 0.493638 0.943934 
490.999023 75.599998 0.491946 0.897291 
490.999023 76.500000 0.500466 0.846429 
490.999023 77.400002 0.540609 0.791206 
490.999023 78.299995 0.678013 0.731287 
490.999023 79.199997 1.105783 0.665856 
490.999023 80.099998 2.302497 0.593588 
490.999023 81.000000 4.802185 0.518834 
490.999023 81.900002 6.560217 0.482292 
490.999023 82.799995 4.130125 0.532686 
490.999023 83.699997 1.910425 0.606333 
490.999023 84.599998 0.955944 0.674696 
490.999023 85.500000 0.627218 0.736442 
490.999023 86.399994 0.523716 0.792915 
490.999023 87.299995 0.494494 0.844786 
490.999023 88.199997 0.489243 0.892323 
490.999023 89.099998 0.491647 0.935646 
490.999023 90.000000 0.496373 0.974827 
490.999023 90.899994 0.501641 1.009923 
490.999023 91.799995 0.506823 1.040983 
490.999023 92.699997 0.511607 1.068053 
490.999023 93.599998 0.515896 1.091171 
490.999023 94.500000 0.519590 1.110371 
490.999023 95.399994 0.522656 1.125686 
490.999023 96.299995 0.524998 1.137139 
490.999023 97.199997 0.526613 1.144753 
490.999023 98.099998 0.527407 1.148539 
490.999023 99.000000 0.527410 1.148504 
490.999023 99.899994 0.526593 1.144649 
490.999023 100.799995 0.524989 1.136967 
490.999023 101.699997 0.522622 1.125445 
490.999023 102.599998 0.519530 1.110065 
490.999023 103.500000 0.515811 1.090800 
490.999023 104.399994 0.511505 1.067620 
490.999023 105.299995 0.506676 1.040490 
490.999023 106.199997 0.501509 1.009368 
490.999023 107.099998 0.496294 0.974210 
490.999023 108.000000 0.491658 0.934968 
490.999023 108.899994 0.489535 0.891583 
490.999023 109.799995 0.495591 0.843982 
490.999023 110.699997 0.527234 0.792039 
490.999023 111.599998 0.638096 0.735474 
490.999023 112.500000 0.988243 0.673584 
490.999023 113.399994 1.996105 0.605018 
490.999023 114.299995 4.282511 0.531731 
490.999023 115.199997 6.551981 0.485196 
490.999023 116.099998 4.558374 0.526279 
490.999023 117.000000 2.156497 0.600275 
490.999023 117.899994 1.049554 0.670682 
490.999023 118.799995 0.658986 0.734324 
490.999023 119.699997 0.534295 0.792544 
490.999023 120.599998 0.498225 0.846104 
490.999023 121.500000 0.490885 0.895312 
490.999023 122.399994 0.492793 0.940304 
490.999023 123.299995 0.497574 0.981157 
490.999023 124.199997 0.503102 1.017932 
490.999023 125.099998 0.508598 1.050680 
490.999023 126.000000 0.513782 1.079450 
490.999023 126.899994 0.518517 1.104285 
490.999023 127.799995 0.522680 1.125226 
490.999023 128.699997 0.526203 1.142305 
490.999023 129.599991 0.529003 1.155553 
490.999023 130.500000 0.531059 1.164993 
490.999023 131.399994 0.532294 1.170641 
490.999023 132.300003 0.532722 1.172507 
490.999023 133.199997 0.532302 1.170596 
490.999023 134.099991 0.531061 1.164904 
490.999023 135.000000 0.529000 1.155420 
490.999023 135.899994 0.526184 1.142126 
490.999023 136.800003 0.522644 1.125001 
490.999023 137.699997 0.518464 1.104015 
490.999023 138.599991 0.513727 1.079132 
490.999023 139.500000 0.508532 1.050313 
490.999023 140.399994 0.502999 1.017516 
490.999023 141.300003 0.497445 0.980693 
490.999023 142.199997 0.492591 0.939793 
490.999023 143.099991 0.490466 0.894755 
490.999023 144.000000 0.497125 0.845503 
490.999023 144.899994 0.531153 0.791903 
490.999023 145.800003 0.649709 0.733660 
490.999023 146.699997 1.022803 0.670034 
490.999023 147.599991 2.088732 0.599662 
490.999023 148.500000 4.454545 0.525105 
490.999023 149.399994 6.615880 0.480579 
490.999023 150.300003 4.481091 0.524518 
490.999023 151.199997 2.104131 0.599071 
490.999023 152.099991 1.028672 0.669544 
490.999023 153.000000 0.651688 0.733260 
490.999023 153.899994 0.531808 0.791583 
490.999023 154.800003 0.497336 0.845257 
490.999023 155.699997 0.490528 0.894582 
490.999023 156.599991 0.492610 0.939690 
490.999023 157.500000 0.497460 0.980661 
490.999023 158.399994 0.503022 1.017553 
490.999023 159.300003 0.508558 1.050418 
490.999023 160.199997 0.513780 1.079304 
490.999023 161.099991 0.518535 1.104255 
490.999023 162.000000 0.522721 1.125310 
490.999023 162.899994 0.526272 1.142504 
490.999023 163.800003 0.529099 1.155866 
490.999023 164.699997 0.531177 1.165422 
490.999023 165.599991 0.532441 1.171185 
490.999023 166.500000 0.532884 1.173169 
490.999023 167.399994 0.532480 1.171377 
490.999023 168.300003 0.531271 1.165803 
490.999023 169.199997 0.529241 1.156440 
490.999023 170.099991 0.526438 1.143270 
490.999023 171.000000 0.522910 1.126269 
490.999023 171.899994 0.518753 1.105409 
490.999023 172.799988 0.514017 1.080655 
490.999023 173.699997 0.508846 1.051968 
490.999023 174.599991 0.503363 1.019305 
490.999023 175.500000 0.497891 0.982617 
490.999023 176.399994 0.493267 0.941853 
490.999023 177.299988 0.491825 0.896951 
490.999023 178.199997 0.500510 0.847831 
490.999023 179.099991 0.540624 0.794351 
490.999023 180.000000 0.677331 0.736183 
490.999023 180.899994 1.101803 0.672522 
490.999023 181.799988 2.285524 0.602091 
490.999023 182.699997 4.739779 0.529365 
490.999023 183.599991 6.384688 0.495030 
490.999023 184.500000 3.940396 0.545214 
490.999023 185.399994 1.821356 0.615956 
490.999023 186.299988 0.924262 0.681124 
490.999023 187.199997 0.616823 0.739778 
490.999023 188.099991 0.520178 0.793220 
490.999023 189.000000 0.492911 0.842081 
490.999023 189.899994 0.487985 0.886612 
490.999023 190.799988 0.490138 0.926924 
490.999023 191.699997 0.494408 0.963086 
490.999023 192.599991 0.499103 0.995148 
490.999023 193.500000 0.503633 1.023155 
490.999023 194.399994 0.507740 1.047146 
490.999023 195.299988 0.511316 1.067156 
490.999023 196.199997 0.514266 1.083213 
490.999023 197.099991 0.516585 1.095345 
490.999023 198.000000 0.518179 1.103568 
490.999023 198.899994 0.519046 1.107896 
490.999023 199.799988 0.519143 1.108338 
490.999023 200.699997 0.518466 1.104892 
490.999023 201.599991 0.517063 1.097554 
490.999023 202.500000 0.514937 1.086312 
490.999023 203.399994 0.512109 1.071148 
490.999023 204.299988 0.508654 1.052038 
490.999023 205.199997 0.504691 1.028953 
490.999023 206.099991 0.500305 1.001860 
490.999023 207.000000 0.495787 0.970720 
490.999023 207.899994 0.491911 0.935489 
490.999023 208.799988 0.490724 0.896115 
490.999023 209.699997 0.498421 0.852527 
490.999023 210.599991 0.533802 0.804598 
490.999023 211.500000 0.654300 0.752042 
490.999023 212.399994 1.028703 0.694144 
490.999023 213.299988 2.080664 0.629700 
490.999023 214.199997 4.327393 0.562057 
490.999023 215.099991 6.026783 0.526845 
490.999023 216.000000 3.736020 0.572265 
490.999023 216.899994 1.741701 0.636877 
490.999023 217.799988 0.898469 0.695981 
490.999023 218.699997 0.609021 0.748722 
490.999023 219.599991 0.517644 0.796314 
490.999023 220.500000 0.491516 0.839346 
490.999023 221.399994 0.486372 0.878049 
490.999023 222.299988 0.487818 0.912526 
490.999023 223.199997 0.491152 0.942836 
490.999023 224.099991 0.494799 0.969022 
490.999023 225.000000 0.498180 0.991118 
490.999023 225.899994 0.501071 1.009155 
490.999023 226.799988 0.503418 1.023157 
490.999023 227.699997 0.505129 1.033144 
490.999023 228.599991 0.506168 1.039130 
490.999023 229.500000 0.506521 1.041125 
