325.999023 0.000000 0.506502 1.040973 
325.999023 0.900000 0.506145 1.038978 
325.999023 1.800000 0.505127 1.032991 
325.999023 2.700000 0.503411 1.023003 
325.999023 3.600000 0.501067 1.008999 
325.999023 4.500000 0.498154 0.990961 
325.999023 5.400000 0.494748 0.968862 
325.999023 6.300000 0.491076 0.942674 
325.999023 7.200000 0.487670 0.912362 
325.999023 8.099999 0.486016 0.877883 
325.999023 9.000000 0.490519 0.839179 
325.999023 9.900000 0.514701 0.796152 
325.999023 10.799999 0.600145 0.748581 
325.999023 11.700000 0.872190 0.695903 
325.999023 12.599999 1.671055 0.636919 
325.999023 13.500000 3.602265 0.572042 
325.999023 14.400000 6.014162 0.523430 
325.999023 15.299999 4.572716 0.553978 
325.999023 16.199999 2.230896 0.622476 
325.999023 17.100000 1.086926 0.688960 
325.999023 18.000000 0.674077 0.748833 
325.999023 18.900000 0.540334 0.803273 
325.999023 19.799999 0.500744 0.853048 
325.999023 20.699999 0.491848 0.898472 
325.999023 21.599998 0.492836 0.939680 
325.999023 22.500000 0.496871 0.976749 
325.999023 23.400000 0.501654 1.009733 
325.999023 24.299999 0.506388 1.038680 
325.999023 25.199999 0.510785 1.063632 
325.999023 26.099998 0.514665 1.084625 
325.999023 27.000000 0.517936 1.101691 
325.999023 27.900000 0.520519 1.114857 
325.999023 28.799999 0.522378 1.124146 
325.999023 29.699999 0.523490 1.129571 
325.999023 30.599998 0.523782 1.131144 
325.999023 31.500000 0.523307 1.128867 
325.999023 32.399998 0.522044 1.122737 
325.999023 33.299999 0.520058 1.112743 
325.999023 34.200001 0.517348 1.098870 
325.999023 35.099998 0.513970 1.081094 
325.999023 36.000000 0.509981 1.059388 
325.999023 36.899998 0.505464 1.033718 
325.999023 37.799999 0.500588 1.004049 
325.999023 38.700001 0.495567 0.970336 
325.999023 39.599998 0.491005 0.932532 
325.999023 40.500000 0.488592 0.890585 
325.999023 41.399998 0.493289 0.844424 
325.999023 42.299999 0.520362 0.793935 
325.999023 43.199997 0.616952 0.738866 
325.999023 44.099998 0.924803 0.678581 
325.999023 45.000000 1.824708 0.611764 
325.999023 45.899998 3.958718 0.539280 
325.999023 46.799999 6.466799 0.487017 
325.999023 47.699997 4.904878 0.519747 
325.999023 48.599998 2.377748 0.593764 
325.999023 49.500000 1.136305 0.666080 
325.999023 50.399998 0.688630 0.731560 
325.999023 51.299999 0.544152 0.791486 
325.999023 52.199997 0.501661 0.846699 
325.999023 53.099998 0.492359 0.897543 
325.999023 54.000000 0.493797 0.944167 
325.999023 54.899998 0.498629 0.986657 
325.999023 55.799999 0.504407 1.025074 
325.999023 56.699997 0.510255 1.059475 
325.999023 57.599998 0.515840 1.089911 
325.999023 58.500000 0.520992 1.116428 
325.999023 59.399998 0.525612 1.139070 
325.999023 60.299999 0.529605 1.157875 
325.999023 61.199997 0.532876 1.172875 
325.999023 62.099998 0.535423 1.184098 
325.999023 63.000000 0.537149 1.191566 
325.999023 63.899998 0.537990 1.195292 
325.999023 64.799995 0.537990 1.195283 
325.999023 65.699997 0.537119 1.191539 
325.999023 66.599998 0.535419 1.184054 
325.999023 67.500000 0.532899 1.172812 
325.999023 68.400002 0.529579 1.157791 
325.999023 69.299995 0.525583 1.138967 
325.999023 70.199997 0.520960 1.116304 
325.999023 71.099998 0.515805 1.089765 
325.999023 72.000000 0.510217 1.059308 
325.999023 72.900002 0.504360 1.024884 
325.999023 73.799995 0.498552 0.986445 
325.999023 74.699997 0.493638 0.943934 
325.999023 75.599998 0.491946 0.897291 
325.999023 76.500000 0.500466 0.846429 
325.999023 77.400002 0.540609 0.791206 
325.999023 78.299995 0.678013 0.731287 
325.999023 79.199997 1.105783 0.665856 
325.999023 80.099998 2.302497 0.593588 
325.999023 81.000000 4.802185 0.518834 
325.999023 81.900002 6.560217 0.482292 
325.999023 82.799995 4.130125 0.532686 
325.999023 83.699997 1.910425 0.606333 
325.999023 84.599998 0.955944 0.674696 
325.999023 85.500000 0.627218 0.736442 
325.999023 86.399994 0.523716 0.792915 
325.999023 87.299995 0.494494 0.844786 
325.999023 88.199997 0.489243 0.892323 
325.999023 89.099998 0.491647 0.935646 
325.999023 90.000000 0.496373 0.974827 
325.999023 90.899994 0.501641 1.009923 
325.999023 91.799995 0.506823 1.040983 
325.999023 92.699997 0.511607 1.068053 
325.999023 93.599998 0.515896 1.091171 
325.999023 94.500000 0.519590 1.110371 
325.999023 95.399994 0.522656 1.125686 
325.999023 96.299995 0.524998 1.137139 
325.999023 97.199997 0.526613 1.144753 
325.999023 98.099998 0.527407 1.148539 
325.999023 99.000000 0.527410 1.148504 
325.999023 99.899994 0.526593 1.144649 
325.999023 100.799995 0.524989 1.136967 
325.999023 101.699997 0.522622 1.125445 
325.999023 102.599998 0.519530 1.110065 
325.999023 103.500000 0.515811 1.090800 
325.999023 104.399994 0.511505 1.067620 
325.999023 105.299995 0.506676 1.040490 
325.999023 106.199997 0.501509 1.009368 
325.999023 107.099998 0.496294 0.974210 
325.999023 108.000000 0.491658 0.934968 
325.999023 108.899994 0.489535 0.891583 
325.999023 109.799995 0.495591 0.843981 
325.999023 110.699997 0.527234 0.792038 
325.999023 111.599998 0.638096 0.735473 
325.999023 112.500000 0.988243 0.673583 
325.999023 113.399994 1.996105 0.605017 
325.999023 114.299995 4.282511 0.531728 
325.999023 115.199997 6.551981 0.485192 
325.999023 116.099998 4.558374 0.526273 
325.999023 117.000000 2.156497 0.600265 
325.999023 117.899994 1.049554 0.670668 
325.999023 118.799995 0.658986 0.734307 
325.999023 119.699997 0.534295 0.792523 
325.999023 120.599998 0.498225 0.846080 
325.999023 121.500000 0.490885 0.895285 
325.999023 122.399994 0.492793 0.940273 
325.999023 123.299995 0.497573 0.981122 
325.999023 124.199997 0.503102 1.017893 
325.999023 125.099998 0.508598 1.050638 
325.999023 126.000000 0.513782 1.079404 
325.999023 126.899994 0.518517 1.104236 
325.999023 127.799995 0.522680 1.125172 
325.999023 128.699997 0.526203 1.142247 
325.999023 129.599991 0.529003 1.155490 
325.999023 130.500000 0.531059 1.164927 
325.999023 131.399994 0.532294 1.170573 
325.999023 132.300003 0.532715 1.172439 
325.999023 133.199997 0.532287 1.170529 
325.999023 134.099991 0.531030 1.164839 
325.999023 135.000000 0.528951 1.155359 
325.999023 135.899994 0.526148 1.142071 
325.999023 136.800003 0.522620 1.124952 
325.999023 137.699997 0.518463 1.103974 
325.999023 138.599991 0.513722 1.079101 
325.999023 139.500000 0.508515 1.050294 
325.999023 140.399994 0.502984 1.017510 
325.999023 141.300003 0.497405 0.980700 
325.999023 142.199997 0.492478 0.939813 
325.999023 143.099991 0.490149 0.894789 
325.999023 144.000000 0.496197 0.845551 
325.999023 144.899994 0.528369 0.791971 
325.999023 145.800003 0.641316 0.733762 
325.999023 146.699997 0.998230 0.670208 
325.999023 147.599991 2.025038 0.599937 
325.999023 148.500000 4.349027 0.524994 
325.999023 149.399994 6.648639 0.477425 
325.999023 150.300003 4.664207 0.518466 
325.999023 151.199997 2.208873 0.593893 
325.999023 152.099991 1.068479 0.665954 
325.999023 153.000000 0.665119 0.731195 
325.999023 153.899994 0.536276 0.790977 
325.999023 154.800003 0.498974 0.846087 
325.999023 155.699997 0.491393 0.896841 
325.999023 156.599991 0.493376 0.943380 
325.999023 157.500000 0.498376 0.985785 
325.999023 158.399994 0.504172 1.024119 
325.999023 159.300003 0.510017 1.058436 
325.999023 160.199997 0.515595 1.088786 
325.999023 161.099991 0.520733 1.115215 
325.999023 162.000000 0.525331 1.137766 
325.999023 162.899994 0.529293 1.156478 
325.999023 163.800003 0.532531 1.171382 
325.999023 164.699997 0.535043 1.182507 
325.999023 165.599991 0.536734 1.189871 
325.999023 166.500000 0.537557 1.193491 
325.999023 167.399994 0.537555 1.193372 
325.999023 168.300003 0.536665 1.189513 
325.999023 169.199997 0.534934 1.181909 
325.999023 170.099991 0.532382 1.170545 
325.999023 171.000000 0.529061 1.155399 
325.999023 171.899994 0.525065 1.136444 
325.999023 172.799988 0.520442 1.113647 
325.999023 173.699997 0.515288 1.086969 
325.999023 174.599991 0.509716 1.056369 
325.999023 175.500000 0.503914 1.021798 
325.999023 176.399994 0.498241 0.983205 
325.999023 177.299988 0.493735 0.940535 
325.999023 178.199997 0.493242 0.893723 
325.999023 179.099991 0.505389 0.842680 
325.999023 180.000000 0.556542 0.787239 
325.999023 180.899994 0.727129 0.727011 
325.999023 181.799988 1.248759 0.661063 
325.999023 182.699997 2.654254 0.588296 
325.999023 183.599991 5.270393 0.516838 
325.999023 184.500000 6.181187 0.497058 
325.999023 185.399994 3.532301 0.554835 
325.999023 186.299988 1.623231 0.625693 
325.999023 187.199997 0.853576 0.690188 
325.999023 188.099991 0.594154 0.748389 
325.999023 189.000000 0.513543 0.801514 
325.999023 189.899994 0.491486 0.850112 
325.999023 190.799988 0.488255 0.894403 
325.999023 191.699997 0.490985 0.934490 
325.999023 192.599991 0.495455 0.970437 
325.999023 193.500000 0.500239 1.002296 
325.999023 194.399994 0.504793 1.030109 
325.999023 195.299988 0.508942 1.053917 
325.999023 196.199997 0.512524 1.073753 
325.999023 197.099991 0.515520 1.089646 
325.999023 198.000000 0.517815 1.101623 
325.999023 198.899994 0.519385 1.109702 
325.999023 199.799988 0.520206 1.113896 
325.999023 200.699997 0.520263 1.114212 
325.999023 201.599991 0.519577 1.110650 
325.999023 202.500000 0.518127 1.103205 
325.999023 203.399994 0.515952 1.091866 
325.999023 204.299988 0.513100 1.076614 
325.999023 205.199997 0.509620 1.057425 
325.999023 206.099991 0.505598 1.034271 
325.999023 207.000000 0.501207 1.007115 
325.999023 207.899994 0.496759 0.975919 
325.999023 208.799988 0.493107 0.940638 
325.999023 209.699997 0.492679 0.901218 
325.999023 210.599991 0.502690 0.857583 
325.999023 211.500000 0.545045 0.809596 
325.999023 212.399994 0.686204 0.756935 
325.999023 213.299988 1.118062 0.698825 
325.999023 214.199997 2.296072 0.634209 
325.999023 215.099991 4.606225 0.568773 
325.999023 216.000000 5.695566 0.544772 
325.999023 216.899994 3.286765 0.593792 
325.999023 217.799988 1.532508 0.654776 
325.999023 218.699997 0.824641 0.709600 
325.999023 219.599991 0.585206 0.758317 
325.999023 220.500000 0.510160 0.802028 
325.999023 221.399994 0.489043 0.841233 
325.999023 222.299988 0.485159 0.876126 
325.999023 223.199997 0.486641 0.906795 
325.999023 224.099991 0.489558 0.933292 
325.999023 225.000000 0.492627 0.955653 
325.999023 225.899994 0.495359 0.973907 
325.999023 226.799988 0.497584 0.988080 
325.999023 227.699997 0.499221 0.998189 
325.999023 228.599991 0.500207 1.004250 
325.999023 229.500000 0.500521 1.006268 
