370.999023 0.000000 0.506502 1.040973 
370.999023 0.900000 0.506145 1.038978 
370.999023 1.800000 0.505127 1.032991 
370.999023 2.700000 0.503411 1.023003 
370.999023 3.600000 0.501067 1.008999 
370.999023 4.500000 0.498154 0.990961 
370.999023 5.400000 0.494748 0.968862 
370.999023 6.300000 0.491076 0.942674 
370.999023 7.200000 0.487670 0.912362 
370.999023 8.099999 0.486016 0.877883 
370.999023 9.000000 0.490519 0.839179 
370.999023 9.900000 0.514701 0.796152 
370.999023 10.799999 0.600145 0.748581 
370.999023 11.700000 0.872190 0.695903 
370.999023 12.599999 1.671055 0.636919 
370.999023 13.500000 3.602265 0.572042 
370.999023 14.400000 6.014162 0.523430 
370.999023 15.299999 4.572716 0.553978 
370.999023 16.199999 2.230896 0.622476 
370.999023 17.100000 1.086926 0.688960 
370.999023 18.000000 0.674077 0.748833 
370.999023 18.900000 0.540334 0.803273 
370.999023 19.799999 0.500744 0.853048 
370.999023 20.699999 0.491848 0.898472 
370.999023 21.599998 0.492836 0.939680 
370.999023 22.500000 0.496871 0.976749 
370.999023 23.400000 0.501654 1.009733 
370.999023 24.299999 0.506388 1.038680 
370.999023 25.199999 0.510785 1.063632 
370.999023 26.099998 0.514665 1.084625 
370.999023 27.000000 0.517936 1.101691 
370.999023 27.900000 0.520519 1.114857 
370.999023 28.799999 0.522378 1.124146 
370.999023 29.699999 0.523490 1.129571 
370.999023 30.599998 0.523782 1.131144 
370.999023 31.500000 0.523307 1.128867 
370.999023 32.399998 0.522044 1.122737 
370.999023 33.299999 0.520058 1.112743 
370.999023 34.200001 0.517348 1.098870 
370.999023 35.099998 0.513970 1.081094 
370.999023 36.000000 0.509981 1.059388 
370.999023 36.899998 0.505464 1.033718 
370.999023 37.799999 0.500588 1.004049 
370.999023 38.700001 0.495567 0.970336 
370.999023 39.599998 0.491005 0.932532 
370.999023 40.500000 0.488592 0.890585 
370.999023 41.399998 0.493289 0.844424 
370.999023 42.299999 0.520362 0.793935 
370.999023 43.199997 0.616952 0.738866 
370.999023 44.099998 0.924803 0.678581 
370.999023 45.000000 1.824708 0.611764 
370.999023 45.899998 3.958718 0.539280 
370.999023 46.799999 6.466799 0.487017 
370.999023 47.699997 4.904878 0.519747 
370.999023 48.599998 2.377748 0.593764 
370.999023 49.500000 1.136305 0.666080 
370.999023 50.399998 0.688630 0.731560 
370.999023 51.299999 0.544152 0.791486 
370.999023 52.199997 0.501661 0.846699 
370.999023 53.099998 0.492359 0.897543 
370.999023 54.000000 0.493797 0.944167 
370.999023 54.899998 0.498629 0.986657 
370.999023 55.799999 0.504407 1.025074 
370.999023 56.699997 0.510255 1.059475 
370.999023 57.599998 0.515840 1.089911 
370.999023 58.500000 0.520992 1.116428 
370.999023 59.399998 0.525612 1.139070 
370.999023 60.299999 0.529605 1.157875 
370.999023 61.199997 0.532876 1.172875 
370.999023 62.099998 0.535423 1.184098 
370.999023 63.000000 0.537149 1.191566 
370.999023 63.899998 0.537990 1.195292 
370.999023 64.799995 0.537990 1.195283 
370.999023 65.699997 0.537119 1.191539 
370.999023 66.599998 0.535419 1.184054 
370.999023 67.500000 0.532899 1.172812 
370.999023 68.400002 0.529579 1.157791 
370.999023 69.299995 0.525583 1.138967 
370.999023 70.199997 0.520960 1.116304 
370.999023 71.099998 0.515805 1.089765 
370.999023 72.000000 0.510217 1.059308 
370.999023 72.900002 0.504360 1.024884 
370.999023 73.799995 0.498552 0.986445 
370.999023 74.699997 0.493638 0.943934 
370.999023 75.599998 0.491946 0.897291 
370.999023 76.500000 0.500466 0.846429 
370.999023 77.400002 0.540609 0.791206 
370.999023 78.299995 0.678013 0.731287 
370.999023 79.199997 1.105783 0.665856 
370.999023 80.099998 2.302497 0.593588 
370.999023 81.000000 4.802185 0.518834 
370.999023 81.900002 6.560217 0.482292 
370.999023 82.799995 4.130125 0.532686 
370.999023 83.699997 1.910425 0.606333 
370.999023 84.599998 0.955944 0.674696 
370.999023 85.500000 0.627218 0.736442 
370.999023 86.399994 0.523716 0.792915 
370.999023 87.299995 0.494494 0.844786 
370.999023 88.199997 0.489243 0.892323 
370.999023 89.099998 0.491647 0.935646 
370.999023 90.000000 0.496373 0.974827 
370.999023 90.899994 0.501641 1.009923 
370.999023 91.799995 0.506823 1.040983 
370.999023 92.699997 0.511607 1.068053 
370.999023 93.599998 0.515896 1.091171 
370.999023 94.500000 0.519590 1.110371 
370.999023 95.399994 0.522656 1.125686 
370.999023 96.299995 0.524998 1.137139 
370.999023 97.199997 0.526613 1.144753 
370.999023 98.099998 0.527407 1.148539 
370.999023 99.000000 0.527410 1.148504 
370.999023 99.899994 0.526593 1.144649 
370.999023 100.799995 0.524989 1.136967 
370.999023 101.699997 0.522622 1.125445 
370.999023 102.599998 0.519530 1.110065 
370.999023 103.500000 0.515811 1.090800 
370.999023 104.399994 0.511505 1.067620 
370.999023 105.299995 0.506676 1.040490 
370.999023 106.199997 0.501509 1.009368 
370.999023 107.099998 0.496294 0.974210 
370.999023 108.000000 0.491658 0.934968 
370.999023 108.899994 0.489535 0.891583 
370.999023 109.799995 0.495591 0.843981 
370.999023 110.699997 0.527234 0.792038 
370.999023 111.599998 0.638096 0.735473 
370.999023 112.500000 0.988243 0.673583 
370.999023 113.399994 1.996105 0.605017 
370.999023 114.299995 4.282511 0.531728 
370.999023 115.199997 6.551981 0.485192 
370.999023 116.099998 4.558374 0.526273 
370.999023 117.000000 2.156497 0.600265 
370.999023 117.899994 1.049554 0.670668 
370.999023 118.799995 0.658986 0.734307 
370.999023 119.699997 0.534295 0.792523 
370.999023 120.599998 0.498225 0.846080 
370.999023 121.500000 0.490885 0.895285 
370.999023 122.399994 0.492793 0.940273 
370.999023 123.299995 0.497573 0.981122 
370.999023 124.199997 0.503102 1.017893 
370.999023 125.099998 0.508598 1.050638 
370.999023 126.000000 0.513782 1.079404 
370.999023 126.899994 0.518517 1.104236 
370.999023 127.799995 0.522680 1.125172 
370.999023 128.699997 0.526203 1.142247 
370.999023 129.599991 0.529003 1.155491 
370.999023 130.500000 0.531059 1.164927 
370.999023 131.399994 0.532294 1.170574 
370.999023 132.300003 0.532715 1.172440 
370.999023 133.199997 0.532287 1.170530 
370.999023 134.099991 0.531030 1.164841 
370.999023 135.000000 0.528951 1.155361 
370.999023 135.899994 0.526148 1.142074 
370.999023 136.800003 0.522620 1.124955 
370.999023 137.699997 0.518463 1.103978 
370.999023 138.599991 0.513722 1.079105 
370.999023 139.500000 0.508515 1.050299 
370.999023 140.399994 0.502984 1.017515 
370.999023 141.300003 0.497405 0.980705 
370.999023 142.199997 0.492479 0.939818 
370.999023 143.099991 0.490176 0.894795 
370.999023 144.000000 0.496293 0.845558 
370.999023 144.899994 0.528654 0.791979 
370.999023 145.800003 0.642174 0.733770 
370.999023 146.699997 1.000774 0.670211 
370.999023 147.599991 2.031713 0.599933 
370.999023 148.500000 4.360273 0.525032 
370.999023 149.399994 6.645264 0.477788 
370.999023 150.300003 4.643400 0.519153 
370.999023 151.199997 2.196796 0.594470 
370.999023 152.099991 1.063884 0.666334 
370.999023 153.000000 0.663566 0.731385 
370.999023 153.899994 0.535756 0.790984 
370.999023 154.800003 0.498785 0.845914 
370.999023 155.699997 0.491289 0.896489 
370.999023 156.599991 0.493280 0.942848 
370.999023 157.500000 0.498258 0.985072 
370.999023 158.399994 0.504039 1.023222 
370.999023 159.300003 0.509861 1.057354 
370.999023 160.199997 0.515372 1.087517 
370.999023 161.099991 0.520448 1.113757 
370.999023 162.000000 0.524993 1.136116 
370.999023 162.899994 0.528906 1.154633 
370.999023 163.800003 0.532096 1.169339 
370.999023 164.699997 0.534543 1.180261 
370.999023 165.599991 0.536170 1.187419 
370.999023 166.500000 0.536952 1.190826 
370.999023 167.399994 0.536891 1.190490 
370.999023 168.300003 0.535940 1.186408 
370.999023 169.199997 0.534168 1.178574 
370.999023 170.099991 0.531580 1.166972 
370.999023 171.000000 0.528269 1.151582 
370.999023 171.899994 0.524235 1.132375 
370.999023 172.799988 0.519589 1.109318 
370.999023 173.699997 0.514450 1.082373 
370.999023 174.599991 0.508879 1.051496 
370.999023 175.500000 0.503076 1.016639 
370.999023 176.399994 0.497516 0.977753 
370.999023 177.299988 0.493302 0.934781 
370.999023 178.199997 0.493697 0.887656 
370.999023 179.099991 0.508545 0.836283 
370.999023 180.000000 0.568016 0.780482 
370.999023 180.899994 0.764023 0.719816 
370.999023 181.799988 1.357902 0.653270 
370.999023 182.699997 2.919318 0.579984 
370.999023 183.599991 5.590992 0.511237 
370.999023 184.500000 5.917892 0.503249 
370.999023 185.399994 3.229712 0.565152 
370.999023 186.299988 1.489505 0.635523 
370.999023 187.199997 0.807710 0.699225 
370.999023 188.099991 0.579937 0.756813 
370.999023 189.000000 0.509663 0.809421 
370.999023 189.899994 0.490899 0.857544 
370.999023 190.799988 0.488730 0.901379 
370.999023 191.699997 0.491792 0.941022 
370.999023 192.599991 0.496359 0.976537 
370.999023 193.500000 0.501155 1.007972 
370.999023 194.399994 0.505710 1.035371 
370.999023 195.299988 0.509818 1.058773 
370.999023 196.199997 0.513361 1.078210 
370.999023 197.099991 0.516289 1.093714 
370.999023 198.000000 0.518527 1.105309 
370.999023 198.899994 0.520045 1.113013 
370.999023 199.799988 0.520795 1.116838 
370.999023 200.699997 0.520786 1.116790 
370.999023 201.599991 0.520012 1.112869 
370.999023 202.500000 0.518480 1.105069 
370.999023 203.399994 0.516224 1.093377 
370.999023 204.299988 0.513297 1.077773 
370.999023 205.199997 0.509742 1.058235 
370.999023 206.099991 0.505657 1.034732 
370.999023 207.000000 0.501227 1.007228 
370.999023 207.899994 0.496754 0.975685 
370.999023 208.799988 0.493157 0.940057 
370.999023 209.699997 0.492964 0.900289 
370.999023 210.599991 0.503755 0.856304 
370.999023 211.500000 0.548591 0.807958 
370.999023 212.399994 0.697339 0.754917 
370.999023 213.299988 1.150886 0.696377 
370.999023 214.199997 2.378234 0.631328 
370.999023 215.099991 4.722003 0.566299 
370.999023 216.000000 5.633305 0.545783 
370.999023 216.899994 3.199708 0.596238 
370.999023 217.799988 1.493006 0.657210 
370.999023 218.699997 0.810932 0.711913 
370.999023 219.599991 0.580904 0.760558 
370.999023 220.500000 0.508976 0.804226 
370.999023 221.399994 0.488847 0.843398 
370.999023 222.299988 0.485301 0.878265 
370.999023 223.199997 0.486896 0.908911 
370.999023 224.099991 0.489857 0.935388 
370.999023 225.000000 0.492940 0.957733 
370.999023 225.899994 0.495684 0.975975 
370.999023 226.799988 0.497917 0.990138 
370.999023 227.699997 0.499544 1.000240 
370.999023 228.599991 0.500527 1.006297 
370.999023 229.500000 0.500857 1.008314 
