352.999023 0.000000 0.506502 1.040973 
352.999023 0.900000 0.506145 1.038978 
352.999023 1.800000 0.505127 1.032991 
352.999023 2.700000 0.503411 1.023003 
352.999023 3.600000 0.501067 1.008999 
352.999023 4.500000 0.498154 0.990961 
352.999023 5.400000 0.494748 0.968862 
352.999023 6.300000 0.491076 0.942674 
352.999023 7.200000 0.487670 0.912362 
352.999023 8.099999 0.486016 0.877883 
352.999023 9.000000 0.490519 0.839179 
352.999023 9.900000 0.514701 0.796152 
352.999023 10.799999 0.600145 0.748581 
352.999023 11.700000 0.872190 0.695903 
352.999023 12.599999 1.671055 0.636919 
352.999023 13.500000 3.602265 0.572042 
352.999023 14.400000 6.014162 0.523430 
352.999023 15.299999 4.572716 0.553978 
352.999023 16.199999 2.230896 0.622476 
352.999023 17.100000 1.086926 0.688960 
352.999023 18.000000 0.674077 0.748833 
352.999023 18.900000 0.540334 0.803273 
352.999023 19.799999 0.500744 0.853048 
352.999023 20.699999 0.491848 0.898472 
352.999023 21.599998 0.492836 0.939680 
352.999023 22.500000 0.496871 0.976749 
352.999023 23.400000 0.501654 1.009733 
352.999023 24.299999 0.506388 1.038680 
352.999023 25.199999 0.510785 1.063632 
352.999023 26.099998 0.514665 1.084625 
352.999023 27.000000 0.517936 1.101691 
352.999023 27.900000 0.520519 1.114857 
352.999023 28.799999 0.522378 1.124146 
352.999023 29.699999 0.523490 1.129571 
352.999023 30.599998 0.523782 1.131144 
352.999023 31.500000 0.523307 1.128867 
352.999023 32.399998 0.522044 1.122737 
352.999023 33.299999 0.520058 1.112743 
352.999023 34.200001 0.517348 1.098870 
352.999023 35.099998 0.513970 1.081094 
352.999023 36.000000 0.509981 1.059388 
352.999023 36.899998 0.505464 1.033718 
352.999023 37.799999 0.500588 1.004049 
352.999023 38.700001 0.495567 0.970336 
352.999023 39.599998 0.491005 0.932532 
352.999023 40.500000 0.488592 0.890585 
352.999023 41.399998 0.493289 0.844424 
352.999023 42.299999 0.520362 0.793935 
352.999023 43.199997 0.616952 0.738866 
352.999023 44.099998 0.924803 0.678581 
352.999023 45.000000 1.824708 0.611764 
352.999023 45.899998 3.958718 0.539280 
352.999023 46.799999 6.466799 0.487017 
352.999023 47.699997 4.904878 0.519747 
352.999023 48.599998 2.377748 0.593764 
352.999023 49.500000 1.136305 0.666080 
352.999023 50.399998 0.688630 0.731560 
352.999023 51.299999 0.544152 0.791486 
352.999023 52.199997 0.501661 0.846699 
352.999023 53.099998 0.492359 0.897543 
352.999023 54.000000 0.493797 0.944167 
352.999023 54.899998 0.498629 0.986657 
352.999023 55.799999 0.504407 1.025074 
352.999023 56.699997 0.510255 1.059475 
352.999023 57.599998 0.515840 1.089911 
352.999023 58.500000 0.520992 1.116428 
352.999023 59.399998 0.525612 1.139070 
352.999023 60.299999 0.529605 1.157875 
352.999023 61.199997 0.532876 1.172875 
352.999023 62.099998 0.535423 1.184098 
352.999023 63.000000 0.537149 1.191566 
352.999023 63.899998 0.537990 1.195292 
352.999023 64.799995 0.537990 1.195283 
352.999023 65.699997 0.537119 1.191539 
352.999023 66.599998 0.535419 1.184054 
352.999023 67.500000 0.532899 1.172812 
352.999023 68.400002 0.529579 1.157791 
352.999023 69.299995 0.525583 1.138967 
352.999023 70.199997 0.520960 1.116304 
352.999023 71.099998 0.515805 1.089765 
352.999023 72.000000 0.510217 1.059308 
352.999023 72.900002 0.504360 1.024884 
352.999023 73.799995 0.498552 0.986445 
352.999023 74.699997 0.493638 0.943934 
352.999023 75.599998 0.491946 0.897291 
352.999023 76.500000 0.500466 0.846429 
352.999023 77.400002 0.540609 0.791206 
352.999023 78.299995 0.678013 0.731287 
352.999023 79.199997 1.105783 0.665856 
352.999023 80.099998 2.302497 0.593588 
352.999023 81.000000 4.802185 0.518834 
352.999023 81.900002 6.560217 0.482292 
352.999023 82.799995 4.130125 0.532686 
352.999023 83.699997 1.910425 0.606333 
352.999023 84.599998 0.955944 0.674696 
352.999023 85.500000 0.627218 0.736442 
352.999023 86.399994 0.523716 0.792915 
352.999023 87.299995 0.494494 0.844786 
352.999023 88.199997 0.489243 0.892323 
352.999023 89.099998 0.491647 0.935646 
352.999023 90.000000 0.496373 0.974827 
352.999023 90.899994 0.501641 1.009923 
352.999023 91.799995 0.506823 1.040983 
352.999023 92.699997 0.511607 1.068053 
352.999023 93.599998 0.515896 1.091171 
352.999023 94.500000 0.519590 1.110371 
352.999023 95.399994 0.522656 1.125686 
352.999023 96.299995 0.524998 1.137139 
352.999023 97.199997 0.526613 1.144753 
352.999023 98.099998 0.527407 1.148539 
352.999023 99.000000 0.527410 1.148504 
352.999023 99.899994 0.526593 1.144649 
352.999023 100.799995 0.524989 1.136967 
352.999023 101.699997 0.522622 1.125445 
352.999023 102.599998 0.519530 1.110065 
352.999023 103.500000 0.515811 1.090800 
352.999023 104.399994 0.511505 1.067620 
352.999023 105.299995 0.506676 1.040490 
352.999023 106.199997 0.501509 1.009368 
352.999023 107.099998 0.496294 0.974210 
352.999023 108.000000 0.491658 0.934968 
352.999023 108.899994 0.489535 0.891583 
352.999023 109.799995 0.495591 0.843981 
352.999023 110.699997 0.527234 0.792038 
352.999023 111.599998 0.638096 0.735473 
352.999023 112.500000 0.988243 0.673583 
352.999023 113.399994 1.996105 0.605017 
352.999023 114.299995 4.282511 0.531728 
352.999023 115.199997 6.551981 0.485192 
352.999023 116.099998 4.558374 0.526273 
352.999023 117.000000 2.156497 0.600265 
352.999023 117.899994 1.049554 0.670668 
352.999023 118.799995 0.658986 0.734307 
352.999023 119.699997 0.534295 0.792523 
352.999023 120.599998 0.498225 0.846080 
352.999023 121.500000 0.490885 0.895285 
352.999023 122.399994 0.492793 0.940273 
352.999023 123.299995 0.497573 0.981122 
352.999023 124.199997 0.503102 1.017893 
352.999023 125.099998 0.508598 1.050638 
352.999023 126.000000 0.513782 1.079404 
352.999023 126.899994 0.518517 1.104236 
352.999023 127.799995 0.522680 1.125172 
352.999023 128.699997 0.526203 1.142247 
352.999023 129.599991 0.529003 1.155491 
352.999023 130.500000 0.531059 1.164927 
352.999023 131.399994 0.532294 1.170574 
352.999023 132.300003 0.532715 1.172440 
352.999023 133.199997 0.532287 1.170530 
352.999023 134.099991 0.531030 1.164841 
352.999023 135.000000 0.528951 1.155361 
352.999023 135.899994 0.526148 1.142074 
352.999023 136.800003 0.522620 1.124955 
352.999023 137.699997 0.518463 1.103978 
352.999023 138.599991 0.513722 1.079105 
352.999023 139.500000 0.508515 1.050297 
352.999023 140.399994 0.502984 1.017512 
352.999023 141.300003 0.497405 0.980701 
352.999023 142.199997 0.492479 0.939811 
352.999023 143.099991 0.490163 0.894785 
352.999023 144.000000 0.496244 0.845545 
352.999023 144.899994 0.528511 0.791962 
352.999023 145.800003 0.641707 0.733749 
352.999023 146.699997 0.999366 0.670189 
352.999023 147.599991 2.027968 0.599911 
352.999023 148.500000 4.354136 0.524980 
352.999023 149.399994 6.647475 0.477548 
352.999023 150.300003 4.655906 0.518726 
352.999023 151.199997 2.203987 0.594112 
352.999023 152.099991 1.066607 0.666098 
352.999023 153.000000 0.664477 0.731265 
352.999023 153.899994 0.536044 0.790976 
352.999023 154.800003 0.498893 0.846016 
352.999023 155.699997 0.491345 0.896699 
352.999023 156.599991 0.493338 0.943167 
352.999023 157.500000 0.498330 0.985499 
352.999023 158.399994 0.504131 1.023758 
352.999023 159.300003 0.509964 1.058000 
352.999023 160.199997 0.515521 1.088274 
352.999023 161.099991 0.520644 1.114627 
352.999023 162.000000 0.525210 1.137102 
352.999023 162.899994 0.529149 1.155734 
352.999023 163.800003 0.532386 1.170558 
352.999023 164.699997 0.534850 1.181600 
352.999023 165.599991 0.536516 1.188881 
352.999023 166.500000 0.537350 1.192414 
352.999023 167.399994 0.537301 1.192207 
352.999023 168.300003 0.536370 1.188259 
352.999023 169.199997 0.534607 1.180563 
352.999023 170.099991 0.532044 1.169104 
352.999023 171.000000 0.528757 1.153860 
352.999023 171.899994 0.524745 1.134804 
352.999023 172.799988 0.520106 1.111903 
352.999023 173.699997 0.514935 1.085119 
352.999023 174.599991 0.509377 1.054407 
352.999023 175.500000 0.503578 1.019722 
352.999023 176.399994 0.497943 0.981012 
352.999023 177.299988 0.493562 0.938221 
352.999023 178.199997 0.493440 0.891285 
352.999023 179.099991 0.506686 0.840110 
352.999023 180.000000 0.561231 0.784525 
352.999023 180.899994 0.742137 0.724123 
352.999023 181.799988 1.293114 0.657934 
352.999023 182.699997 2.762644 0.584949 
352.999023 183.599991 5.406160 0.514540 
352.999023 184.500000 6.077041 0.499612 
352.999023 185.399994 3.403973 0.559212 
352.999023 186.299988 1.565638 0.629879 
352.999023 187.199997 0.833709 0.694036 
352.999023 188.099991 0.587972 0.751975 
352.999023 189.000000 0.511842 0.804879 
352.999023 189.899994 0.491221 0.853274 
352.999023 190.799988 0.488446 0.897369 
352.999023 191.699997 0.491339 0.937266 
352.999023 192.599991 0.495854 0.973028 
352.999023 193.500000 0.500637 1.004704 
352.999023 194.399994 0.505193 1.032339 
352.999023 195.299988 0.509315 1.055971 
352.999023 196.199997 0.512879 1.075636 
352.999023 197.099991 0.515833 1.091362 
352.999023 198.000000 0.518101 1.103174 
352.999023 198.899994 0.519637 1.111090 
352.999023 199.799988 0.520448 1.115124 
352.999023 200.699997 0.520496 1.115283 
352.999023 201.599991 0.519770 1.111567 
352.999023 202.500000 0.518272 1.103968 
352.999023 203.399994 0.516049 1.092475 
352.999023 204.299988 0.513164 1.077071 
352.999023 205.199997 0.509652 1.057731 
352.999023 206.099991 0.505609 1.034424 
352.999023 207.000000 0.501206 1.007117 
352.999023 207.899994 0.496754 0.975770 
352.999023 208.799988 0.493131 0.940337 
352.999023 209.699997 0.492806 0.900764 
352.999023 210.599991 0.503174 0.856977 
352.999023 211.500000 0.546695 0.808833 
352.999023 212.399994 0.691367 0.756005 
352.999023 213.299988 1.133249 0.697705 
352.999023 214.199997 2.334091 0.632897 
352.999023 215.099991 4.660130 0.567652 
352.999023 216.000000 5.666902 0.545270 
352.999023 216.899994 3.245667 0.594972 
352.999023 217.799988 1.513752 0.655951 
352.999023 218.699997 0.818118 0.710718 
352.999023 219.599991 0.583150 0.759399 
352.999023 220.500000 0.509610 0.803089 
352.999023 221.399994 0.488949 0.842278 
352.999023 222.299988 0.485231 0.877158 
352.999023 223.199997 0.486759 0.907816 
352.999023 224.099991 0.489710 0.934303 
352.999023 225.000000 0.492783 0.956655 
352.999023 225.899994 0.495519 0.974903 
352.999023 226.799988 0.497747 0.989070 
352.999023 227.699997 0.499371 0.999176 
352.999023 228.599991 0.500344 1.005233 
352.999023 229.500000 0.500670 1.007251 
