51.999004 0.000000 0.468491 0.782159 
51.999004 0.900000 0.468328 0.780012 
51.999004 1.800000 0.467992 0.773569 
51.999004 2.700000 0.468080 0.762820 
51.999004 3.600000 0.470483 0.747745 
51.999004 4.500000 0.480935 0.728304 
51.999004 5.400000 0.516881 0.704391 
51.999004 6.300000 0.631106 0.675732 
51.999004 7.200000 0.977434 0.641596 
51.999004 8.099999 1.945333 0.600563 
51.999004 9.000000 4.072857 0.554322 
51.999004 9.900000 5.998472 0.532917 
51.999004 10.799999 3.893595 0.592764 
51.999004 11.700000 1.825988 0.677840 
51.999004 12.599999 0.934081 0.758941 
51.999004 13.500000 0.630021 0.833967 
51.999004 14.400000 0.536915 0.903933 
51.999004 15.299999 0.513370 0.969401 
51.999004 16.199999 0.512586 1.030618 
51.999004 17.100000 0.519471 1.087721 
51.999004 18.000000 0.529123 1.140811 
51.999004 18.900000 0.539917 1.189984 
51.999004 19.799999 0.551329 1.235332 
51.999004 20.699999 0.563170 1.276949 
51.999004 21.599998 0.575350 1.314933 
51.999004 22.500000 0.587865 1.349382 
51.999004 23.400000 0.600715 1.380396 
51.999004 24.299999 0.613903 1.408075 
51.999004 25.199999 0.627454 1.432525 
51.999004 26.099998 0.641394 1.453848 
51.999004 27.000000 0.655733 1.472150 
51.999004 27.900000 0.670467 1.487539 
51.999004 28.799999 0.685531 1.500120 
51.999004 29.699999 0.700788 1.510001 
51.999004 30.599998 0.715988 1.517288 
51.999004 31.500000 0.730795 1.522083 
51.999004 32.399998 0.744797 1.524483 
51.999004 33.299999 0.757620 1.524571 
51.999004 34.200001 0.769036 1.522420 
51.999004 35.099998 0.779121 1.518080 
51.999004 36.000000 0.788361 1.511581 
51.999004 36.899998 0.797784 1.502936 
51.999004 37.799999 0.809067 1.492142 
51.999004 38.700001 0.824727 1.479195 
51.999004 39.599998 0.848457 1.464107 
51.999004 40.500000 0.885637 1.446935 
51.999004 41.399998 0.943964 1.427833 
51.999004 42.299999 1.033559 1.407146 
51.999004 43.199997 1.164708 1.385586 
51.999004 44.099998 1.339116 1.364531 
51.999004 45.000000 1.531525 1.346368 
51.999004 45.899998 1.675223 1.334431 
51.999004 46.799999 1.693913 1.331666 
51.999004 47.699997 1.578243 1.338460 
51.999004 48.599998 1.396438 1.352330 
51.999004 49.500000 1.221070 1.369935 
51.999004 50.399998 1.085295 1.388687 
51.999004 51.299999 0.991773 1.407034 
51.999004 52.199997 0.931808 1.424151 
51.999004 53.099998 0.895700 1.439644 
51.999004 54.000000 0.875911 1.453348 
51.999004 54.899998 0.867236 1.465232 
51.999004 55.799999 0.866221 1.475340 
51.999004 56.699997 0.870565 1.483759 
51.999004 57.599998 0.878680 1.490610 
51.999004 58.500000 0.889403 1.496032 
51.999004 59.399998 0.901821 1.500181 
51.999004 60.299999 0.915169 1.503217 
51.999004 61.199997 0.928763 1.505307 
51.999004 62.099998 0.942019 1.506615 
51.999004 63.000000 0.954440 1.507297 
51.999004 63.899998 0.965631 1.507499 
51.999004 64.799995 0.975317 1.507352 
51.999004 65.699997 0.983366 1.506968 
51.999004 66.599998 0.989769 1.506437 
51.999004 67.500000 0.994628 1.505833 
51.999004 68.400002 0.998133 1.505206 
51.999004 69.299995 1.000510 1.504594 
51.999004 70.199997 1.002002 1.504019 
51.999004 71.099998 1.002841 1.503495 
51.999004 72.000000 1.003207 1.503026 
51.999004 72.900002 1.003276 1.502613 
51.999004 73.799995 1.003146 1.502253 
51.999004 74.699997 1.002918 1.501940 
51.999004 75.599998 1.002594 1.501669 
51.999004 76.500000 1.002223 1.501434 
51.999004 77.400002 1.001885 1.501229 
51.999004 78.299995 1.001623 1.501048 
51.999004 79.199997 1.001447 1.500888 
51.999004 80.099998 1.001349 1.500744 
51.999004 81.000000 1.001322 1.500614 
51.999004 81.900002 1.001306 1.500499 
51.999004 82.799995 1.001278 1.500397 
51.999004 83.699997 1.001233 1.500306 
51.999004 84.599998 1.001184 1.500226 
51.999004 85.500000 1.001163 1.500157 
51.999004 86.399994 1.001135 1.500098 
51.999004 87.299995 1.001082 1.500048 
51.999004 88.199997 1.001040 1.500007 
51.999004 89.099998 1.000941 1.499974 
51.999004 90.000000 1.000840 1.499949 
51.999004 90.899994 1.000749 1.499929 
51.999004 91.799995 1.000689 1.499915 
51.999004 92.699997 1.000596 1.499905 
51.999004 93.599998 1.000535 1.499899 
51.999004 94.500000 1.000409 1.499896 
51.999004 95.399994 1.000319 1.499895 
51.999004 96.299995 1.000191 1.499894 
51.999004 97.199997 1.000133 1.499894 
51.999004 98.099998 1.000133 1.499892 
51.999004 99.000000 1.000133 1.499890 
51.999004 99.899994 1.000133 1.499888 
51.999004 100.799995 1.000133 1.499886 
51.999004 101.699997 1.000133 1.499882 
51.999004 102.599998 1.000133 1.499879 
51.999004 103.500000 1.000133 1.499874 
51.999004 104.399994 1.000133 1.499870 
51.999004 105.299995 1.000133 1.499866 
51.999004 106.199997 1.000133 1.499863 
51.999004 107.099998 1.000133 1.499861 
51.999004 108.000000 1.000133 1.499861 
51.999004 108.899994 1.000133 1.499861 
51.999004 109.799995 1.000133 1.499861 
51.999004 110.699997 1.000133 1.499861 
51.999004 111.599998 1.000133 1.499861 
51.999004 112.500000 1.000133 1.499861 
51.999004 113.399994 1.000133 1.499861 
51.999004 114.299995 1.000133 1.499861 
51.999004 115.199997 1.000133 1.499861 
51.999004 116.099998 1.000133 1.499861 
51.999004 117.000000 1.000133 1.499861 
51.999004 117.899994 1.000133 1.499861 
51.999004 118.799995 1.000133 1.499861 
51.999004 119.699997 1.000133 1.499861 
51.999004 120.599998 1.000133 1.499861 
51.999004 121.500000 1.000133 1.499861 
51.999004 122.399994 1.000133 1.499861 
51.999004 123.299995 1.000133 1.499861 
51.999004 124.199997 1.000133 1.499861 
51.999004 125.099998 1.000133 1.499861 
51.999004 126.000000 1.000133 1.499861 
51.999004 126.899994 1.000133 1.499861 
51.999004 127.799995 1.000133 1.499861 
51.999004 128.699997 1.000133 1.499861 
51.999004 129.599991 1.000133 1.499861 
51.999004 130.500000 1.000133 1.499860 
51.999004 131.399994 1.000133 1.499860 
51.999004 132.300003 1.000133 1.499860 
51.999004 133.199997 1.000133 1.499861 
51.999004 134.099991 1.000133 1.499861 
51.999004 135.000000 1.000133 1.499863 
51.999004 135.899994 1.000133 1.499867 
51.999004 136.800003 1.000133 1.499873 
51.999004 137.699997 1.000133 1.499880 
51.999004 138.599991 1.000133 1.499889 
51.999004 139.500000 1.000133 1.499900 
51.999004 140.399994 1.000133 1.499914 
51.999004 141.300003 1.000133 1.499930 
51.999004 142.199997 1.000082 1.499949 
51.999004 143.099991 0.999939 1.499970 
51.999004 144.000000 0.999843 1.499993 
51.999004 144.899994 0.999734 1.500017 
51.999004 145.800003 0.999647 1.500041 
51.999004 146.699997 0.999563 1.500064 
51.999004 147.599991 0.999485 1.500086 
51.999004 148.500000 0.999405 1.500106 
51.999004 149.399994 0.999320 1.500125 
51.999004 150.300003 0.999195 1.500141 
51.999004 151.199997 0.999030 1.500154 
51.999004 152.099991 0.998846 1.500162 
51.999004 153.000000 0.998677 1.500165 
51.999004 153.899994 0.998531 1.500162 
51.999004 154.800003 0.998408 1.500150 
51.999004 155.699997 0.998304 1.500129 
51.999004 156.599991 0.998221 1.500100 
51.999004 157.500000 0.998143 1.500060 
51.999004 158.399994 0.998036 1.500010 
51.999004 159.300003 0.997879 1.499948 
51.999004 160.199997 0.997662 1.499873 
51.999004 161.099991 0.997349 1.499784 
51.999004 162.000000 0.996889 1.499678 
51.999004 162.899994 0.996251 1.499548 
51.999004 163.800003 0.995371 1.499387 
51.999004 164.699997 0.994224 1.499185 
51.999004 165.599991 0.992762 1.498928 
51.999004 166.500000 0.990940 1.498596 
51.999004 167.399994 0.988741 1.498167 
51.999004 168.300003 0.986167 1.497611 
51.999004 169.199997 0.983254 1.496894 
51.999004 170.099991 0.980097 1.495976 
51.999004 171.000000 0.976873 1.494811 
51.999004 171.899994 0.973800 1.493351 
51.999004 172.799988 0.971256 1.491547 
51.999004 173.699997 0.969702 1.489352 
51.999004 174.599991 0.969746 1.486725 
51.999004 175.500000 0.972126 1.483639 
51.999004 176.399994 0.977719 1.480088 
51.999004 177.299988 0.987528 1.476096 
51.999004 178.199997 1.002620 1.471728 
51.999004 179.099991 1.023992 1.467109 
51.999004 180.000000 1.052256 1.462437 
51.999004 180.899994 1.087096 1.458004 
51.999004 181.799988 1.126461 1.454206 
51.999004 182.699997 1.165763 1.451533 
51.999004 183.599991 1.197773 1.450519 
51.999004 184.500000 1.214095 1.451638 
51.999004 185.399994 1.208441 1.455157 
51.999004 186.299988 1.179937 1.461026 
51.999004 187.199997 1.133829 1.468860 
51.999004 188.099991 1.078828 1.478053 
51.999004 189.000000 1.023291 1.487927 
51.999004 189.899994 0.972869 1.497859 
51.999004 190.799988 0.930120 1.507342 
51.999004 191.699997 0.895322 1.515990 
51.999004 192.599991 0.867477 1.523518 
51.999004 193.500000 0.845056 1.529719 
51.999004 194.399994 0.826438 1.534438 
51.999004 195.299988 0.810118 1.537549 
51.999004 196.199997 0.794817 1.538943 
51.999004 197.099991 0.779564 1.538511 
51.999004 198.000000 0.763713 1.536143 
51.999004 198.899994 0.747005 1.531718 
51.999004 199.799988 0.729511 1.525109 
51.999004 200.699997 0.711544 1.516179 
51.999004 201.599991 0.693534 1.504793 
51.999004 202.500000 0.675874 1.490815 
51.999004 203.399994 0.658876 1.474112 
51.999004 204.299988 0.642690 1.454558 
51.999004 205.199997 0.627349 1.432033 
51.999004 206.099991 0.612799 1.406421 
51.999004 207.000000 0.598947 1.377609 
51.999004 207.899994 0.585693 1.345492 
51.999004 208.799988 0.572955 1.309965 
51.999004 209.699997 0.560677 1.270926 
51.999004 210.599991 0.548833 1.228276 
51.999004 211.500000 0.537519 1.181918 
51.999004 212.399994 0.526964 1.131759 
51.999004 213.299988 0.517976 1.077705 
51.999004 214.199997 0.512931 1.019660 
51.999004 215.099991 0.519069 0.957516 
51.999004 216.000000 0.558629 0.891114 
51.999004 216.899994 0.699773 0.820135 
51.999004 217.799988 1.141125 0.743864 
51.999004 218.699997 2.353382 0.661531 
51.999004 219.599991 4.690075 0.580222 
51.999004 220.500000 5.594203 0.544876 
51.999004 221.399994 3.151307 0.578868 
51.999004 222.299988 1.470148 0.621145 
51.999004 223.199997 0.798344 0.656486 
51.999004 224.099991 0.569628 0.685565 
51.999004 225.000000 0.496246 0.709568 
51.999004 225.899994 0.473779 0.729000 
51.999004 226.799988 0.467517 0.744042 
51.999004 227.699997 0.466183 0.754762 
51.999004 228.599991 0.466125 0.761186 
51.999004 229.500000 0.466188 0.763326 
