461.999023 0.000000 0.506502 1.040973 
461.999023 0.900000 0.506145 1.038978 
461.999023 1.800000 0.505127 1.032991 
461.999023 2.700000 0.503411 1.023003 
461.999023 3.600000 0.501067 1.008999 
461.999023 4.500000 0.498154 0.990961 
461.999023 5.400000 0.494748 0.968862 
461.999023 6.300000 0.491076 0.942674 
461.999023 7.200000 0.487670 0.912362 
461.999023 8.099999 0.486016 0.877883 
461.999023 9.000000 0.490519 0.839179 
461.999023 9.900000 0.514701 0.796152 
461.999023 10.799999 0.600145 0.748581 
461.999023 11.700000 0.872190 0.695903 
461.999023 12.599999 1.671055 0.636919 
461.999023 13.500000 3.602265 0.572042 
461.999023 14.400000 6.014162 0.523430 
461.999023 15.299999 4.572716 0.553978 
461.999023 16.199999 2.230896 0.622476 
461.999023 17.100000 1.086926 0.688960 
461.999023 18.000000 0.674077 0.748833 
461.999023 18.900000 0.540334 0.803273 
461.999023 19.799999 0.500744 0.853048 
461.999023 20.699999 0.491848 0.898472 
461.999023 21.599998 0.492836 0.939680 
461.999023 22.500000 0.496871 0.976749 
461.999023 23.400000 0.501654 1.009733 
461.999023 24.299999 0.506388 1.038680 
461.999023 25.199999 0.510785 1.063632 
461.999023 26.099998 0.514665 1.084625 
461.999023 27.000000 0.517936 1.101691 
461.999023 27.900000 0.520519 1.114857 
461.999023 28.799999 0.522378 1.124146 
461.999023 29.699999 0.523490 1.129571 
461.999023 30.599998 0.523782 1.131144 
461.999023 31.500000 0.523307 1.128867 
461.999023 32.399998 0.522044 1.122737 
461.999023 33.299999 0.520058 1.112743 
461.999023 34.200001 0.517348 1.098870 
461.999023 35.099998 0.513970 1.081094 
461.999023 36.000000 0.509981 1.059388 
461.999023 36.899998 0.505464 1.033718 
461.999023 37.799999 0.500588 1.004049 
461.999023 38.700001 0.495567 0.970336 
461.999023 39.599998 0.491005 0.932532 
461.999023 40.500000 0.488592 0.890585 
461.999023 41.399998 0.493289 0.844424 
461.999023 42.299999 0.520362 0.793935 
461.999023 43.199997 0.616952 0.738866 
461.999023 44.099998 0.924803 0.678581 
461.999023 45.000000 1.824708 0.611764 
461.999023 45.899998 3.958718 0.539280 
461.999023 46.799999 6.466799 0.487017 
461.999023 47.699997 4.904878 0.519747 
461.999023 48.599998 2.377748 0.593764 
461.999023 49.500000 1.136305 0.666080 
461.999023 50.399998 0.688630 0.731560 
461.999023 51.299999 0.544152 0.791486 
461.999023 52.199997 0.501661 0.846699 
461.999023 53.099998 0.492359 0.897543 
461.999023 54.000000 0.493797 0.944167 
461.999023 54.899998 0.498629 0.986657 
461.999023 55.799999 0.504407 1.025074 
461.999023 56.699997 0.510255 1.059475 
461.999023 57.599998 0.515840 1.089911 
461.999023 58.500000 0.520992 1.116428 
461.999023 59.399998 0.525612 1.139070 
461.999023 60.299999 0.529605 1.157875 
461.999023 61.199997 0.532876 1.172875 
461.999023 62.099998 0.535423 1.184098 
461.999023 63.000000 0.537149 1.191566 
461.999023 63.899998 0.537990 1.195292 
461.999023 64.799995 0.537990 1.195283 
461.999023 65.699997 0.537119 1.191539 
461.999023 66.599998 0.535419 1.184054 
461.999023 67.500000 0.532899 1.172812 
461.999023 68.400002 0.529579 1.157791 
461.999023 69.299995 0.525583 1.138967 
461.999023 70.199997 0.520960 1.116304 
461.999023 71.099998 0.515805 1.089765 
461.999023 72.000000 0.510217 1.059308 
461.999023 72.900002 0.504360 1.024884 
461.999023 73.799995 0.498552 0.986445 
461.999023 74.699997 0.493638 0.943934 
461.999023 75.599998 0.491946 0.897291 
461.999023 76.500000 0.500466 0.846429 
461.999023 77.400002 0.540609 0.791206 
461.999023 78.299995 0.678013 0.731287 
461.999023 79.199997 1.105783 0.665856 
461.999023 80.099998 2.302497 0.593588 
461.999023 81.000000 4.802185 0.518834 
461.999023 81.900002 6.560217 0.482292 
461.999023 82.799995 4.130125 0.532686 
461.999023 83.699997 1.910425 0.606333 
461.999023 84.599998 0.955944 0.674696 
461.999023 85.500000 0.627218 0.736442 
461.999023 86.399994 0.523716 0.792915 
461.999023 87.299995 0.494494 0.844786 
461.999023 88.199997 0.489243 0.892323 
461.999023 89.099998 0.491647 0.935646 
461.999023 90.000000 0.496373 0.974827 
461.999023 90.899994 0.501641 1.009923 
461.999023 91.799995 0.506823 1.040983 
461.999023 92.699997 0.511607 1.068053 
461.999023 93.599998 0.515896 1.091171 
461.999023 94.500000 0.519590 1.110371 
461.999023 95.399994 0.522656 1.125686 
461.999023 96.299995 0.524998 1.137139 
461.999023 97.199997 0.526613 1.144753 
461.999023 98.099998 0.527407 1.148539 
461.999023 99.000000 0.527410 1.148504 
461.999023 99.899994 0.526593 1.144649 
461.999023 100.799995 0.524989 1.136967 
461.999023 101.699997 0.522622 1.125445 
461.999023 102.599998 0.519530 1.110065 
461.999023 103.500000 0.515811 1.090800 
461.999023 104.399994 0.511505 1.067620 
461.999023 105.299995 0.506676 1.040490 
461.999023 106.199997 0.501509 1.009368 
461.999023 107.099998 0.496294 0.974210 
461.999023 108.000000 0.491658 0.934968 
461.999023 108.899994 0.489535 0.891583 
461.999023 109.799995 0.495591 0.843982 
461.999023 110.699997 0.527234 0.792039 
461.999023 111.599998 0.638096 0.735474 
461.999023 112.500000 0.988243 0.673584 
461.999023 113.399994 1.996105 0.605018 
461.999023 114.299995 4.282511 0.531731 
461.999023 115.199997 6.551981 0.485196 
461.999023 116.099998 4.558374 0.526279 
461.999023 117.000000 2.156497 0.600275 
461.999023 117.899994 1.049554 0.670683 
461.999023 118.799995 0.658986 0.734325 
461.999023 119.699997 0.534295 0.792546 
461.999023 120.599998 0.498225 0.846108 
461.999023 121.500000 0.490885 0.895318 
461.999023 122.399994 0.492793 0.940312 
461.999023 123.299995 0.497574 0.981167 
461.999023 124.199997 0.503102 1.017944 
461.999023 125.099998 0.508598 1.050694 
461.999023 126.000000 0.513782 1.079466 
461.999023 126.899994 0.518517 1.104303 
461.999023 127.799995 0.522680 1.125245 
461.999023 128.699997 0.526203 1.142325 
461.999023 129.599991 0.529003 1.155574 
461.999023 130.500000 0.531059 1.165014 
461.999023 131.399994 0.532294 1.170662 
461.999023 132.300003 0.532722 1.172529 
461.999023 133.199997 0.532302 1.170618 
461.999023 134.099991 0.531061 1.164926 
461.999023 135.000000 0.529000 1.155441 
461.999023 135.899994 0.526186 1.142148 
461.999023 136.800003 0.522649 1.125022 
461.999023 137.699997 0.518464 1.104035 
461.999023 138.599991 0.513727 1.079152 
461.999023 139.500000 0.508532 1.050332 
461.999023 140.399994 0.502999 1.017534 
461.999023 141.300003 0.497445 0.980709 
461.999023 142.199997 0.492591 0.939806 
461.999023 143.099991 0.490466 0.894765 
461.999023 144.000000 0.497115 0.845508 
461.999023 144.899994 0.531124 0.791903 
461.999023 145.800003 0.649596 0.733656 
461.999023 146.699997 1.022512 0.670025 
461.999023 147.599991 2.088035 0.599649 
461.999023 148.500000 4.453442 0.525082 
461.999023 149.399994 6.616845 0.480514 
461.999023 150.300003 4.483305 0.524425 
461.999023 151.199997 2.105277 0.598992 
461.999023 152.099991 1.029065 0.669485 
461.999023 153.000000 0.651807 0.733221 
461.999023 153.899994 0.531832 0.791561 
461.999023 154.800003 0.497339 0.845254 
461.999023 155.699997 0.490533 0.894597 
461.999023 156.599991 0.492618 0.939724 
461.999023 157.500000 0.497480 0.980714 
461.999023 158.399994 0.503054 1.017624 
461.999023 159.300003 0.508596 1.050508 
461.999023 160.199997 0.513801 1.079413 
461.999023 161.099991 0.518561 1.104383 
461.999023 162.000000 0.522743 1.125458 
461.999023 162.899994 0.526297 1.142672 
461.999023 163.800003 0.529148 1.156055 
461.999023 164.699997 0.531227 1.165631 
461.999023 165.599991 0.532485 1.171415 
461.999023 166.500000 0.532922 1.173418 
461.999023 167.399994 0.532539 1.171646 
461.999023 168.300003 0.531325 1.166093 
461.999023 169.199997 0.529290 1.156751 
461.999023 170.099991 0.526486 1.143602 
461.999023 171.000000 0.522979 1.126622 
461.999023 171.899994 0.518840 1.105785 
461.999023 172.799988 0.514113 1.081055 
461.999023 173.699997 0.508916 1.052391 
461.999023 174.599991 0.503434 1.019751 
461.999023 175.500000 0.497948 0.983087 
461.999023 176.399994 0.493303 0.942348 
461.999023 177.299988 0.491780 0.897472 
461.999023 178.199997 0.500244 0.848378 
461.999023 179.099991 0.539655 0.794927 
461.999023 180.000000 0.674263 0.736794 
461.999023 180.899994 1.092800 0.673184 
461.999023 181.799988 2.262823 0.602810 
461.999023 182.699997 4.705607 0.529943 
461.999023 183.599991 6.397945 0.494615 
461.999023 184.500000 3.974475 0.544177 
461.999023 185.399994 1.838773 0.614934 
461.999023 186.299988 0.930616 0.680196 
461.999023 187.199997 0.618887 0.738926 
461.999023 188.099991 0.520796 0.792430 
461.999023 189.000000 0.493053 0.841349 
461.999023 189.899994 0.487962 0.885934 
461.999023 190.799988 0.490065 0.926300 
461.999023 191.699997 0.494317 0.962515 
461.999023 192.599991 0.499013 0.994629 
461.999023 193.500000 0.503540 1.022688 
461.999023 194.399994 0.507663 1.046731 
461.999023 195.299988 0.511255 1.066792 
461.999023 196.199997 0.514219 1.082901 
461.999023 197.099991 0.516555 1.095082 
461.999023 198.000000 0.518167 1.103356 
461.999023 198.899994 0.519046 1.107735 
461.999023 199.799988 0.519143 1.108227 
461.999023 200.699997 0.518466 1.104831 
461.999023 201.599991 0.517063 1.097541 
461.999023 202.500000 0.514937 1.086345 
461.999023 203.399994 0.512130 1.071225 
461.999023 204.299988 0.508678 1.052157 
461.999023 205.199997 0.504695 1.029114 
461.999023 206.099991 0.500336 1.002061 
461.999023 207.000000 0.495832 0.970960 
461.999023 207.899994 0.491932 0.935768 
461.999023 208.799988 0.490696 0.896433 
461.999023 209.699997 0.498226 0.852884 
461.999023 210.599991 0.533114 0.804997 
461.999023 211.500000 0.652172 0.752486 
461.999023 212.399994 1.022519 0.694644 
461.999023 213.299988 2.065020 0.630264 
461.999023 214.199997 4.302730 0.562564 
461.999023 215.099991 6.033098 0.526708 
461.999023 216.000000 3.757762 0.571687 
461.999023 216.899994 1.753062 0.636279 
461.999023 217.799988 0.902682 0.695415 
461.999023 218.699997 0.610410 0.748176 
461.999023 219.599991 0.518053 0.795780 
461.999023 220.500000 0.491597 0.838821 
461.999023 221.399994 0.486343 0.877532 
461.999023 222.299988 0.487755 0.912017 
461.999023 223.199997 0.491075 0.942333 
461.999023 224.099991 0.494709 0.968524 
461.999023 225.000000 0.498087 0.990625 
461.999023 225.899994 0.500988 1.008666 
461.999023 226.799988 0.503335 1.022672 
461.999023 227.699997 0.505032 1.032661 
461.999023 228.599991 0.506082 1.038649 
461.999023 229.500000 0.506436 1.040644 
