177.999008 0.000000 0.499855 1.002529 
177.999008 0.900000 0.499526 1.000510 
177.999008 1.800000 0.498548 0.994449 
177.999008 2.700000 0.496927 0.984340 
177.999008 3.600000 0.494710 0.970167 
177.999008 4.500000 0.491987 0.951913 
177.999008 5.400000 0.488920 0.929552 
177.999008 6.300000 0.485966 0.903057 
177.999008 7.200000 0.484344 0.872390 
177.999008 8.099999 0.487744 0.837502 
177.999008 9.000000 0.507344 0.798308 
177.999008 9.900000 0.577568 0.754620 
177.999008 10.799999 0.802440 0.705960 
177.999008 11.700000 1.470907 0.651241 
177.999008 12.599999 3.157862 0.590074 
177.999008 13.500000 5.649202 0.538161 
177.999008 14.400000 4.930554 0.555861 
177.999008 15.299999 2.509556 0.622637 
177.999008 16.199999 1.201214 0.690669 
177.999008 17.100000 0.714072 0.752176 
177.999008 18.000000 0.554186 0.808111 
177.999008 18.900000 0.506047 0.859319 
177.999008 19.799999 0.494498 0.906157 
177.999008 20.699999 0.494794 0.948778 
177.999008 21.599998 0.498804 0.987267 
177.999008 22.500000 0.503825 1.021681 
177.999008 23.400000 0.508894 1.052071 
177.999008 24.299999 0.513625 1.078483 
177.999008 25.199999 0.517880 1.100956 
177.999008 26.099998 0.521520 1.119527 
177.999008 27.000000 0.524511 1.134225 
177.999008 27.900000 0.526776 1.145075 
177.999008 28.799999 0.528251 1.152097 
177.999008 29.699999 0.528939 1.155303 
177.999008 30.599998 0.528807 1.154699 
177.999008 31.500000 0.527853 1.150284 
177.999008 32.399998 0.526117 1.142050 
177.999008 33.299999 0.523626 1.129983 
177.999008 34.200001 0.520411 1.114063 
177.999008 35.099998 0.516531 1.094263 
177.999008 36.000000 0.512089 1.070551 
177.999008 36.899998 0.507157 1.042891 
177.999008 37.799999 0.501887 1.011240 
177.999008 38.700001 0.496532 0.975555 
177.999008 39.599998 0.491777 0.935784 
177.999008 40.500000 0.489503 0.891871 
177.999008 41.399998 0.495267 0.843743 
177.999008 42.299999 0.526209 0.791273 
177.999008 43.199997 0.635053 0.734187 
177.999008 44.099998 0.979620 0.671784 
177.999008 45.000000 1.974632 0.602705 
177.999008 45.899998 4.252545 0.528673 
177.999008 46.799999 6.604602 0.480221 
177.999008 47.699997 4.706176 0.519678 
177.999008 48.599998 2.238829 0.594863 
177.999008 49.500000 1.080576 0.666997 
177.999008 50.399998 0.669402 0.732313 
177.999008 51.299999 0.537815 0.792155 
177.999008 52.199997 0.499602 0.847319 
177.999008 53.099998 0.491731 0.898126 
177.999008 54.000000 0.493637 0.944718 
177.999008 54.899998 0.498618 0.987176 
177.999008 55.799999 0.504444 1.025564 
177.999008 56.699997 0.510303 1.059935 
177.999008 57.599998 0.515908 1.090343 
177.999008 58.500000 0.521079 1.116832 
177.999008 59.399998 0.525694 1.139446 
177.999008 60.299999 0.529682 1.158223 
177.999008 61.199997 0.532966 1.173195 
177.999008 62.099998 0.535478 1.184392 
177.999008 63.000000 0.537170 1.191831 
177.999008 63.899998 0.538042 1.195530 
177.999008 64.799995 0.538038 1.195494 
177.999008 65.699997 0.537168 1.191723 
177.999008 66.599998 0.535448 1.184211 
177.999008 67.500000 0.532907 1.172942 
177.999008 68.400002 0.529581 1.157897 
177.999008 69.299995 0.525568 1.139047 
177.999008 70.199997 0.520928 1.116359 
177.999008 71.099998 0.515757 1.089797 
177.999008 72.000000 0.510151 1.059317 
177.999008 72.900002 0.504303 1.024874 
177.999008 73.799995 0.498517 0.986415 
177.999008 74.699997 0.493614 0.943885 
177.999008 75.599998 0.491953 0.897222 
177.999008 76.500000 0.500531 0.846342 
177.999008 77.400002 0.540830 0.791098 
177.999008 78.299995 0.678718 0.731158 
177.999008 79.199997 1.107823 0.665702 
177.999008 80.099998 2.307713 0.593407 
177.999008 81.000000 4.810160 0.518670 
177.999008 81.900002 6.558232 0.482336 
177.999008 82.799995 4.122871 0.532876 
177.999008 83.699997 1.906507 0.606525 
177.999008 84.599998 0.954476 0.674870 
177.999008 85.500000 0.626750 0.736601 
177.999008 86.399994 0.523571 0.793061 
177.999008 87.299995 0.494457 0.844922 
177.999008 88.199997 0.489243 0.892448 
177.999008 89.099998 0.491660 0.935759 
177.999008 90.000000 0.496392 0.974929 
177.999008 90.899994 0.501657 1.010014 
177.999008 91.799995 0.506823 1.041061 
177.999008 92.699997 0.511607 1.068115 
177.999008 93.599998 0.515896 1.091218 
177.999008 94.500000 0.519590 1.110404 
177.999008 95.399994 0.522656 1.125706 
177.999008 96.299995 0.524998 1.137149 
177.999008 97.199997 0.526613 1.144753 
177.999008 98.099998 0.527407 1.148531 
177.999008 99.000000 0.527408 1.148489 
177.999008 99.899994 0.526588 1.144628 
177.999008 100.799995 0.524989 1.136941 
177.999008 101.699997 0.522621 1.125414 
177.999008 102.599998 0.519527 1.110028 
177.999008 103.500000 0.515806 1.090759 
177.999008 104.399994 0.511505 1.067574 
177.999008 105.299995 0.506673 1.040437 
177.999008 106.199997 0.501503 1.009309 
177.999008 107.099998 0.496285 0.974144 
177.999008 108.000000 0.491656 0.934894 
177.999008 108.899994 0.489535 0.891501 
177.999008 109.799995 0.495616 0.843892 
177.999008 110.699997 0.527358 0.791940 
177.999008 111.599998 0.638441 0.735366 
177.999008 112.500000 0.989309 0.673464 
177.999008 113.399994 1.998851 0.604885 
177.999008 114.299995 4.287245 0.531599 
177.999008 115.199997 6.552751 0.485164 
177.999008 116.099998 4.553813 0.526364 
177.999008 117.000000 2.153553 0.600370 
177.999008 117.899994 1.048421 0.670766 
177.999008 118.799995 0.658600 0.734397 
177.999008 119.699997 0.534198 0.792609 
177.999008 120.599998 0.498201 0.846162 
177.999008 121.500000 0.490888 0.895364 
177.999008 122.399994 0.492796 0.940348 
177.999008 123.299995 0.497581 0.981195 
177.999008 124.199997 0.503102 1.017964 
177.999008 125.099998 0.508611 1.050706 
177.999008 126.000000 0.513782 1.079470 
177.999008 126.899994 0.518517 1.104298 
177.999008 127.799995 0.522692 1.125232 
177.999008 128.699997 0.526209 1.142304 
177.999008 129.599991 0.529003 1.155545 
177.999008 130.500000 0.531063 1.164977 
177.999008 131.399994 0.532303 1.170617 
177.999008 132.300003 0.532722 1.172477 
177.999008 133.199997 0.532301 1.170559 
177.999008 134.099991 0.531060 1.164858 
177.999008 135.000000 0.529000 1.155366 
177.999008 135.899994 0.526178 1.142065 
177.999008 136.800003 0.522635 1.124931 
177.999008 137.699997 0.518464 1.103936 
177.999008 138.599991 0.513727 1.079045 
177.999008 139.500000 0.508522 1.050217 
177.999008 140.399994 0.502988 1.017410 
177.999008 141.300003 0.497405 0.980577 
177.999008 142.199997 0.492478 0.939666 
177.999008 143.099991 0.490144 0.894616 
177.999008 144.000000 0.496198 0.845352 
177.999008 144.899994 0.528382 0.791746 
177.999008 145.800003 0.641338 0.733510 
177.999008 146.699997 0.998350 0.669928 
177.999008 147.599991 2.025486 0.599627 
177.999008 148.500000 4.350575 0.524646 
177.999008 149.399994 6.653280 0.477025 
177.999008 150.300003 4.672002 0.518050 
177.999008 151.199997 2.213113 0.593596 
177.999008 152.099991 1.070083 0.665803 
177.999008 153.000000 0.665668 0.731189 
177.999008 153.899994 0.536469 0.791112 
177.999008 154.800003 0.499071 0.846363 
177.999008 155.699997 0.491458 0.897257 
177.999008 156.599991 0.493457 0.943938 
177.999008 157.500000 0.498475 0.986485 
177.999008 158.399994 0.504302 1.024962 
177.999008 159.300003 0.510161 1.059424 
177.999008 160.199997 0.515779 1.089923 
177.999008 161.099991 0.520961 1.116505 
177.999008 162.000000 0.525610 1.139213 
177.999008 162.899994 0.529632 1.158085 
177.999008 163.800003 0.532950 1.173153 
177.999008 164.699997 0.535494 1.184446 
177.999008 165.599991 0.537217 1.191987 
177.999008 166.500000 0.538087 1.195787 
177.999008 167.399994 0.538091 1.195855 
177.999008 168.300003 0.537218 1.192191 
177.999008 169.199997 0.535524 1.184788 
177.999008 170.099991 0.533011 1.173630 
177.999008 171.000000 0.529741 1.158700 
177.999008 171.899994 0.525748 1.139968 
177.999008 172.799988 0.521129 1.117402 
177.999008 173.699997 0.515978 1.090963 
177.999008 174.599991 0.510392 1.060609 
177.999008 175.500000 0.504563 1.026293 
177.999008 176.399994 0.498783 0.987964 
177.999008 177.299988 0.493904 0.945566 
177.999008 178.199997 0.492312 0.899037 
177.999008 179.099991 0.501094 0.848292 
177.999008 180.000000 0.542016 0.793186 
177.999008 180.899994 0.681700 0.733383 
177.999008 181.799988 1.115674 0.668061 
177.999008 182.699997 2.325259 0.595923 
177.999008 183.599991 4.824664 0.521632 
177.999008 184.500000 6.487658 0.486704 
177.999008 185.399994 4.025443 0.537456 
177.999008 186.299988 1.859422 0.609696 
177.999008 187.199997 0.937553 0.676424 
177.999008 188.099991 0.621059 0.736581 
177.999008 189.000000 0.521515 0.791496 
177.999008 189.899994 0.493423 0.841817 
177.999008 190.799988 0.488376 0.887803 
177.999008 191.699997 0.490664 0.929568 
177.999008 192.599991 0.495153 0.967182 
177.999008 193.500000 0.500128 1.000697 
177.999008 194.399994 0.504957 1.030158 
177.999008 195.299988 0.509403 1.055608 
177.999008 196.199997 0.513317 1.077081 
177.999008 197.099991 0.516638 1.094609 
177.999008 198.000000 0.519301 1.108220 
177.999008 198.899994 0.521241 1.117934 
177.999008 199.799988 0.522435 1.123765 
177.999008 200.699997 0.522844 1.125724 
177.999008 201.599991 0.522476 1.123812 
177.999008 202.500000 0.521315 1.118025 
177.999008 203.399994 0.519420 1.108352 
177.999008 204.299988 0.516802 1.094777 
177.999008 205.199997 0.513513 1.077277 
177.999008 206.099991 0.509623 1.055823 
177.999008 207.000000 0.505251 1.030381 
177.999008 207.899994 0.500614 1.000913 
177.999008 208.799988 0.496201 0.967375 
177.999008 209.699997 0.493325 0.929718 
177.999008 210.599991 0.495895 0.887878 
177.999008 211.500000 0.515771 0.841760 
177.999008 212.399994 0.589428 0.791165 
177.999008 213.299988 0.827058 0.735612 
177.999008 214.199997 1.532033 0.674060 
177.999008 215.099991 3.277838 0.606684 
177.999008 216.000000 5.645624 0.552186 
177.999008 216.899994 4.523130 0.570728 
177.999008 217.799988 2.254733 0.628579 
177.999008 218.699997 1.103201 0.684924 
177.999008 219.599991 0.679486 0.734629 
177.999008 220.500000 0.539743 0.778835 
177.999008 221.399994 0.496828 0.818328 
177.999008 222.299988 0.485629 0.853429 
177.999008 223.199997 0.484584 0.884267 
177.999008 224.099991 0.486597 0.910907 
177.999008 225.000000 0.489290 0.933390 
177.999008 225.899994 0.491852 0.951745 
177.999008 226.799988 0.493980 0.965996 
177.999008 227.699997 0.495552 0.976162 
177.999008 228.599991 0.496518 0.982257 
177.999008 229.500000 0.496835 0.984287 
