430.999023 0.000000 0.506502 1.040973 
430.999023 0.900000 0.506145 1.038978 
430.999023 1.800000 0.505127 1.032991 
430.999023 2.700000 0.503411 1.023003 
430.999023 3.600000 0.501067 1.008999 
430.999023 4.500000 0.498154 0.990961 
430.999023 5.400000 0.494748 0.968862 
430.999023 6.300000 0.491076 0.942674 
430.999023 7.200000 0.487670 0.912362 
430.999023 8.099999 0.486016 0.877883 
430.999023 9.000000 0.490519 0.839179 
430.999023 9.900000 0.514701 0.796152 
430.999023 10.799999 0.600145 0.748581 
430.999023 11.700000 0.872190 0.695903 
430.999023 12.599999 1.671055 0.636919 
430.999023 13.500000 3.602265 0.572042 
430.999023 14.400000 6.014162 0.523430 
430.999023 15.299999 4.572716 0.553978 
430.999023 16.199999 2.230896 0.622476 
430.999023 17.100000 1.086926 0.688960 
430.999023 18.000000 0.674077 0.748833 
430.999023 18.900000 0.540334 0.803273 
430.999023 19.799999 0.500744 0.853048 
430.999023 20.699999 0.491848 0.898472 
430.999023 21.599998 0.492836 0.939680 
430.999023 22.500000 0.496871 0.976749 
430.999023 23.400000 0.501654 1.009733 
430.999023 24.299999 0.506388 1.038680 
430.999023 25.199999 0.510785 1.063632 
430.999023 26.099998 0.514665 1.084625 
430.999023 27.000000 0.517936 1.101691 
430.999023 27.900000 0.520519 1.114857 
430.999023 28.799999 0.522378 1.124146 
430.999023 29.699999 0.523490 1.129571 
430.999023 30.599998 0.523782 1.131144 
430.999023 31.500000 0.523307 1.128867 
430.999023 32.399998 0.522044 1.122737 
430.999023 33.299999 0.520058 1.112743 
430.999023 34.200001 0.517348 1.098870 
430.999023 35.099998 0.513970 1.081094 
430.999023 36.000000 0.509981 1.059388 
430.999023 36.899998 0.505464 1.033718 
430.999023 37.799999 0.500588 1.004049 
430.999023 38.700001 0.495567 0.970336 
430.999023 39.599998 0.491005 0.932532 
430.999023 40.500000 0.488592 0.890585 
430.999023 41.399998 0.493289 0.844424 
430.999023 42.299999 0.520362 0.793935 
430.999023 43.199997 0.616952 0.738866 
430.999023 44.099998 0.924803 0.678581 
430.999023 45.000000 1.824708 0.611764 
430.999023 45.899998 3.958718 0.539280 
430.999023 46.799999 6.466799 0.487017 
430.999023 47.699997 4.904878 0.519747 
430.999023 48.599998 2.377748 0.593764 
430.999023 49.500000 1.136305 0.666080 
430.999023 50.399998 0.688630 0.731560 
430.999023 51.299999 0.544152 0.791486 
430.999023 52.199997 0.501661 0.846699 
430.999023 53.099998 0.492359 0.897543 
430.999023 54.000000 0.493797 0.944167 
430.999023 54.899998 0.498629 0.986657 
430.999023 55.799999 0.504407 1.025074 
430.999023 56.699997 0.510255 1.059475 
430.999023 57.599998 0.515840 1.089911 
430.999023 58.500000 0.520992 1.116428 
430.999023 59.399998 0.525612 1.139070 
430.999023 60.299999 0.529605 1.157875 
430.999023 61.199997 0.532876 1.172875 
430.999023 62.099998 0.535423 1.184098 
430.999023 63.000000 0.537149 1.191566 
430.999023 63.899998 0.537990 1.195292 
430.999023 64.799995 0.537990 1.195283 
430.999023 65.699997 0.537119 1.191539 
430.999023 66.599998 0.535419 1.184054 
430.999023 67.500000 0.532899 1.172812 
430.999023 68.400002 0.529579 1.157791 
430.999023 69.299995 0.525583 1.138967 
430.999023 70.199997 0.520960 1.116304 
430.999023 71.099998 0.515805 1.089765 
430.999023 72.000000 0.510217 1.059308 
430.999023 72.900002 0.504360 1.024884 
430.999023 73.799995 0.498552 0.986445 
430.999023 74.699997 0.493638 0.943934 
430.999023 75.599998 0.491946 0.897291 
430.999023 76.500000 0.500466 0.846429 
430.999023 77.400002 0.540609 0.791206 
430.999023 78.299995 0.678013 0.731287 
430.999023 79.199997 1.105783 0.665856 
430.999023 80.099998 2.302497 0.593588 
430.999023 81.000000 4.802185 0.518834 
430.999023 81.900002 6.560217 0.482292 
430.999023 82.799995 4.130125 0.532686 
430.999023 83.699997 1.910425 0.606333 
430.999023 84.599998 0.955944 0.674696 
430.999023 85.500000 0.627218 0.736442 
430.999023 86.399994 0.523716 0.792915 
430.999023 87.299995 0.494494 0.844786 
430.999023 88.199997 0.489243 0.892323 
430.999023 89.099998 0.491647 0.935646 
430.999023 90.000000 0.496373 0.974827 
430.999023 90.899994 0.501641 1.009923 
430.999023 91.799995 0.506823 1.040983 
430.999023 92.699997 0.511607 1.068053 
430.999023 93.599998 0.515896 1.091171 
430.999023 94.500000 0.519590 1.110371 
430.999023 95.399994 0.522656 1.125686 
430.999023 96.299995 0.524998 1.137139 
430.999023 97.199997 0.526613 1.144753 
430.999023 98.099998 0.527407 1.148539 
430.999023 99.000000 0.527410 1.148504 
430.999023 99.899994 0.526593 1.144649 
430.999023 100.799995 0.524989 1.136967 
430.999023 101.699997 0.522622 1.125445 
430.999023 102.599998 0.519530 1.110065 
430.999023 103.500000 0.515811 1.090800 
430.999023 104.399994 0.511505 1.067620 
430.999023 105.299995 0.506676 1.040490 
430.999023 106.199997 0.501509 1.009368 
430.999023 107.099998 0.496294 0.974210 
430.999023 108.000000 0.491658 0.934968 
430.999023 108.899994 0.489535 0.891583 
430.999023 109.799995 0.495591 0.843982 
430.999023 110.699997 0.527234 0.792039 
430.999023 111.599998 0.638096 0.735474 
430.999023 112.500000 0.988243 0.673584 
430.999023 113.399994 1.996105 0.605018 
430.999023 114.299995 4.282511 0.531731 
430.999023 115.199997 6.551981 0.485196 
430.999023 116.099998 4.558374 0.526279 
430.999023 117.000000 2.156497 0.600275 
430.999023 117.899994 1.049554 0.670683 
430.999023 118.799995 0.658986 0.734325 
430.999023 119.699997 0.534295 0.792546 
430.999023 120.599998 0.498225 0.846110 
430.999023 121.500000 0.490885 0.895322 
430.999023 122.399994 0.492793 0.940318 
430.999023 123.299995 0.497574 0.981177 
430.999023 124.199997 0.503102 1.017959 
430.999023 125.099998 0.508598 1.050715 
430.999023 126.000000 0.513782 1.079494 
430.999023 126.899994 0.518517 1.104338 
430.999023 127.799995 0.522680 1.125288 
430.999023 128.699997 0.526203 1.142377 
430.999023 129.599991 0.529003 1.155633 
430.999023 130.500000 0.531059 1.165081 
430.999023 131.399994 0.532294 1.170738 
430.999023 132.300003 0.532722 1.172613 
430.999023 133.199997 0.532302 1.170711 
430.999023 134.099991 0.531061 1.165028 
430.999023 135.000000 0.529000 1.155554 
430.999023 135.899994 0.526195 1.142270 
430.999023 136.800003 0.522666 1.125154 
430.999023 137.699997 0.518509 1.104177 
430.999023 138.599991 0.513774 1.079304 
430.999023 139.500000 0.508571 1.050496 
430.999023 140.399994 0.503049 1.017708 
430.999023 141.300003 0.497485 0.980894 
430.999023 142.199997 0.492621 0.940002 
430.999023 143.099991 0.490453 0.894972 
430.999023 144.000000 0.497018 0.845727 
430.999023 144.899994 0.530747 0.792135 
430.999023 145.800003 0.648397 0.733902 
430.999023 146.699997 1.018943 0.670292 
430.999023 147.599991 2.078741 0.599941 
430.999023 148.500000 4.437675 0.525334 
430.999023 149.399994 6.618307 0.480366 
430.999023 150.300003 4.502814 0.523881 
430.999023 151.199997 2.116643 0.598465 
430.999023 152.099991 1.033457 0.669052 
430.999023 153.000000 0.653285 0.732874 
430.999023 153.899994 0.532313 0.791294 
430.999023 154.800003 0.497477 0.845063 
430.999023 155.699997 0.490571 0.894483 
430.999023 156.599991 0.492627 0.939687 
430.999023 157.500000 0.497480 0.980752 
430.999023 158.399994 0.503054 1.017740 
430.999023 159.300003 0.508611 1.050702 
430.999023 160.199997 0.513830 1.079686 
430.999023 161.099991 0.518614 1.104736 
430.999023 162.000000 0.522828 1.125891 
430.999023 162.899994 0.526394 1.143185 
430.999023 163.800003 0.529244 1.156649 
430.999023 164.699997 0.531370 1.166306 
430.999023 165.599991 0.532667 1.172174 
430.999023 166.500000 0.533133 1.174264 
430.999023 167.399994 0.532758 1.172579 
430.999023 168.300003 0.531562 1.167116 
430.999023 169.199997 0.529556 1.157866 
430.999023 170.099991 0.526766 1.144812 
430.999023 171.000000 0.523257 1.127931 
430.999023 171.899994 0.519120 1.107192 
430.999023 172.799988 0.514400 1.082561 
430.999023 173.699997 0.509208 1.054001 
430.999023 174.599991 0.503695 1.021467 
430.999023 175.500000 0.498186 0.984912 
430.999023 176.399994 0.493427 0.944283 
430.999023 177.299988 0.491558 0.899521 
430.999023 178.199997 0.498984 0.850547 
430.999023 179.099991 0.535301 0.797225 
430.999023 180.000000 0.660644 0.739249 
430.999023 180.899994 1.052823 0.675860 
430.999023 181.799988 2.161435 0.605750 
430.999023 182.699997 4.549011 0.532300 
430.999023 183.599991 6.452341 0.492516 
430.999023 184.500000 4.143569 0.539008 
430.999023 185.399994 1.927639 0.609943 
430.999023 186.299988 0.963465 0.675820 
430.999023 187.199997 0.629693 0.735079 
430.999023 188.099991 0.524090 0.789050 
430.999023 189.000000 0.493889 0.838411 
430.999023 189.899994 0.488030 0.883430 
430.999023 190.799988 0.489910 0.924225 
430.999023 191.699997 0.494127 0.960865 
430.999023 192.599991 0.498851 0.993402 
430.999023 193.500000 0.503442 1.021881 
430.999023 194.399994 0.507644 1.046340 
430.999023 195.299988 0.511309 1.066815 
430.999023 196.199997 0.514361 1.083335 
430.999023 197.099991 0.516772 1.095927 
430.999023 198.000000 0.518458 1.104609 
430.999023 198.899994 0.519388 1.109395 
430.999023 199.799988 0.519580 1.110293 
430.999023 200.699997 0.519010 1.107303 
430.999023 201.599991 0.517670 1.100420 
430.999023 202.500000 0.515607 1.089634 
430.999023 203.399994 0.512850 1.074926 
430.999023 204.299988 0.509454 1.056274 
430.999023 205.199997 0.505520 1.033648 
430.999023 206.099991 0.501151 1.007015 
430.999023 207.000000 0.496599 0.976337 
430.999023 207.899994 0.492498 0.941571 
430.999023 208.799988 0.490588 0.902665 
430.999023 209.699997 0.496054 0.859552 
430.999023 210.599991 0.524769 0.812120 
430.999023 211.500000 0.625453 0.760117 
430.999023 212.399994 0.943524 0.702918 
430.999023 213.299988 1.860646 0.639318 
430.999023 214.199997 3.957474 0.571034 
430.999023 215.099991 6.057728 0.526941 
430.999023 216.000000 4.074352 0.564697 
430.999023 216.899994 1.929806 0.628706 
430.999023 217.799988 0.969962 0.688240 
430.999023 218.699997 0.633042 0.741242 
430.999023 219.599991 0.525054 0.788965 
430.999023 220.500000 0.493323 0.832075 
430.999023 221.399994 0.486274 0.870838 
430.999023 222.299988 0.487055 0.905364 
430.999023 223.199997 0.490133 0.935718 
430.999023 224.099991 0.493669 0.961942 
430.999023 225.000000 0.496997 0.984072 
430.999023 225.899994 0.499867 1.002137 
430.999023 226.799988 0.502180 1.016162 
430.999023 227.699997 0.503857 1.026164 
430.999023 228.599991 0.504900 1.032161 
430.999023 229.500000 0.505250 1.034159 
