230.999008 0.000000 0.505986 1.038103 
230.999008 0.900000 0.505634 1.036106 
230.999008 1.800000 0.504596 1.030114 
230.999008 2.700000 0.502896 1.020116 
230.999008 3.600000 0.500562 1.006101 
230.999008 4.500000 0.497658 0.988049 
230.999008 5.400000 0.494289 0.965933 
230.999008 6.300000 0.490660 0.939725 
230.999008 7.200000 0.487315 0.909389 
230.999008 8.099999 0.485823 0.874884 
230.999008 9.000000 0.490823 0.836150 
230.999008 9.900000 0.516490 0.793086 
230.999008 10.799999 0.606485 0.745462 
230.999008 11.700000 0.891985 0.692693 
230.999008 12.599999 1.725892 0.633554 
230.999008 13.500000 3.712702 0.568737 
230.999008 14.400000 6.063366 0.522203 
230.999008 15.299999 4.447189 0.556347 
230.999008 16.199999 2.147498 0.625303 
230.999008 17.100000 1.053775 0.691524 
230.999008 18.000000 0.662752 0.751163 
230.999008 18.900000 0.536751 0.805423 
230.999008 19.799999 0.499738 0.855041 
230.999008 20.699999 0.491688 0.900315 
230.999008 21.599998 0.492947 0.941378 
230.999008 22.500000 0.497073 0.978305 
230.999008 23.400000 0.501891 1.011149 
230.999008 24.299999 0.506644 1.039958 
230.999008 25.199999 0.511015 1.064773 
230.999008 26.099998 0.514858 1.085631 
230.999008 27.000000 0.518112 1.102564 
230.999008 27.900000 0.520670 1.115599 
230.999008 28.799999 0.522504 1.124757 
230.999008 29.699999 0.523589 1.130054 
230.999008 30.599998 0.523857 1.131499 
230.999008 31.500000 0.523356 1.129093 
230.999008 32.399998 0.522108 1.122832 
230.999008 33.299999 0.520091 1.112706 
230.999008 34.200001 0.517351 1.098698 
230.999008 35.099998 0.513968 1.080786 
230.999008 36.000000 0.509957 1.058943 
230.999008 36.899998 0.505415 1.033134 
230.999008 37.799999 0.500503 1.003324 
230.999008 38.700001 0.495452 0.969469 
230.999008 39.599998 0.490907 0.931523 
230.999008 40.500000 0.488574 0.889431 
230.999008 41.399998 0.493558 0.843124 
230.999008 42.299999 0.521547 0.792485 
230.999008 43.199997 0.620910 0.737256 
230.999008 44.099998 0.937013 0.676788 
230.999008 45.000000 1.858277 0.609752 
230.999008 45.899998 4.024978 0.537197 
230.999008 46.799999 6.495399 0.486084 
230.999008 47.699997 4.841323 0.520735 
230.999008 48.599998 2.334458 0.595050 
230.999008 49.500000 1.119073 0.667266 
230.999008 50.399998 0.682773 0.732657 
230.999008 51.299999 0.542303 0.792519 
230.999008 52.199997 0.501145 0.847681 
230.999008 53.099998 0.492287 0.898479 
230.999008 54.000000 0.493860 0.945058 
230.999008 54.899998 0.498741 0.987504 
230.999008 55.799999 0.504540 1.025880 
230.999008 56.699997 0.510390 1.060241 
230.999008 57.599998 0.515957 1.090636 
230.999008 58.500000 0.521119 1.117115 
230.999008 59.399998 0.525737 1.139718 
230.999008 60.299999 0.529728 1.158485 
230.999008 61.199997 0.533014 1.173449 
230.999008 62.099998 0.535550 1.184636 
230.999008 63.000000 0.537266 1.192068 
230.999008 63.899998 0.538135 1.195759 
230.999008 64.799995 0.538124 1.195717 
230.999008 65.699997 0.537221 1.191940 
230.999008 66.599998 0.535476 1.184422 
230.999008 67.500000 0.532914 1.173148 
230.999008 68.400002 0.529627 1.158099 
230.999008 69.299995 0.525616 1.139244 
230.999008 70.199997 0.520976 1.116551 
230.999008 71.099998 0.515805 1.089982 
230.999008 72.000000 0.510219 1.059494 
230.999008 72.900002 0.504360 1.025041 
230.999008 73.799995 0.498552 0.986571 
230.999008 74.699997 0.493638 0.944030 
230.999008 75.599998 0.491953 0.897354 
230.999008 76.500000 0.500514 0.846459 
230.999008 77.400002 0.540710 0.791201 
230.999008 78.299995 0.678303 0.731248 
230.999008 79.199997 1.106621 0.665779 
230.999008 80.099998 2.304656 0.593472 
230.999008 81.000000 4.805734 0.518695 
230.999008 81.900002 6.560989 0.482201 
230.999008 82.799995 4.128965 0.532640 
230.999008 83.699997 1.909693 0.606298 
230.999008 84.599998 0.955646 0.674665 
230.999008 85.500000 0.627129 0.736416 
230.999008 86.399994 0.523689 0.792893 
230.999008 87.299995 0.494487 0.844769 
230.999008 88.199997 0.489243 0.892310 
230.999008 89.099998 0.491647 0.935637 
230.999008 90.000000 0.496373 0.974822 
230.999008 90.899994 0.501641 1.009922 
230.999008 91.799995 0.506823 1.040984 
230.999008 92.699997 0.511607 1.068053 
230.999008 93.599998 0.515896 1.091171 
230.999008 94.500000 0.519590 1.110371 
230.999008 95.399994 0.522656 1.125686 
230.999008 96.299995 0.524998 1.137139 
230.999008 97.199997 0.526613 1.144753 
230.999008 98.099998 0.527407 1.148539 
230.999008 99.000000 0.527410 1.148504 
230.999008 99.899994 0.526593 1.144649 
230.999008 100.799995 0.524989 1.136967 
230.999008 101.699997 0.522622 1.125445 
230.999008 102.599998 0.519530 1.110065 
230.999008 103.500000 0.515811 1.090800 
230.999008 104.399994 0.511505 1.067620 
230.999008 105.299995 0.506676 1.040490 
230.999008 106.199997 0.501509 1.009368 
230.999008 107.099998 0.496294 0.974210 
230.999008 108.000000 0.491658 0.934968 
230.999008 108.899994 0.489535 0.891583 
230.999008 109.799995 0.495591 0.843981 
230.999008 110.699997 0.527234 0.792038 
230.999008 111.599998 0.638096 0.735473 
230.999008 112.500000 0.988243 0.673583 
230.999008 113.399994 1.996105 0.605017 
230.999008 114.299995 4.282511 0.531728 
230.999008 115.199997 6.551981 0.485192 
230.999008 116.099998 4.558374 0.526273 
230.999008 117.000000 2.156497 0.600265 
230.999008 117.899994 1.049554 0.670668 
230.999008 118.799995 0.658986 0.734307 
230.999008 119.699997 0.534295 0.792523 
230.999008 120.599998 0.498225 0.846080 
230.999008 121.500000 0.490885 0.895285 
230.999008 122.399994 0.492793 0.940273 
230.999008 123.299995 0.497573 0.981122 
230.999008 124.199997 0.503102 1.017893 
230.999008 125.099998 0.508598 1.050638 
230.999008 126.000000 0.513782 1.079404 
230.999008 126.899994 0.518517 1.104236 
230.999008 127.799995 0.522680 1.125172 
230.999008 128.699997 0.526203 1.142247 
230.999008 129.599991 0.529003 1.155489 
230.999008 130.500000 0.531059 1.164923 
230.999008 131.399994 0.532294 1.170565 
230.999008 132.300003 0.532715 1.172425 
230.999008 133.199997 0.532287 1.170506 
230.999008 134.099991 0.531030 1.164807 
230.999008 135.000000 0.528951 1.155316 
230.999008 135.899994 0.526148 1.142016 
230.999008 136.800003 0.522620 1.124883 
230.999008 137.699997 0.518463 1.103889 
230.999008 138.599991 0.513722 1.079001 
230.999008 139.500000 0.508515 1.050177 
230.999008 140.399994 0.502984 1.017377 
230.999008 141.300003 0.497405 0.980551 
230.999008 142.199997 0.492478 0.939647 
230.999008 143.099991 0.490144 0.894607 
230.999008 144.000000 0.496196 0.845353 
230.999008 144.899994 0.528346 0.791757 
230.999008 145.800003 0.641262 0.733533 
230.999008 146.699997 0.998108 0.669963 
230.999008 147.599991 2.024847 0.599675 
230.999008 148.500000 4.349299 0.524705 
230.999008 149.399994 6.652508 0.477071 
230.999008 150.300003 4.672173 0.518070 
230.999008 151.199997 2.213289 0.593596 
230.999008 152.099991 1.070125 0.665785 
230.999008 153.000000 0.665678 0.731151 
230.999008 153.899994 0.536474 0.791054 
230.999008 154.800003 0.499071 0.846284 
230.999008 155.699997 0.491465 0.897157 
230.999008 156.599991 0.493457 0.943814 
230.999008 157.500000 0.498475 0.986338 
230.999008 158.399994 0.504310 1.024789 
230.999008 159.300003 0.510203 1.059223 
230.999008 160.199997 0.515812 1.089692 
230.999008 161.099991 0.520982 1.116241 
230.999008 162.000000 0.525597 1.138914 
230.999008 162.899994 0.529584 1.157749 
230.999008 163.800003 0.532869 1.172779 
230.999008 164.699997 0.535412 1.184032 
230.999008 165.599991 0.537134 1.191528 
230.999008 166.500000 0.537990 1.195283 
230.999008 167.399994 0.537990 1.195304 
230.999008 168.300003 0.537119 1.191589 
230.999008 169.199997 0.535427 1.184133 
230.999008 170.099991 0.532914 1.172921 
230.999008 171.000000 0.529627 1.157931 
230.999008 171.899994 0.525630 1.139136 
230.999008 172.799988 0.521004 1.116505 
230.999008 173.699997 0.515848 1.089999 
230.999008 174.599991 0.510257 1.059573 
230.999008 175.500000 0.504419 1.025182 
230.999008 176.399994 0.498705 0.986775 
230.999008 177.299988 0.493997 0.944297 
230.999008 178.199997 0.492896 0.897683 
230.999008 179.099991 0.503185 0.846846 
230.999008 180.000000 0.548711 0.791632 
230.999008 180.899994 0.702228 0.731683 
230.999008 181.799988 1.175384 0.666125 
230.999008 182.699997 2.473181 0.593744 
230.999008 183.599991 5.029122 0.520723 
230.999008 184.500000 6.339531 0.492819 
230.999008 185.399994 3.764899 0.547017 
230.999008 186.299988 1.731713 0.618170 
230.999008 187.199997 0.891625 0.683303 
230.999008 188.099991 0.606139 0.742007 
230.999008 189.000000 0.516905 0.795556 
230.999008 189.899994 0.492068 0.844547 
230.999008 190.799988 0.487962 0.889217 
230.999008 191.699997 0.490420 0.929675 
230.999008 192.599991 0.494816 0.965985 
230.999008 193.500000 0.499586 0.998200 
230.999008 194.399994 0.504176 1.026363 
230.999008 195.299988 0.508344 1.050515 
230.999008 196.199997 0.511980 1.070690 
230.999008 197.099991 0.514988 1.086919 
230.999008 198.000000 0.517356 1.099229 
230.999008 198.899994 0.518999 1.107637 
230.999008 199.799988 0.519916 1.112158 
230.999008 200.699997 0.520061 1.112796 
230.999008 201.599991 0.519415 1.109555 
230.999008 202.500000 0.518012 1.102428 
230.999008 203.399994 0.515884 1.091403 
230.999008 204.299988 0.513087 1.076462 
230.999008 205.199997 0.509662 1.057583 
230.999008 206.099991 0.505706 1.034737 
230.999008 207.000000 0.501338 1.007889 
230.999008 207.899994 0.496882 0.977001 
230.999008 208.799988 0.493138 0.942029 
230.999008 209.699997 0.492366 0.902922 
230.999008 210.599991 0.501275 0.859605 
230.999008 211.500000 0.540257 0.811947 
230.999008 212.399994 0.671222 0.759645 
230.999008 213.299988 1.074126 0.701961 
230.999008 214.199997 2.186181 0.637788 
230.999008 215.099991 4.447565 0.571742 
230.999008 216.000000 5.776716 0.542970 
230.999008 216.899994 3.415457 0.589794 
230.999008 217.799988 1.592547 0.650777 
230.999008 218.699997 0.845756 0.705783 
230.999008 219.599991 0.591850 0.754606 
230.999008 220.500000 0.512008 0.798382 
230.999008 221.399994 0.489298 0.837632 
230.999008 222.299988 0.484910 0.872564 
230.999008 223.199997 0.486203 0.903266 
230.999008 224.099991 0.489065 0.929792 
230.999008 225.000000 0.492097 0.952178 
230.999008 225.899994 0.494814 0.970454 
230.999008 226.799988 0.497024 0.984643 
230.999008 227.699997 0.498641 0.994765 
230.999008 228.599991 0.499632 1.000832 
230.999008 229.500000 0.499957 1.002854 
